CHESS/sk/geo/sk.aspect
ncols         140
nrows         157
xllcorner     776985.03882
yllcorner     2618396.05334
cellsize      250
NODATA_value  -9999
[rows 58 to 86 of 157, columns 65 to 129 of 140]
234.9042 159.404 166.9307 244.3087 275.3145 273.5583 302.8848 6.57517 47.85449 40.92554 348.4994 354.8479 130.02 144.121 137.942 131.858 140.5473 167.9052 154.3391 136.1652 129.1844 113.3109 104.1843 125.0738 285.6422 306.3268 275.9315 255.0294 228.2777 156.8664 104.9191 110.7508 176.0091 235.6698 273.2079 280.4401 270.9354 163.0725 144.8939 202.3801 158.7152 147.4161 175.9528 191.5792 186.9035 231.2258 268.8983 65.87902 68.16534 55.13575 44.45434 23.96249 222.6141 119.3806 102.6927 307.6476 307.875 136.9415 155.0561 220.4057 248.3072 255.8885 250.891 225.3293 194.1026
149.4476 150.7765 209.6237 262.8929 262.5497 245.2614 233.1301 214.0987 82.03039 42.49838 359.4093 97.04204 115.3139 134.1375 143.7074 142.7086 150.4972 167.074 145.1942 136.3119 157.1095 155.1707 106.1328 141.1702 266.5761 292.0679 268.6028 224.1118 195.3537 180.6366 150.4948 128.7516 167.7352 280.5208 287.5752 282.1714 262.2522 141.7098 150.2221 179.7613 163.0245 144.9567 179.5131 197.049 205.9667 236.5138 246.0375 90.97102 73.30076 79.44613 101.1854 141.7098 228.1798 69.0755 14.50017 338.2526 3.6745 25.07442 28.16833 27.34988 256.4487 251.9958 220.5251 189.4053 204.8205
148.4602 164.6339 243.6075 259.9194 257.8235 249.3105 235.5961 205.9605 157.4054 155.7722 149.4568 131.5949 127.3667 129.44 135.1721 144.3447 154.44 169.0533 140.1521 92.48956 112.6199 185.0424 120.2308 168.6901 241.0908 240.3128 226.4688 175.9144 175.3013 176.9552 164.9696 164.9987 268.3634 287.9976 286.6609 268.7939 229.4608 124.2573 130.8091 165.6114 154.4185 130.5787 161.2502 204.6085 231.4993 245.505 227.3718 175.7026 128.211 107.4364 99.46232 121.9081 216.0851 276.5819 330.1358 346.5782 27.96223 45.74406 65.50498 93.27048 254.4664 246.6148 205.1386 174.3039 203.6023
164.7449 298.3499 302.2467 289.2252 284.4929 269.3704 222.1216 183.2344 171.9643 168.8158 150.8594 133.4846 129.9926 134.303 141.619 150.6841 152.6365 174.7557 194.7036 111.8014 114.5277 173.2902 112.8548 164.7449 240.8519 229.3987 217.6004 145.3048 104.0362 132.9904 141.7536 214.2611 263.837 261.5351 232.2143 215.9097 198.8897 137.4717 134.2258 147.4074 123.5663 114.7751 130.486 237.7396 242.6255 225.2138 210.111 184.9979 145.4796 123.1323 80.9285 63.19917 278.1301 279.7824 299.3992 40.6013 116.0194 163.5176 149.4524 133.7897 242.0601 227.9903 192.7632 180.7639 234.1352
281.3099 309.7909 326.825 317.7758 301.0283 255.4655 166.7184 165.8867 168.7518 159.4107 140.2096 120.2346 111.8014 115.0169 127.4701 137.3469 138.0665 188.4711 199.5638 145.5915 136.8882 186.3402 46.59114 41.87787 262.9987 230.3558 222.3974 218.2338 116.565 117.1811 358.727 327.9178 291.8686 230.1364 205.9065 214.9194 207.646 146.7683 162.7585 171.5289 152.3005 138.8937 147.0948 243.7334 217.9265 216.0694 225.7345 214.8907 129.6678 113.0704 132.6627 99.19666 90 276.3402 287.1835 61.14434 83.90112 106.9275 145.9886 145.2222 233.8204 228.0941 246.7177 302.9977 300.2824
283.9457 286.7209 293.3477 293.5523 286.0977 129.144 121.5742 146.489 151.1645 141.1466 129.1162 119.1915 113.5358 109.179 105.3169 105.0184 109.9325 193.7363 164.31 147.0426 142.5238 213.9965 241.1892 93.21548 241.3895 236.9761 212.2425 226.8476 134.2655 138.3665 283.9457 318.7723 357.8789 191.0235 216.1193 225.2781 207.1718 156.584 158.5594 171.5202 163.5231 137.224 153.7587 231.5627 202.6199 233.9938 242.9838 240.742 282.7244 41.11209 38.44305 75.49983 125.2176 248.2823 239.3003 135.4035 102.0149 90.2502 81.8699 327.5288 244.29 246.5519 255.7355 257.7995 264.1899
264.9576 245.0911 216.4692 215.3217 210.3432 161.565 124.2673 132.217 145.5161 139.2105 115.0597 106.298 102.3131 101.8118 111.9296 118.4742 93.36646 73.17859 122.6609 162.1213 141.9112 199.1336 200.3441 144.0903 211.6755 228.4682 194.9314 240.0378 132.3974 163.3008 257.5926 199.44 164.6591 168.6901 197.7648 206.4603 196.7166 176.0995 152.133 162.0309 183.9725 163.4429 156.9745 246.6891 271.3019 257.8286 228.1995 230.1022 242.6182 73.17859 79.69515 83.75163 85.48602 215.9982 211.2534 184.1223 95.23954 83.37923 56.51383 337.567 347.7352 342.8973 221.0275 204.0442 226.544
320.636 237.2914 202.9744 199.8804 192.0337 183.4274 168.3326 152.6156 164.3272 153.5603 114.9661 94.6001 87.87891 90.64861 99.16235 110.6235 247.8336 60.75117 50.64055 352.614 26.09542 58.67131 164.2488 161.565 246.8014 199.9831 203.7495 210.6997 146.9761 229.6355 254.8142 173.9559 179.3562 191.6115 164.4275 188.1301 209.9951 208.6861 152.2815 118.6861 164.7449 176.0353 193.5704 264.0939 247.3801 188.2971 214.8753 234.3236 233.1301 182.0989 140.3392 106.9275 95.10217 138.6329 231.399 279.0982 28.83097 56.8772 30.15455 314.2043 309.5597 23.4774 70.16787 196.336 229.4645
11.30993 5.194429 51.41879 158.3721 181.2683 187.2143 179.8146 171.3774 191.2404 164.2055 142.4069 111.2974 73.31635 59.29033 54.81352 59.2811 169.992 163.6105 60.9454 338.9625 47.96094 67.05106 90 227.6026 205.71 181.6366 231.9112 171.1582 167.9052 276.6667 252.0721 213.1113 26.56505 174.4725 188.9726 317.4896 312.2298 298.0092 137.2906 133.0585 140.2901 186.6325 247.249 241.7626 193.9348 186.1592 254.5537 274.1276 250.6837 202.7241 190.3048 89.09062 105.8141 133.0251 266.1465 277.8997 55.37584 88.45184 121.1713 185.2418 190.8099 180.9036 151.4293 158.3852 209.9667
13.10591 25.23053 49.41171 74.81799 122.6278 172.8157 182.0411 190.1429 198.5235 171.5674 166.0622 218.0657 50.25781 44.55585 51.49353 62.96914 78.02386 154.359 203.587 202.9638 130.0303 88.23761 88.06941 225 180 221.8202 256.3287 352.875 322.386 315 243.435 244.7468 180 95.52754 253.0725 260.0958 250.9065 219.8056 116.0754 111.9296 128.991 309.0531 318.5763 343.8557 71.56505 292.7824 297.288 311.236 314.0906 219.9576 218.2902 138.0128 101.5138 90 287.3116 284.289 92.84214 97.9175 108.1492 151.3269 177.3575 202.8197 214.2611 341.5651 29.0546
198.435 81.79279 69.58157 67.88443 64.55566 58.37444 59.03624 207.2287 184.2142 177.5372 193.2514 228.8879 199.9831 73.81079 71.45529 74.43849 65.89777 51.22583 130.2364 210.3791 200.6954 95.55994 88.15239 90 315 295.1448 318.1364 342.1351 341.9166 60.9454 147.2005 219.9869 196.0736 251.565 332.4472 290.2249 226.3972 219.6442 122.9885 101.7683 322.1935 329.9148 345.4786 11.39876 22.31944 315.5787 272.4896 257.6995 230.4403 105.2551 209.7449 176.0091 81.15819 62.24146 257.0054 231.9968 145.9722 102.4371 64.44003 48.63295 58.82865 263.7844 277.6605 318.4474 59.97288
206.3154 163.2016 106.4293 84.97741 56.61446 19.2972 11.50699 15.9454 47.72631 109.7989 199.4703 211.9569 203.4005 160.3821 97.8064 72.81042 46.16124 45.50703 72.93714 169.5085 202.1263 131.3086 92.41951 333.4349 348.6901 327.3808 312.2073 325.6197 117.2553 103.6713 23.19859 323.9306 332.0302 347.9279 356.8452 29.52136 351.2538 205.821 126.8699 259.992 289.44 304.2157 349.0459 8.350753 16.02392 16.15734 281.149 246.584 250.0836 334.9831 4.398705 328.8697 56.14899 100.6849 201.3568 194.6302 172.6096 162.2287 144.0748 127.0672 121.7595 195.3501 215.7334 194.2159 156.0727
208.2355 186.0725 148.1548 122.6335 75.78415 358.9584 23.13142 58.68646 83.14488 106.1134 168.2433 199.5136 209.8022 188.9149 154.46 99.75243 76.7236 94.24845 104.8586 127.875 212.125 152.354 82.87498 296.5651 271.8476 211.866 197.4748 180.7957 169.5923 282.875 346.5618 333.4349 317.153 4.474896 49.23639 96.04409 131.1859 161.565 170.8376 278.6955 268.0585 253.5176 239.7436 206.565 74.74488 55.97224 337.3481 314.3905 257.2756 206.565 245.0952 260.3625 110.1517 107.7136 155.8545 196.1573 176.8452 178.7636 169.9145 160.4633 139.2892 113.8753 209.2488 217.0304 119.0546
174.5685 185.9925 179.6049 171.4309 164.1481 170.4457 145.5847 135.8098 121.1972 114.9797 147.6136 210.2346 231.4993 191.8071 170.698 171.0933 145.8139 123.6901 108.9465 125.9097 202.3801 180 214.6952 172.5686 187.5947 176.5664 202.5573 261.3843 313.9584 298.4127 311.0091 283.4957 225 171.0274 135 111.3706 116.2587 136.0809 258.0707 287.1619 277.3264 255.9022 215.8886 172.25 195.611 158.1986 302.5741 316.7357 92.57915 173.0888 219.5226 185.7106 107.354 73.63216 71.17529 200.556 154.7468 164.5388 171.4692 253.6105 321.7098 25.97439 338.2995 331.2164 0.9853339
89.84303 158.2758 193.0739 211.3925 195.3763 142.1885 149.7323 136.24 118.5596 97.51015 109.406 227.9357 224.5937 177.5372 159.9957 167.7352 168.808 145.5392 109.179 117.3499 187.4314 198.435 190.3048 90 20.22486 334.9831 309.9576 319.8135 325.4375 331.5349 195.2551 207.4744 166.293 170.4634 171.4444 135.8425 119.5778 40.91438 298.2443 289.29 279.0276 261.9829 185.8696 197.6501 285.124 341.1616 276.8428 200.9558 124.1013 154.1336 231.8269 248.7204 344.1975 48.99091 69.38637 78.17851 135 135 -1 265.7636 291.3706 322.386 323.3326 316.5074 341.7938
105.4913 116.565 174.3641 216.6071 189.3314 145.6985 158.9625 141.9811 140.4119 122.1957 100.384 230.5275 206.8781 168.9117 164.7449 171.4692 170.2176 160.1448 139.2892 104.0362 270 225 304.1145 342.8241 40.23636 305.789 292.3062 284.7887 301.4462 49.14462 117.1811 208.6105 138.5763 122.7352 166.9081 159.0343 176.8202 311.4237 307.875 320.6595 323.7462 243.8532 190.6197 288.9704 279.0476 156.8014 151.0664 172.3902 148.6632 178.9191 253.0725 267.668 284.9103 87.70939 92.29061 91.63657 90 -1 315 312.6627 330.0089 320.0796 313.9993 322.4635 323.5791
108.0074 101.4588 101.1695 208.628 188.1301 165.7974 167.0501 136.1935 126.9217 133.6468 117.8015 170.2176 198.9704 148.7608 175.6013 210.3236 162.646 126.2538 162.8973 135 270 315 281.3099 316.7357 48.50353 306.573 248.8059 255.3791 253.4602 108.7498 101.9761 220.1355 165.5297 131.1345 149.6764 311.6335 317.386 305.8698 264.9709 260.3803 161.565 198.435 275.1944 262.875 189.0132 162.0186 152.3762 158.9077 152.049 235.4599 262.6262 268.2773 225 115.4193 112.2132 122.0054 116.565 323.1301 315 314.5226 337.3801 338.6432 315.6313 334.0725 348.7917
80.36246 56.9969 53.93956 89.66882 167.5567 198.2979 184.4512 137.237 124.4608 120.7932 109.7989 66.03751 140.1944 152.354 135 246.2505 186.8428 124.2157 135 -1 270 296.5651 248.5523 240.2551 24.44395 45 207.4744 231.8924 230.9645 160.4633 84.95755 148.4957 161.565 145.751 235.6197 298.8557 319.514 213.6901 260.3803 268.7078 324.211 5.630683 272.2906 200.0372 149.1534 155.4099 167.6722 176.0995 236.3099 290.1196 265.6013 235.3048 176.7223 115.5724 83.991 359.1048 0.7538483 343.5707 317.3021 308.3749 335.3293 350.5793 313.9971 327.45 24.37012
118.504 123.9298 90.59066 81.53711 93.43363 214.7432 197.8076 142.7652 140.5722 34.2157 347.2425 29.5115 29.18081 15.64225 45 225 180 135 -1 -1 225 274.3987 286.1892 274.2679 271.9749 79.11447 4.763642 275.4403 246.3179 201.5713 124.2157 120.7355 133.4089 14.03624 300.4998 262.9542 158.1986 239.3493 290.4445 301.8425 253.1786 156.4477 157.0679 201.1941 98.1301 102.0948 171.8699 255.5792 304.3803 321.7757 349.6952 195.1135 192.2953 50.47737 355.4908 350.2343 6.558356 355.8724 328.0097 304.8282 319.7998 347.3089 328.3045 336.9515 61.78264
150.5241 164.8422 154.7595 130.9804 104.7197 199.7223 218.9458 119.3205 327.7244 331.294 2.862405 83.08878 54.21103 26.56505 39.80557 29.74488 45 -1 315 347.0054 24.44395 273.8141 289.0577 302.4712 161.565 116.565 326.3099 354.8056 226.7357 175.2364 170.2564 102.8043 73.44293 282.2648 270 202.6199 188.7462 288.9582 269.5937 203.1986 187.9696 185.0636 159.444 190.7131 129.5962 109.359 321.3402 285.3409 278.8264 259.6952 114.7174 49.3987 298.3008 315.8615 324.2461 333.3729 10.76047 4.606298 333.9818 310.4426 309.7347 333.2873 342.1693 10.15065 51.47612
160.0604 163.5024 160.3331 158.8708 139.6045 213.6901 260.3948 84.80557 276.7098 266.9872 94.3987 67.47943 61.18921 91.7357 100.7131 90 90 -1 302.1957 347.4712 26.56505 329.9314 303.3664 321.953 76.2184 165.9638 208.3008 177.5105 152.354 135 217.1847 172.875 130.7108 260.1664 305.9605 4.028264 325.1247 281.1215 221.0091 187.0458 199.2593 200.3764 185.856 162.3499 139.3987 130.7636 235.4915 246.5014 233.9454 191.8887 231.8428 325.3487 331.5349 297.2553 279.082 293.1063 6.505627 18.16596 324.8135 291.7339 282.6086 291.5466 332.7447 34.42648 62.1141
166.0188 164.5388 151.8438 151.3139 162.7585 288.4349 265.6013 126.8699 260.1342 266.8779 15.9454 23.19859 54.13018 90 136.5482 150.2551 135 344.7449 281.8887 300.0686 7.696052 325.6849 307.7468 135 118.1132 182.2906 171.8699 162.8973 165.9638 128.991 212.2757 193.4957 315 292.4427 297.0506 6.115504 334.29 266.1859 158.1986 162.512 227.4195 253.7398 125.5377 145.8403 133.6361 348.6901 323.1301 318.3019 270.9094 257.8286 292.0831 309.5445 0 320.9061 294.0644 302.5773 350.4596 12.20047 352.4215 275.5853 268.4855 280.8786 327.4751 96.21564 105.4661
189.0395 152.2415 121.7595 156.8014 305.6901 324.9262 288.4349 298.8108 333.8861 268.0251 174.0355 162.4076 135 119.7449 109.5367 315 324.7824 357.5104 6.340192 229.3987 287.1027 317.8624 149.0362 151.7826 141.8817 205.9744 167.9052 121.373 173.1572 135 315 291.5014 304.1597 296.5651 250.5139 173.4537 181.273 228.4336 151.5044 163.1786 278.6157 290.2249 118.4652 159.9048 332.354 323.7462 316.5482 337.0679 344.6667 332.2815 296.5651 301.5588 32.30042 315 288.5138 298.1013 340.7829 13.72944 33.44677 303.1785 284.5966 290.8127 16.20902 88.13738 98.20235
255.0184 348.6901 73.44293 282.2648 258.959 268.2643 338.7495 298.3008 153.435 149.8455 173.3865 174.629 146.9293 142.4959 129.2894 284.0363 282.5288 114.444 95.19443 298.3008 278.1301 173.047 135.8185 151.3139 141.7098 189.4623 180 135 -1 -1 270 252.646 232.4314 228.0128 209.4759 186.3402 225 193.3925 150.9454 251.565 269.2361 145.5392 129.9576 230.1944 279.7824 259.6952 267.3736 306.3843 344.7874 349.5923 309.3485 274.2679 148.8514 254.3578 259.8907 254.5196 241.2739 122.074 108.6247 275.7334 277.1008 281.443 60.21633 76.09731 52.8777
272.6425 231.7098 95.63068 174.8056 261.8699 279.7276 296.5651 180 148.6504 130.4261 171.5289 186.6325 138.0128 90 90 246.8014 205.2011 174.8056 270 271.6366 196.2602 155.556 149.0362 166.6075 180 135 -1 -1 -1 -1 225 225 202.8336 214.6111 197.6501 186.3402 202.3801 175.6013 173.3675 248.334 248.1142 133.3865 110.2976 278.427 272.0454 198.435 270 270.924 284.7968 323.3659 221.0548 155.7169 172.0516 216.4209 224.6255 223.7143 212.8615 166.8122 149.1255 242.0674 260.4361 265.2939 39.28941 44.64849 24.07957
223.1524 187.5947 140.5722 270 282.6526 266.8779 142.125 156.6309 155.7256 87.1376 57.09476 239.0362 188.1301 135 135 225 180 253.3008 225 176.1859 170.2176 137.3859 135 -1 -1 -1 -1 -1 -1 -1 -1 225 180 218.6598 195.6422 183.3665 198.0343 187.7921 188.3257 215.2934 203.4986 161.7961 186.789 249.1022 243.8532 249.444 240.2551 227.944 203.1986 182.9038 171.9829 157.1779 179.5626 222.2361 224.0331 228.9909 232.8917 186.3944 183.106 271.1624 267.5824 269.2702 328.1981 31.3681 55.94081
192.0948 178.2643 172.5686 277.4314 288.1219 328.6713 62.81889 80.21759 186.3402 147.9946 96.84277 225 180 135 -1 -1 -1 225 180 135 -1 -1 -1 -1 -1 -1 -1 -1 -1 -1 -1 -1 -1 -1 -1 -1 225 201.3706 196.6992 213.2317 199.9164 171.2538 235.5392 237.3625 218.0657 194.8084 198.0605 213.7941 201.8572 185.1944 176.0818 189.211 259.5923 288.7334 289.6356 269.5304 230.9149 203.1428 276.6993 306.4444 303.5333 286.4613 293.9455 91.13442 112.3801
315 343.1786 10.7843 280.8403 258.4862 242.8787 70.9423 65.35323 81.38435 180 135 -1 -1 -1 -1 -1 -1 -1 -1 -1 -1 -1 -1 -1 -1 -1 -1 -1 -1 -1 315 321.7098 327.6086 347.3474 4.085617 356.6335 1.250801 25.34618 41.98721 271.9749 274.7636 281.3099 267.5104 252.1811 223.727 197.9044 204.7174 222.9904 223.9584 226.4321 246.3706 267.8789 265.8554 267.9975 271.3447 269.6206 251.2413 266.8779 274.8334 277.0101 287.589 291.8735 320.1944 87.90984 89.92162
335.8545 349.4608 24.82935 26.56505 217.0107 199.8321 177.3736 132.1376 106.9275 -1 -1 -1 -1 -1 -1 -1 -1 -1 -1 -1 -1 -1 -1 -1 -1 315 322.4314 1.27303 34.69515 344.7449 321.789 327.6927 323.6576 339.9439 5.00914 357.9758 10.28013 50.85006 69.08746 239.9314 220.0303 242.5256 266.9872 240.6422 225 259.8245 302.4712 316.0809 312.2298 320.5275 326.3099 327.2005 327.5288 281.5138 252.7185 254.0546 295.5139 306.2685 297.8763 278.9017 269.6102 277.2831 345.0544 58.72804 67.72487
