CHESS/sk/geo/sk.aspect
ncols         140
nrows         157
xllcorner     776985.03882
yllcorner     2618396.05334
cellsize      250
NODATA_value  -9999
[rows 87 to 115 of 157, columns 65 to 129 of 140]
356.0965 13.20109 25.11484 24.77514 19.23067 3.012788 194.5345 139.0856 117.646 -1 -1 -1 -1 -1 -1 -1 -1 -1 -1 315 333.4349 1.636577 28.61046 45 315 330.4885 336.9339 2.29061 28.94578 358.4792 323.8806 322.9768 299.7665 306.1871 9.398233 22.52057 69.8913 87.4105 87.39744 191.3099 246.8014 276.5819 298.4956 315 313.5312 309.4725 310.486 324.9638 321.4495 335.8908 338.1986 343.631 1.177145 352.7079 321.8817 295.0915 303.7607 311.2686 313.1609 312.8876 296.0831 277.8555 301.1672 56.50359 76.65128
356.8305 19.71574 25.85397 17.72007 12.93806 28.26851 45.83031 86.98721 90 -1 -1 -1 -1 -1 -1 -1 -1 315 328.6713 329.4847 346.4157 3.298143 17.24146 35.05943 311.6335 311.0275 332.8189 15.39555 47.39703 346.6075 323.9938 344.423 327.2005 293.1578 23.44292 90.99809 118.2174 101.3099 78.43256 42.7974 281.3099 273.3665 302.4712 333.0723 344.495 340.3462 310.1009 309.6608 316.5235 332.9562 333.7923 338.9625 10.2512 10.55674 349.9227 326.3099 296.3784 300.806 310.573 311.3933 315 308.9559 318.1034 72.56357 82.44652
284.6934 36.60707 48.2499 22.86042 23.40469 58.71327 74.14063 90 135 -1 315 334.29 5.906141 23.19859 356.8779 338.7204 341.9166 353.892 350.2317 325.2121 339.899 1.141199 17.0292 40.14339 353.5584 286.2292 310.7001 45.49606 65.74943 319.7636 305.2812 337.0059 355.7476 348.6901 77.23679 99.85308 98.3856 68.80595 40.39551 43.99492 5.906141 275.0424 273.2572 280.4915 310.4261 341.5651 325.9807 320.5023 319.2208 325.8178 327.3625 336.3151 27.04251 12.29684 346.1068 354.8613 312.4225 275.7743 271.6935 277.6195 291.9853 312.0643 354.0754 73.80084 73.66819
238.4558 148.3328 118.7326 173.2695 27.47443 52.37377 53.33138 57.13683 -1 -1 294.0151 312.89 8.794897 31.1263 341.7147 337.786 341.0296 354.2698 355.4712 337.2817 341.4276 1.041627 31.90811 60.28161 50.83479 267.176 259.7097 92.21966 68.87528 315.6662 280.3973 279.7657 333.1959 40.92887 80.75389 96.84277 88.60282 355.9144 29.71257 59.03624 17.59242 324.6888 249.444 226.7715 244.3741 297.0875 313.516 315.2274 315.3649 317.6754 320.2514 349.0256 41.22771 355.7358 336.7772 356.6137 355.1207 323.5308 272.1683 256.1943 261.2744 275.1204 11.72511 54.74465 53.74616
221.5858 167.7032 135.9926 209.5942 272.8156 41.53177 67.83366 80.37184 -1 -1 267.117 272.5208 338.9123 11.1888 337.7055 336.8435 342.9266 348.838 351.3502 352.6353 358.4882 15.75117 58.11152 78.03622 71.83723 271.0544 257.7352 95.2677 29.70701 328.8912 298.1416 277.4511 278.349 58.85142 68.62199 70.5297 72.64597 284.0363 97.52382 75.59332 12.15494 19.15561 324.9638 324.7618 296.2414 284.7436 293.344 304.8148 312.5104 313.6956 315.3097 3.220143 27.18111 350.4789 336.0032 347.6398 359.053 351.7129 344.026 315.8005 273.8396 255.7903 203.3852 94.87927 58.20793
206.1715 173.9334 134.7838 236.0473 233.9213 156.0375 120.8053 111.4854 -1 315 278.4711 274.1931 294.0605 331.2867 332.9105 339.7286 343.0725 339.093 340.8628 357.8937 17.74467 37.1583 56.28376 63.43495 58.15484 298.6413 291.3846 2.552898 352.8157 338.5948 312.85 305.5109 302.7909 101.6593 100.8364 100.2692 91.34789 329.9314 52.38604 27.42874 33.60124 28.22878 319.8304 344.4072 325.0369 297.4615 302.1437 309.7615 315.2032 316.8992 315.7191 0.1299222 16.17123 350.5652 340.9716 349.5742 358.9073 333.7413 331.5504 313.2101 259.3508 236.2141 188.424 154.9315 178.8414
242.1027 195.2551 354.6107 323.1943 196.3318 163.9264 143.1301 135 315 320.6406 315 312.8723 309.6815 304.8176 311.9779 334.2127 221.2916 215.6279 220.1207 206.565 119.0202 122.6375 107.0029 78.13227 59.72431 310.3719 291.1843 295.0169 318.7605 340.8616 326.3667 320.6544 42.67847 115.3791 117.6067 116.9123 121.7014 321.7401 350.2833 19.54855 51.81821 24.44395 279.6599 264.144 309.181 309.3376 309.4076 307.6656 300.7287 272.4195 222.9098 187.4809 181.1458 217.427 219.9279 181.1344 158.0192 184.5584 191.5846 191.9532 209.4828 222.6421 182.3311 153.8861 201.9273
342.0083 348.039 335.0715 6.880114 39.76252 50.71059 70.70995 315 322.9975 323.9495 319.1816 327.0534 333.9876 294.004 187.4839 168.0185 182.3181 190.677 208.672 195.0724 147.7482 145.1084 160.56 143.5129 102.7944 264.7261 243.2679 289.1336 309.1857 332.0785 334.0466 0 124.1971 118.5051 112.0679 99.92001 329.0363 288.2853 312.6722 59.12319 74.96218 93.81407 237.9946 295.9275 313.1066 314.231 304.1265 263.5892 201.0202 183.6614 187.5667 186.4775 187.2484 195.5129 201.3503 189.9789 152.1945 166.2637 190.6579 196.4506 213.9037 215.9789 183.2541 160.6523 203.5523
333.5183 345.0425 341.4456 47.75656 82.76652 80.42841 59.03624 316.4203 315 329.1911 322.1598 306.5387 159.7174 155.7341 162.3999 170.6095 185.3815 196.6472 212.5128 192.0948 151.4404 140.0767 157.6199 178.1705 168.2669 211.3041 278.0273 299.1072 308.6747 335.6006 138.0484 151.4991 142.975 125.1664 95.06361 67.12194 333.699 272.3171 198.0198 142.9269 108.7923 110.9798 299.6562 303.8623 293.6996 256.8353 202.76 183.7274 175.2551 181.1829 198.5668 204.1932 216.3572 252.9084 281.4523 320.8207 67.27589 105.8477 195.7407 208.2562 210.7526 202.5853 186.7148 175.8743 192.2648
330.1826 341.301 46.86478 101.0849 99.8756 97.68398 74.98164 293.4774 283.5283 284.1801 195.8239 180.1113 161.665 154.9634 159.9305 177.9602 192.9207 197.9003 203.8565 188.6889 160.3777 147.1057 153.0555 196.6543 209.8642 260.7398 277.139 275.1446 276.4474 76.65128 108.755 135 146.0515 141.4416 65.22486 35.06361 357.6559 88.60282 153.3138 166.903 128.5892 117.7585 268.8466 242.9627 204.0482 187.7921 182.8486 183.3109 197.8019 283.3487 309.4328 323.0771 320.6422 319.0212 319.9618 352.0492 67.76197 86.60699 172.6942 213.2153 197.203 196.406 199.3443 178.0475 188.8107
335.5704 356.6335 55.20923 48.17983 50.18327 65.32925 98.74616 239.9586 230.6944 191.2714 168.9226 171.7644 159.4175 155.3704 166.8053 186.5688 200.0097 194.9314 194.4308 184.6129 165.4148 158.3621 162.8241 290.6955 272.406 256.2091 251.1906 247.6199 245.5225 144.2004 96.53214 104.2767 143.6156 233.7462 329.8863 14.11153 41.51673 97.2942 123.2749 138.0128 84.55967 353.1572 237.3808 203.5523 188.0826 188.349 218.2902 279.985 311.8892 312.5926 310.213 324.3416 324.2438 317.5336 312.6372 56.9969 93.08825 95.53423 122.4712 199.6121 181.2545 199.2171 216.1096 199.8265 273.8879
292.2176 13.79949 61.77767 55.02693 69.12961 74.14162 70.20113 211.7151 208.272 181.8368 164.9987 176.8866 163.6105 153.435 177.5105 190.8855 208.664 190.4077 184.1596 176.6335 160.6652 274.9271 320.7325 351.5631 354.8056 325.6849 297.0786 266.7509 228.7912 174.694 122.3643 108.696 152.1027 293.4986 336.47 26.92203 77.73523 90.38453 5.28124 346.7809 9.833564 11.87931 357.668 5.937416 347.0054 279.4623 301.6447 309.6678 324.9177 307.9148 278.045 287.9637 284.9976 267.0676 234.4623 127.1583 106.336 91.1136 83.65981 180 153.435 277.8533 288.0272 310.0939 325.7204
192.5288 183.9452 154.4679 139.4286 123.9039 109.8687 100.105 -1 225 180 135 225 180 135 -1 225 220.9144 188.6156 201.8014 159.444 357.2737 287.0871 281.7934 321.2258 341.1391 328.2733 315 220.9586 184.4498 175.9623 157.7547 131.6439 267.1729 276.4748 264.327 80.64702 63.50965 54.19224 348.851 300.196 359.4271 6.025575 356.975 9.427258 26.38239 321.5198 282.4332 285.5603 313.4792 309.8718 278.2072 271.2454 253.4742 261.3997 207.0127 112.872 108.5047 98.92399 93.13636 315 0 293.0255 294.9329 304.7593 309.015
184.1015 183.9405 169.4985 156.7816 143.1981 139.9957 135 -1 -1 -1 -1 -1 -1 -1 -1 -1 -1 -1 225 180 272.1211 255.9638 213.0239 188.2782 204.5534 198.1595 172.7278 176.2787 172.64 171.4628 166.6488 169.0037 243.6216 229.2439 195.6208 176.8589 133.8147 97.05025 135 207.7879 202.9457 212.9885 259.992 27.25533 69.20773 41.72951 259.6747 248.1028 221.8779 289.77 289.2708 280.4915 282.8803 262.5087 165.5663 112.1051 86.12875 89.69361 92.48956 322.386 61.69925 223.9584 258.853 247.1194 200.42
182.2998 182.5499 169.3172 158.3372 141.8013 135 -1 -1 -1 -1 -1 -1 -1 -1 -1 -1 -1 -1 -1 315 252.1811 222.3057 185.5275 200.4445 219.4064 211.866 172.7468 329.6209 345.9637 9.69738 4.47788 6.288851 255.0686 212.6703 194.5066 185.5275 171.9539 148.5143 140.4923 272.8913 271.5765 197.3933 212.2622 199.9106 99.38552 1.548158 301.5514 288.7999 294.7458 301.1978 291.2423 271.8841 223.9646 182.4293 172.4053 170.9001 129.2657 98.08709 74.47589 156.9745 147.3194 228.8713 238.7133 181.2894 175.8701
185.56 184.7021 165.8219 147.6651 135 -1 -1 -1 -1 -1 -1 -1 -1 -1 -1 -1 -1 315 316.5911 343.6732 342.6211 335.4676 346.4073 350.038 343.5537 336.7113 356.7989 339.4026 340.3462 18.02716 24.97158 54.84901 75.77403 222.7543 195.3333 175.2058 166.6447 157.5206 318.4833 325.2532 356.8675 36.83276 306.9888 304.4661 6.842773 340.9285 330.4034 336.826 315.971 304.6111 248.3477 249.2278 156.0923 148.2952 170.6584 184.022 170.9633 142.0947 156.0375 150.8324 172.0469 267.6386 120.9638 123.1323 156.4734
225 206.565 168.6901 135 -1 -1 -1 -1 -1 -1 -1 -1 -1 -1 315 326.3099 327.2648 338.4185 339.0605 352.5072 4.484606 334.086 328.7909 348.6344 355.2955 349.775 13.2258 331.1506 311.0468 56.30993 87.59641 125.009 132.732 183.0128 191.3099 153.435 135 304.9507 306.2413 321.7505 7.936723 33.93273 340.7357 323.2254 356.9679 335.9373 330.2642 350.123 349.0348 111.2974 271.6603 296.8249 30.24268 52.9927 38.54118 78.05582 149.1751 165.1622 164.6939 154.8852 310.4622 294.0013 80.69523 96.04409 113.4905
315 340.56 1.27303 20.55605 45 -1 -1 -1 -1 -1 -1 -1 -1 315 324.1179 335.882 338.5926 331.3542 331.8389 357.9633 21.12063 339.8679 304.78 322.125 354.8742 12.21997 42.14709 343.54 296.0458 69.75948 84.20721 92.2026 135 -1 -1 315 325.9722 318.6727 308.9707 318.8905 7.829076 29.08 342.0405 327.1257 3.451246 342.3974 310.4084 358.3424 74.84892 114.3046 277.3116 291.4565 55.59476 67.24902 42.51045 80.25002 116.2473 164.3578 243.6001 312.1055 298.6105 248.1551 125.3112 95.23331 93.72518
313.1874 335.4099 0.1028648 21.21262 39.86362 45 -1 -1 -1 -1 315 336.8014 332.6126 334.0645 327.6028 327.2228 340.9983 342.1997 316.3461 352.7094 22.68726 349.4276 330.5725 292.5963 306.2147 31.24693 55.9305 10.61966 288.6312 104.2296 98.1301 73.58276 41.12148 45 315 318.1364 323.3257 320.0251 315.9265 317.7263 2.516039 32.2265 347.5796 318.2204 57.33909 130.1864 235.564 187.2445 108.0564 148.6611 254.7289 241.3327 138.1045 145.503 163.429 125.4414 113.7789 235.7131 289.3798 301.7014 164.5158 201.7099 183.9116 71.82343 49.10184
319.7509 322.1119 356.4552 30.03703 42.39152 36.10169 9.950626 354.0194 344.8669 344.0279 353.0888 359.2996 341.5651 337.0564 343.0187 332.4262 330.3924 357.6609 347.0447 328.7363 358.2212 344.7014 4.716691 345.7405 297.8178 39.28941 65.93614 47.21679 169.6952 100.7004 83.25442 45.6987 66.58788 329.0363 310.6013 312.2818 316.7736 316.4688 311.9529 290.2357 325.4915 68.7495 10.9228 196.9275 130.6118 155.5923 218.9458 200.487 117.5569 145.4516 240.8307 229.5943 127.3951 138.5115 173.5668 146.5775 105.552 237.5724 247.4632 146.6823 149.9103 212.9922 244.0935 0.1996361 20.31354
336.4026 311.1483 338.0629 38.18072 39.32637 22.42352 11.73235 9.393485 336.7671 332.4102 353.5212 5.218317 343.7693 332.3681 347.5629 352.9245 333.516 355.0459 9.444955 341.5651 336.5608 332.8669 7.155541 11.34267 328.9027 36.56587 77.79489 100.8473 144.9894 110.4524 53.5117 61.58734 82.26156 314.1931 301.0248 296.6104 294.3294 292.5342 242.1896 214.0681 182.0806 149.1599 184.6761 150.2221 107.9353 142.0458 228.8676 199.5108 136.1557 141.4218 242.0927 240.5725 113.9736 115.0519 163.1786 178.727 129.1011 192.2065 213.3575 155.892 149.3399 259.1956 257.1602 267.3532 334.7223
353.4248 320.7106 313.4326 36.67153 36.47401 12.74137 15.72945 18.71512 339.8721 315.4 343.8578 7.579809 342.4814 325.1866 340.1394 359.299 1.82409 358.9391 4.240624 350.8584 334.3625 326.8887 355.6162 22.83782 356.1063 75.37913 93.01279 108.435 135.8952 176.4237 35.90972 84.10371 68.40469 328.1092 291.6444 262.7826 255.0092 233.6913 165.0333 195.5525 172.0041 156.6232 218.0978 227.7525 79.97156 84.91075 210.0535 186.6973 158.2605 167.2389 263.6598 271.7218 89.87887 91.15733 116.2001 168.2683 154.8067 175.5718 214.8245 270 334.641 341.8892 302.0674 267.4758 260.4387
11.24641 324.3555 302.8398 31.373 31.3198 2.955582 23.23512 26.69366 352.1662 309.9849 324.7463 356.9438 344.2631 326.709 330.7146 351.2026 15.23265 12.0306 3.388557 357.9114 329.9875 327.2325 347.4549 42.8591 67.60326 101.5775 98.62402 92.34688 66.80141 299.0546 113.5654 103.0171 334.8446 341.7557 347.9838 272.8298 253.1874 243.435 125.2476 171.2898 165.2669 169.0366 254.6759 255.5899 77.12141 69.39944 110.5366 173.3882 174.8827 218.8534 269.1253 271.0102 97.56143 93.05288 104.5254 140.6871 183.5035 290.4803 307.1326 309.4725 330.4713 351.9473 345.0571 338.3405 280.1755
32.65358 314.4271 284.6904 37.14669 17.53744 356.7805 35.84827 36.33108 354.6107 323.5799 325.5064 341.0418 349.0049 338.7566 325.4734 339.526 14.05111 17.94136 10.80115 7.049642 335.2748 336.4565 3.33847 49.45972 73.4476 86.54875 89.68081 77.40961 34.99202 96.34019 117.6316 89.47437 307.2427 336.6516 13.06334 351.8699 292.0164 274.8169 86.7603 98.17915 134.4437 227.5879 260.9689 221.745 142.0578 97.37625 100.8188 145.7415 197.6811 254.3285 265.4934 221.4708 128.3315 120.4562 115.4122 128.9744 280.008 314.8344 320.2049 309.5338 292.8906 304.7186 334.7574 23.8565 116.0754
34.99202 343.7798 275.3374 344.6785 354.5685 349.7107 47.77917 26.9743 342.929 333.7999 329.3461 310.1676 332.418 344.9899 325.7093 308.1881 10.6303 29.73252 16.03234 9.380079 341.464 342.4117 23.0513 65.8716 86.9413 91.7075 81.32375 60.04412 55.43748 89.33637 86.03074 318.3309 305.0861 325.2814 19.29926 10.25243 323.7217 327.165 95.23954 102.9576 120.9638 217.0142 234.4228 190.4541 171.0825 131.3339 112.6814 124.3236 239.9951 267.3912 260.9097 175.8376 137.8925 135.5509 121.7309 166.8275 288.2313 299.1435 300.562 196.9275 213.6136 246.3214 239.4939 121.866 139.3026
9.968356 27.81646 290.0466 313.1976 357.7605 358.727 38.53018 2.523266 334.5281 345.6574 0.4275725 302.125 253.0214 246.4714 221.3861 213.9829 189.2318 153.8791 176.9872 21.33686 307.5526 305.2038 68.81257 81.77811 83.51693 76.44104 60.33329 56.44717 72.19813 82.35499 41.05481 305.5992 299.2846 313.0475 25.00328 11.97613 333.4802 8.164453 51.94914 85.6292 112.1387 192.8968 215.5199 185.3738 180.1763 142.9626 119.3502 124.5522 263.8534 269.1527 246.413 144.7555 132.5974 140.852 142.2143 257.125 274.4282 265.0497 185.5916 164.9951 236.0088 240.6365 192.8149 146.0138 144.1704
340.2955 42.38755 303.7928 312.5748 1.797932 20.29757 25.44801 329.444 321.9251 350.3701 23.99678 13.68093 295.2777 248.5615 189.211 201.1317 188.7261 175.8624 205.1775 180 204.3411 218.4944 103.2127 53.76569 56.20307 55.49148 56.00354 64.00598 67.88354 52.42001 357.1376 308.851 294.2744 300.7897 20.78182 9.932651 331.6992 24.71318 67.47943 77.27118 83.71178 135.6161 197.431 180 187.3456 160.9892 123.4346 147.1443 268.2537 267.4782 240.7742 116.4207 111.9672 126.4972 168.603 241.3187 249.8142 225 167.6973 201.8014 237.4116 197.6961 185.3344 158.0513 129.0119
225 40.98582 294.3123 303.7172 6.872209 47.29061 13.627 311.8311 293.1325 327.8043 42.08157 20.83337 341.2295 354.0498 23.99321 353.6598 282.5288 349.3803 265.6013 187.8153 208.0092 225.6402 261.8107 16.07357 55.29774 55.87041 50.32933 60.34791 59.8919 33.69007 346.95 308.7242 299.0378 295.3242 8.130102 17.02052 318.6215 93.48327 104.2026 95.80248 74.35775 55.63965 81.11106 148.7308 188.7462 176.6462 135.1614 223.2816 267.9099 263.3246 243.2129 108.3323 96.13441 70.44175 63.95423 233.5836 239.7366 216.0274 187.2061 207.5973 181.238 181.4101 205.6022 198.869 109.0935
190.8458 201.8263 246.3574 256.8957 74.0546 52.28895 345.0788 338.3852 281.2149 259.8494 9.743641 2.579148 355.2743 45.80693 62.32409 9.605205 341.1543 353.5302 356.6661 3.539559 29.0546 254.2488 259.4265 283.3523 55.53918 48.97144 51.8331 64.95935 43.87037 26.67255 1.094691 295.4633 287.823 279.5343 348.6901 80.97239 203.4287 99.96204 87.94123 77.18153 58.95829 49.452 51.51178 45.96449 59.52015 144.8336 150.0184 254.3242 265.1529 254.6608 211.3955 131.8435 111.3706 25.05762 41.53793 45 238.4412 212.919 185.9163 179.8887 163.6105 193.7545 228.3747 206.0233 164.0291
