CHESS/sk/geo/sk.aspect
ncols         140
nrows         157
xllcorner     776985.03882
yllcorner     2618396.05334
cellsize      250
NODATA_value  -9999
[rows 58 to 86 of 157, columns 0 to 64 of 140]
268.9191 289.0333 302.7509 280.0806 208.3008 175.0303 151.1892 102.2648 33.23171 316.2873 293.7763 249.5196 210.6578 194.2422 222.4389 248.1467 245.6661 202.5609 171.95 167.7108 158.8845 151.2867 141.4513 129.0284 144.4623 128.8845 151.0908 166.293 151.1356 178.8309 170.7644 164.3726 157.3194 114.8483 85.62226 80.85836 99.66867 201.2796 190.5481 172.1169 243.435 305.9097 321.9635 293.6294 276.0636 239.4703 126.0546 172.0825 135.9629 116.4023 146.7988 164.4975 129.9079 90.3274 101.9043 110.1707 280.3889 289.8321 314.3669 327.926 320.0553 299.3578 244.8954 270.8594 282.3679
258.887 247.5531 217.4551 199.7468 191.7567 176.9335 206.9958 322.9696 354.8674 343.264 288.4349 202.8097 195.7512 218.2599 263.9667 258.9792 219.0005 177.7267 171.5063 174.1787 162.6619 151.3482 161.1685 142.3806 132.8389 132.0454 127.5394 159.7751 160.3644 161.8508 162.3999 171.4261 162.6348 146.5301 129.8461 107.3056 99.13715 45 225 194.7436 245.9427 236.489 221.7161 229.2485 227.7263 185.4774 140.8425 167.4712 163.0465 138.7153 138.1221 171.1354 176.5318 147.4354 133.2902 35.53768 293.6942 275.9974 278.6525 277.8917 221.1432 224.3097 296.3925 297.7944 274.316
321.3871 290.6955 229.0856 229.8304 239.9314 209.6237 220.5154 241.0259 246.9745 54.46232 91.68468 155.556 246.9911 292.5839 290.0339 260.3482 204.5973 166.529 170.7443 170.2673 162.1547 152.609 162.6721 164.8698 139.6266 139.1596 131.0175 138.7723 144.7618 133.6678 132.0643 168.4763 163.6413 128.329 124.992 116.8619 111.6823 321.3402 351.5289 26.56505 236.6336 210.8277 195.124 215.5377 221.3752 184.9697 138.4682 139.4296 141.4831 142.0735 159.2858 159.0573 166.3633 156.3458 120.9638 303.3407 292.8097 257.5417 239.1013 219.9204 236.6503 296.3089 298.6442 262.0617 164.4111
36.05462 1.145763 317.386 239.0362 214.8753 235.0493 276.8428 213.6901 212.5668 197.8919 136.4502 164.2488 292.3509 299.3169 296.1226 200.1363 187.8237 172.0516 169.6513 159.8246 148.2231 158.5747 161.8781 168.2749 150.0271 134.2927 142.2942 149.8084 135 124.8753 113.2824 126.5289 167.9387 109.204 67.53679 59.22077 28.5707 339.444 349.796 37.67359 16.11342 326.9761 98.1301 210.6407 198.0445 181.7585 171.7941 165.0686 128.941 115.4383 169.6337 178.5797 146.9761 295.9744 322.8291 323.8418 335.6589 328.2405 290.7332 280.6603 270.8551 256.0497 225 180.4584 160.5058
81.46923 36.57303 327.3391 98.1301 218.0189 270.2741 313.7811 66.31791 187.7921 193.3669 181.0675 284.4818 302.0386 299.4385 334.0935 129.8056 170.9724 176.6854 182.332 170.6109 111.4346 117.3499 144.1416 155.7722 148.4486 120.1317 128.2338 158.1357 158.2729 123.0793 103.3925 105.8594 149.1576 193.69 103.707 34.35434 15.42216 10.49148 343.9092 19.60409 20.51332 345.6064 40.91438 80.13419 168.6901 174.1605 163.9052 177.1729 164.71 117.1351 353.4181 349.1956 8.841815 316.9749 300.5297 315 343.8004 349.0923 340.882 347.3474 323.0047 215.3556 191.489 178.9474 185.7106
61.09082 16.38954 352.4054 89.02898 240.6422 271.1458 288.4349 82.77568 118.1416 181.9481 254.7976 292.981 308.4802 320.7679 64.72227 102.9596 141.7098 176.1215 210.1137 206.2883 108.435 64.77608 70.73071 109.44 142.125 127.3596 101.3099 115.0836 188.5308 63.43495 74.67308 81.8699 72.07208 160.821 207.0127 268.4518 62.4027 57.0306 324.4623 352.5191 18.57402 0.777723 23.40469 29.09382 9.462322 15.91807 46.25217 83.29016 157.1263 194.9951 251.565 308.991 36.63411 310.6013 276.2888 289.5085 323.8493 337.0979 322.8237 20.71417 88.99491 153.435 191.3099 218.8534 269.4327
122.2425 150.2551 158.0255 114.291 209.5778 255.3712 216.9953 125.7398 118.0725 292.6199 285.0271 277.0013 274.6606 284.3227 94.08562 104.2068 136.804 185.7928 209.8459 200.6589 194.0362 12.99462 27.43499 35.7274 49.73094 73.81079 60.25512 56.88866 32.47119 239.0362 82.30395 66.61478 57.63336 87.48312 190.4599 200.0043 155.4164 182.3859 236.1363 259.6111 347.25 7.352379 20.58253 16.90927 27.1213 76.75948 87.70939 37.63525 14.62878 18.23249 185.7106 200.2565 215.5377 321.8924 303.832 286.8289 244.179 187.3647 199.2534 159.154 141.573 145.4077 316.9252 308.0888 292.765
180 167.9052 170.9229 156.9218 195.8324 234.1179 183.8713 155.908 233.6156 317.8864 279.5543 242.3144 231.0275 205.9471 125.6764 106.2739 114.5074 166.849 188.1301 186.5819 204.7914 244.0935 333.1038 43.5589 61.30171 77.53506 36.8699 56.09372 68.96249 253.4429 33.53047 55.12467 85.99583 96.23833 127.875 183.8141 157.9169 191.0409 204.6085 219.9102 229.844 164.3961 137.5336 149.2208 141.6048 145.9013 194.7436 334.3845 19.12662 63.13019 84.57941 223.9191 263.3952 296.305 308.1909 285.2551 165.2032 160.3462 178.989 168.2544 266.6335 325.1642 337.1603 336.9993 347.5826
170.9724 158.0026 177.0643 196.2202 173.1987 186.8817 177.0892 224.0371 288.1261 310.2364 190.4915 218.8746 229.5288 215.9001 146.0235 105.5364 91.42027 103.9125 145.9228 176.7161 211.5954 219.7059 207.995 156.8014 112.6938 123.5615 180 181.014 120.1601 255.9638 233.1301 103.8775 112.4259 108.6075 90 7.52382 19.35899 76.18497 175.2799 234.7066 222.4324 165.2385 160.1805 156.7703 147.1188 172.4969 250.5744 235.6922 139.2485 113.6294 114.1714 303.5507 299.6301 287.6761 235.3048 183.7376 159.8572 152.259 185.6809 285.5546 310.4801 309.4866 315.3219 331.6388 358.735
179.2043 159.2613 192.4583 193.2986 156.8557 175.2874 231.3402 283.9545 291.6055 118.3008 151.1645 248.8186 256.1972 224.6351 169.3803 128.6598 96.43474 116.4563 136.023 183.4833 205.8398 202.2218 220.706 181.7184 116.7606 118.6819 163.5707 197.1706 191.8598 240.5241 147.7787 123.4558 120.5182 95.11042 8.70737 354.2321 49.96974 97.46519 123.8351 231.5688 205.8768 155.9427 154.7828 152.2049 133.8656 222.9174 209.1025 191.7487 162.7934 123.3843 121.8274 282.1622 290.0679 263.3952 164.3806 163.6105 175.4261 206.1139 317.7554 305.7185 294.118 288.9655 290.9217 302.6722 343.8557
151.8584 151.9391 191.9969 182.8624 158.3227 253.3391 290.2605 281.3099 244.6041 118.426 123.6901 281.7251 279.2933 187.5947 170.0249 178.6678 142.8739 129.5329 154.4659 197.5555 170.4699 206.6601 243.1149 177.7094 126.1626 113.4876 127.4927 263.1136 295.0963 336.6823 76.81424 71.25024 5.417022 3.756453 357.3272 5.599339 49.34324 58.81008 78.12974 197.0629 190.214 151.2739 139.3987 349.5625 13.31949 13.36396 32.57406 143.5308 169.2375 134.4154 154.7468 253.5629 234.2602 178.0251 147.3583 148.4957 234.4623 281.7934 299.1975 302.5457 299.5388 294.6404 274.3801 250.1493 223.2322
125.112 126.3359 177.3458 191.7752 223.698 281.6649 283.0552 246.2028 190.8275 176.9872 280.0975 287.5713 266.0353 137.583 158.9273 164.8888 161.7411 131.2734 135 186.0175 182.1705 243.435 255.6186 146.0118 136.8779 131.8202 129.8056 291.8291 306.7241 8.343891 38.88449 21.35567 344.0756 352.1083 12.3665 26.90609 49.76364 56.52167 65.68952 38.23383 330.5498 2.903819 333.087 339.5787 20.02035 26.89245 41.90594 78.44678 140.4403 150.0685 191.3099 258.6901 230.5722 176.3987 133.3634 155.6375 244.8769 256.7236 270.4633 302.4712 300.2803 297.8973 280.359 217.1339 192.1259
67.95409 81.04752 104.5564 205.0894 250.5182 265.1096 270.2339 233.1301 169.6409 241.5873 266.0818 252.6995 176.7295 133.575 149.1576 149.5966 177.4632 155.8286 95.86597 137.3373 248.7948 264.8922 218.039 141.9373 133.5121 142.5238 312.3102 298.5544 303.0379 40.42608 47.46812 5.801587 339.1873 338.0255 101.8215 117.5042 125.7701 119.6631 95.9806 348.8262 323.3013 347.0231 337.5348 332.1027 32.81635 49.08562 74.18081 94.89909 113.587 213.6901 299.3578 264.5362 227.3215 169.9309 130.2755 190.9807 262.4879 273.0432 281.7045 302.687 292.604 287.1759 306.5876 106.4342 161.811
75.14966 82.70306 95.69235 182.5791 253.5426 258.7423 255.9101 184.844 315 274.2054 236.4337 199.3741 165.8199 144.9799 136.7014 125.9807 188.2228 194.9314 120.9638 110.6744 277.4474 261.6341 158.7204 157.369 167.7047 293.416 294.2981 283.3571 295.6102 62.00285 96.66666 190.5816 174.5362 152.4566 142.756 139.4879 143.9525 142.9893 3.632951 338.1458 284.7924 270 221.4965 182.406 162.2088 113.9354 109.1602 114.2981 121.866 278.1301 240.5241 205.6155 197.1027 166.6075 146.4695 297.8973 311.2028 299.524 286.4969 300.7903 316.9497 305.5099 340.1847 67.05106 90.40925
89.7541 91.95422 86.56637 74.98164 250.3561 246.6874 242.2759 247.5573 297.2553 232.125 232.5947 149.9314 142.4169 148.7148 138.8879 95.19443 129.3595 194.7782 132.6141 48.43363 250.4322 185.1204 145.9391 205.5139 301.1538 311.8202 306.0107 283.9406 291.095 39.25373 61.25034 100.4077 154.5486 141.9584 140.1571 127.4907 33.69007 333.8921 356.7603 38.96232 187.3264 196.4538 173.4018 171.6071 184.852 140.0374 114.7751 86.45523 32.90524 45 195.2551 161.565 210.3791 315 324.9128 312.0693 320.4774 322.208 302.1682 306.6385 327.4213 325.6388 10.7389 67.96684 69.98124
60.62738 61.69925 45.71319 57.72435 241.9908 248.5104 248.2789 246.8014 167.4123 195.2551 212.8285 144.9042 125.0419 127.0199 161.0647 136.3322 112.1663 311.4237 345.0013 44.01224 142.9801 176.5054 217.4762 306.9829 316.5482 317.6898 304.3974 299.0303 307.4804 13.26648 58.4412 77.38068 118.6861 114.7273 43.30285 21.38573 337.369 333.5793 50.44033 89.06844 98.2858 137.3373 135 151.46 181.1573 143.2858 122.5145 117.5528 111.0375 113.1986 311.9335 343.0725 350.2787 348.3233 333.4349 307.6534 300.9092 297.5931 289.2775 290.1982 308.019 356.8202 116.9027 113.6294 108.8413
54.84582 48.02501 47.1211 73.78662 126.8699 261.7076 257.5295 223.8229 174.447 225 172.7631 154.4626 155.2657 92.92498 115.3462 150.3501 332.2161 308.211 334.8852 89.22787 109.3407 201.9745 254.8271 248.1602 223.3634 220.7493 258.6901 267.7432 273.0128 13.7816 87.46857 87.28659 57.74529 349.0578 354.7188 10.20823 349.454 8.130102 68.241 51.62587 18.29278 14.86656 33.58155 70.30798 131.4458 153.5378 161.565 167.9694 194.3493 327.8043 322.2942 321.5526 335.0715 346.6824 320.1944 281.4006 245.1126 252.8432 263.7816 260.8552 248.6513 134.2511 117.7503 116.0754 109.7894
123.2749 86.0275 85.42608 92.73632 127.2348 259.8796 249.3589 220.7946 227.2312 226.8476 136.5275 132.3162 221.2686 100.7131 89.70313 305.2176 294.9547 226.5074 176.0943 117.8973 94.83659 218.6598 219.5273 213.373 224.4907 244.2593 251.7657 243.4948 227.4986 182.3533 109.359 51.87683 2.412365 350.7274 349.3035 12.05079 15.55769 30.13621 32.83347 37.17997 46.53777 80.53768 103.0292 108.435 109.8852 23.80594 32.55 13.29857 309.2894 322.0735 336.3706 242.6126 217.3423 210.1916 257.3004 280.1455 301.1436 289.0256 263.8114 249.0095 228.8607 161.9165 126.8699 91.90211 83.51083
170.1807 144.8193 118.7866 104.1151 132.0263 248.942 234.5301 214.9755 211.1188 212.5209 155.2249 49.76364 322.3524 97.30576 71.86981 315.8069 149.5742 168.0402 172.8157 123.8785 15.9454 19.46257 43.15239 240.2126 244.8954 219.7557 212.4105 221.0498 223.0674 242.8443 20.52628 13.83605 354.1736 2.827125 349.4839 12.45825 46.4688 55.30485 74.88284 107.79 129.0776 151.2849 128.6076 110.9798 355.1261 352.0565 41.16468 49.20536 255.1243 219.3456 169.5625 175.5526 205.8519 240.3215 271.3705 282.6056 291.6216 300.6186 277.1605 256.7506 233.1661 159.5235 160.8156 158.4413 124.0348
26.86192 97.07354 115.359 110.9585 135 231.163 223.172 206.2883 227.1566 272.9508 350.1487 356.5601 6.340192 47.41951 16.00404 3.012788 67.61987 64.65382 338.0968 340.8748 345.4655 22.83365 46.86768 24.32557 215.3192 192.7146 216.0379 253.9009 286.4002 315.4172 6.515301 59.26451 120.4998 195.4786 237.926 126.7928 133.4846 135.7921 130.0217 125.0407 131.2916 143.3103 94.47946 56.4271 310.7858 45 97.0626 104.5603 200.2727 190.0806 177.1216 196.5258 279.1624 283.9283 273.3339 251.2319 240.2776 233.2192 238.8221 247.6618 224.6707 136.5018 149.5868 169.8457 151.1293
68.49857 87.74936 103.7015 118.0926 137.7263 221.8698 219.8545 234.6763 276.8428 295.71 355.0303 16.55707 18.869 45.93919 29.53878 22.89055 45.98776 32.67527 325.9295 317.5368 63.43495 123.7775 96.25129 98.1301 177.2737 260.3482 293.8333 298.9017 301.2736 313.35 114.3624 132.4949 142.3264 210.6601 201.1187 139.1446 135.7345 137.7372 128.1572 112.825 92.96823 87.18444 68.7495 28.79098 94.3987 148.4809 138.9679 121.7921 168.6901 196.3895 264.8056 295.448 300.2917 287.2618 252.3499 225 219.203 215.8927 217.1237 225.9469 194.8001 137.9051 135 158.1986 157.4347
139.2612 122.55 109.5091 104.2097 99.32359 261.1194 271.0291 278.7126 276.0333 269.7121 152.6501 134.1319 190.008 75.34325 66.2505 86.18593 57.72435 16.53484 323.1909 119.0546 133.9157 163.322 159.6431 145.0466 235.758 297.512 304.9218 300.6354 286.7373 150.8801 118.5596 126.5505 157.2666 248.8295 214.6952 109.0577 113.6888 116.9895 112.3801 67.29363 51.88173 57.14428 356.1121 25.58851 81.07247 112.5206 141.3402 45 11.72511 355.0303 314.2927 297.3156 281.0138 241.1645 222.337 203.9625 217.8228 223.0021 231.3672 228.9622 169.7843 138.9777 131.2898 142.9975 159.0959
167.5581 138.3052 114.2939 87.36756 66.5713 300.75 287.8402 265.949 257.8632 246.294 173.3675 153.1527 177.0492 182.5448 108.435 106.6658 232.2532 309.447 339.7024 108.8802 112.0341 147.7575 170.112 178.5498 278.3659 285.9728 286.6252 287.1437 227.8624 147.9404 130.5444 108.5849 339.444 290.0844 72.14968 108.1069 123.1248 120.1317 140.4083 165.165 137.4195 347.5857 350.7629 57.59657 97.37047 107.4027 254.0546 312.5104 351.8699 356.9471 325.8641 291.5014 274.4972 271.7357 276.5198 290.2249 287.9494 297.3499 267.2737 230.0721 153.0905 126.2169 126.063 131.389 154.6223
156.2276 136.4879 106.0203 65.3616 56.76829 263.6598 248.6002 261.9727 260.0201 243.0147 219.4007 149.6209 127.2782 189.0276 160.7307 118.8108 202.1903 204.8833 162.0506 143.4432 123.9357 125.3482 294.444 309.3297 287.8093 277.125 275.8959 275.1282 120.7355 132.8114 152.5143 166.3452 233.4889 206.6974 157.182 132.5176 139.588 145.0189 151.8788 173.3675 221.8779 284.7626 0.7161599 85.77777 97.14051 104.6209 208.0725 231.4416 230.8067 190.7843 236.3099 271.7357 298.8355 311.0995 325.359 344.3578 295.2532 288.7117 188.1301 191.2059 166.3074 131.8995 123.0558 117.8637 123.9591
94.76364 106.7984 217.875 43.38646 59.74356 108.435 252.4076 268.0363 251.4509 243.0959 265.9998 356.5167 50.51148 40.91438 16.55707 82.1553 138.3109 172.2482 157.1135 151.5902 145.3284 321.399 334.1454 339.7905 308.5522 294.7751 283.729 249.5816 124.0321 114.6974 142.284 220.4261 197.1027 152.193 154.3348 149.0362 138.9076 154.0124 165.8466 168.5034 244.7468 250.7466 181.1233 91.74984 86.10236 86.29537 180 242.9691 252.3777 283.2405 302.1523 288.6381 302.9885 308.5584 329.0363 10.81388 272.4366 213.1113 151.8438 155.4723 165.774 147.5933 120.4342 103.7608 82.40536
84.86362 95.63068 265.3645 349.439 70.20113 74.42746 270.6585 253.355 230.4252 259.7175 278.4007 345.6186 37.65878 19.8407 35.02794 98.9183 122.5371 147.9509 150.5129 148.5125 292.3801 301.0543 322.4742 348.5576 329.9558 313.3526 283.2514 179.2655 150.2401 135 158.4287 259.8245 141.4416 116.4894 126.3394 146.1231 138.8785 151.6695 187.7652 180.7921 213.15 218.3605 193.6713 127.2664 85.53284 69.24593 45 287.1759 298.457 328.1164 335.556 295.6155 296.4276 305.2002 281.3099 141.6325 195.5725 181.1458 143.9149 128.6598 142.3344 151.2941 120.4397 120.3432 181.9749
122.6192 121.8274 272.153 307.0565 81.23487 84.40066 263.1252 264.2646 285.7607 288.9353 285.0685 180 117.9698 140.3893 132.5529 128.6907 134.1163 145.51 154.708 308.5302 313.3634 296.7096 305.8376 336.1772 326.2751 306.9888 165.0464 148.9763 149.3436 154.3281 207.0309 214.5923 144.28 120.9133 111.1435 101.113 72.66676 47.22396 348.6901 17.85032 176.855 201.9532 196.5992 179.8564 132.0185 100.8275 90 258.6901 248.6294 222.4831 207.0721 244.8407 267.1844 276.3402 124.3151 165.8885 180 179.0065 156.0775 123.6901 134.2655 158.782 135.7742 120.3236 209.7449
141.4347 167.4276 223.2643 198.6418 120.4655 100.0493 275.1282 292.826 304.6952 304.584 285.7086 146.2128 153.3869 169.0163 149.7511 129.398 129.4614 353.1252 353.9276 317.397 313.9292 310.0909 314.8738 334.0124 350.5947 123.9705 144.9751 145.008 146.4966 182.2312 195.4612 181.6366 145.8855 106.4404 70.40771 27.27993 8.408912 14.94031 3.961527 19.68031 33.69007 1.99788 358.6678 182.0952 168.0849 143.4986 95.71059 259.6952 241.9275 233.8068 246.6309 277.9575 282.9645 308.6598 105.0941 145.1755 183.4064 208.1786 210.0686 78.51102 87.70939 119.4072 127.5041 122.9052 -1
185.9061 158.6294 198.9046 199.359 156.1613 104.3227 288.7221 291.8807 294.4929 287.3067 141.9234 132.0305 140.2644 165.5102 156.2947 133.307 315.8185 336.8823 356.57 344.1626 325.5161 315.6701 317.7967 347.0054 63.15949 91.16124 112.4515 144.1471 166.9081 240.3763 339.444 354.9364 5.453919 29.12405 53.88066 76.78725 282.0948 24.96279 61.6543 96.49934 74.74488 31.93068 77.00539 92.72631 273.3665 329.0363 357.8253 31.29304 253.4429 246.2092 266.894 279.2356 278.3203 116.8473 110.7723 132.3736 272.6754 312.7852 1.181189 62.22749 67.52057 62.30053 76.50426 315 329.3814
