CHESS/sk/geo/sk.aspect
ncols         140
nrows         157
xllcorner     776985.03882
yllcorner     2618396.05334
cellsize      250
NODATA_value  -9999
[rows 87 to 115 of 157, columns 0 to 64 of 140]
47.663 44.31794 34.87533 240.2551 176.4965 304.3803 287.8995 279.3721 254.6129 196.0976 148.0105 123.0185 118.7651 139.1446 165.0464 309.5719 316.983 329.6685 347.9977 350.9229 339.5356 324.1681 300.1414 139.5323 144.3908 131.2017 112.604 125.5377 299.0546 305.9982 340.8936 336.7408 342.5435 40.31046 80.43865 114.5722 198.291 182.47 135.5209 140.3228 161.7749 157.8519 149.444 132.1376 268.4518 259.992 180 23.74949 348.9436 317.1211 256.3041 243.9511 245.1275 92.38594 65.52384 53.1301 280.9228 276.426 13.76079 63.2394 77.1523 104.3227 68.19859 321.2939 336.1292
27.29957 41.56637 44.32596 3.012788 328.4486 319.2589 280.7231 248.0782 207.2553 186.4074 154.3281 138.1221 135.5947 137.8864 306.6113 307.8328 313.7811 320.5632 333.7999 356.6675 12.17146 190.6698 162.0309 136.5253 151.7166 163.3008 132.7688 7.224316 324.6197 295.2157 324.1624 319.4608 298.3008 113.5167 99.48148 88.2643 154.2127 172.965 147.3808 154.2127 157.4427 140.1944 143.7462 135 225 199.5923 191.3099 286.4404 329.9951 359.8084 356.0206 311.3086 288.5369 332.2509 38.41806 58.48692 180.8303 226.0769 237.8654 23.96249 44.81028 53.27589 356.0091 295.3743 317.9985
82.87498 94.30447 97.12502 353.6598 291.3706 243.9246 237.3391 224.071 206.2287 183.8141 146.8578 143.1301 150.1063 298.2334 306.3225 303.643 295.5977 279.4623 250.7553 142.6333 148.6037 168.5802 161.2295 137.0454 139.3511 202.5838 268.5559 11.30993 126.8699 231.7098 217.0731 214.3078 141.4495 132.6202 135.7957 107.3789 82.87498 108.435 129.6107 154.0577 147.9946 135 -1 -1 -1 -1 292.6199 290.9245 311.1526 353.1237 16.51207 2.025694 298.2052 307.4605 62.60899 80.91449 97.71189 236.3839 263.7365 314.0608 58.95644 71.94261 355.8151 268.7811 260.6796
27.21611 89.31794 117.2842 216.8699 188.1301 183.0587 238.2163 239.25 182.3614 166.0435 151.0775 100.3048 334.0333 319.4221 298.996 286.6245 240.3956 200.1126 188.1035 160.9389 152.1137 167.2897 173.6888 157.1554 128.991 263.2902 238.5359 176.1215 148.9078 183.5448 195.5928 196.2323 145.9087 119.3577 133.6028 132.7974 106.1645 94.6859 45 3.751729 33.26143 29.93151 15.25512 0 45 315 295.1448 287.9873 290.3712 330.5928 62.53744 86.22453 235.7204 227.7702 118.9041 94.64797 76.69082 302.0054 259.726 233.2559 115.9641 111.1364 207.9795 251.9027 245.0247
38.94581 48.44739 27.41652 23.74949 98.6955 203.1986 246.9745 204.9779 158.0052 163.7059 291.0375 319.808 329.0931 342.9836 309.189 266.364 158.8602 156.6182 181.6589 174.3968 153.6115 172.1896 208.8027 218.4431 245.8545 164.7449 207.5042 180.7848 144.5332 162.4928 182.2148 201.1012 156.0923 104.1305 85.04973 62.74467 81.51105 53.1301 346.2509 11.07655 47.74809 8.70737 14.2811 45 90 299.0546 298.9557 289.8798 254.0969 187.3285 143.7609 128.5216 193.0693 209.8427 162.4877 124.7809 321.3402 349.8245 225 201.9708 143.3799 121.7151 299.4759 250.3674 237.1675
31.89363 37.75549 24.31797 44.72454 58.81503 45 215.8821 182.8624 154.2307 317.2776 323.4212 316.4404 324.4402 17.43764 356.367 258.6901 131.8966 124.942 165.3965 179.4019 157.1857 201.4477 241.8033 234.7962 203.4774 145.905 188.514 177.589 153.8532 166.3995 158.1265 191.7683 177.8591 128.6598 67.30621 45.83031 22.45694 349.4961 354.3651 22.31944 26.22703 6.245253 32.60033 52.40691 21.80141 290.7722 260.6145 241.5044 191.3099 173.6598 165.9328 144.0579 176.3086 204.6236 171.5836 160.9423 285.6548 349.8245 48.00066 310.2364 5.792797 341.1067 2.646241 32.47119 202.5573
68.49857 60.01337 56.59959 71.23514 72.74104 73.76765 116.565 184.6355 276.9112 294.1378 308.9041 308.1363 321.1155 57.07383 37.44366 90 121.125 122.8557 153.9307 184.5574 173.5239 225 235.6993 219.1361 173.746 167.0574 187.394 172.8195 174.2205 177.2994 160.8444 177.0793 187.125 234.3099 5.477369 60.32151 317.237 323.2494 359.282 11.0802 11.39138 26.79378 51.10609 51.96347 49.96974 109.6538 225 203.1986 182.2766 168.7711 161.8439 161.1226 264.0939 279.7824 137.7702 252.9622 274.9835 312.093 24.42814 7.352379 345.5491 341.4201 26.79702 67.97115 66.92959
138.2122 121.2985 119.5604 112.9581 107.3241 18.43495 353.0789 14.53446 291.8014 262.6044 268.0671 260.4046 219.7661 112.0831 91.10171 113.9903 113.6782 109.63 127.606 200.3084 198.435 230.0291 244.5731 201.2362 154.5438 181.2571 203.9162 162.2451 182.4658 181.4688 164.3353 205.71 298.5113 317.0045 24.80019 18.66691 313.8065 319.9697 354.312 358.4306 18.9558 41.40231 31.62996 28.78901 41.48625 45 45 226.2189 265.3999 345.0686 39.89783 327.75 330.5129 7.263245 27.70323 333.6669 255.6821 267.2208 334.8822 359.3905 351.5709 8.451234 73.93581 84.96932 20.83908
175.4165 139.514 134.3152 130.7636 80.70669 320.9925 341.8994 39.31629 76.75948 251.7108 248.1659 221.8575 192.3492 168.9436 161.0194 139.9697 112.9076 98.59764 105.3128 183.0128 230.1364 262.7857 240.8192 174.6442 137.4628 192.9946 212.6508 165.5297 191.9293 194.6419 186.3402 291.3706 292.9391 267.4552 129.2374 277.1843 286.4254 252.3499 184.0078 198.8532 142.8533 111.7474 55.95406 64.40093 75.61463 81.40409 46.97493 318.7084 320.5275 354.1094 46.06091 308.1475 315.157 5.021461 27.62002 14.37821 316.7969 271.8001 278.3594 326.9011 1.807086 53.49223 73.56792 58.19747 351.2853
148.3925 100.9141 77.58571 8.577717 1.311888 318.117 325.6603 87.51044 97.68398 252.715 246.0979 207.0255 180.697 178.3397 168.1998 154.5193 117.0309 98.65617 100.3327 137.4895 257.6995 244.2419 191.9293 166.6908 141.8598 183.8713 202.4098 193.8049 237.1443 289.6121 317.7263 298.9023 227.9508 164.7756 172.2189 228.3524 217.606 170.1664 185.811 190.0245 159.49 170.2268 167.1612 144.2821 135.4035 129.3693 324.2026 332.0533 336.3343 28.80127 46.02303 302.6508 308.1226 350.0258 22.5066 10.773 354.2639 317.351 269.6058 273.7153 34.40266 80.17548 63.8766 25.40772 352.5913
44.34146 34.40058 4.347457 1.477214 16.41723 335.7722 161.565 115.0169 100.8194 251.3999 230.422 189.523 182.3859 193.1092 186.3966 164.7449 125.9229 110.9245 88.05851 33.69007 254.0546 215.8376 180 174.9364 112.9887 137.6026 217.0928 254.5007 270.3431 262.2079 245.2826 228.6412 150.7887 145.6993 194.4337 235.3467 203.6294 150.2335 183.0587 184.7825 165.0974 174.2635 165.7627 148.2011 156.8014 320.983 322.3647 332.4896 355.4462 31.58651 30.26688 294.8637 281.0368 313.1524 20.91577 6.02753 359.8305 0.8784014 299.755 277.1084 19.7369 64.42326 31.14858 8.510011 358.6639
1.789911 350.8219 6.054192 68.35557 120.0464 148.815 157.7028 141.4074 116.565 248.782 212.9885 181.7624 200.4246 234.8135 231.6745 153.9704 111.8572 86.67259 41.18592 65.22486 258.6901 225 181.0416 212.3474 135 157.6199 303.4078 288.4349 248.0255 199.9831 202.8197 192.1886 155.4445 132.6421 199.754 229.1018 190.9807 145.2845 165.9638 184.5807 173.9085 195.4077 323.1301 7.895765 344.2857 301.5222 276.6259 273.4546 328.1858 36.63887 42.70284 320.4774 257.504 235.561 192.3808 312.1376 355.8653 8.601385 298.5988 254.8707 200.9151 89.52122 50.93742 38.6095 7.594644
278.6157 289.867 107.2204 113.3281 115.0169 116.4498 134.076 161.565 18.43495 45 225 180 261.6213 267.0096 220.8554 152.354 141.7098 60.9454 61.049 94.3987 187.5947 188.6156 157.751 208.7398 168.1785 201.8014 238.4957 231.009 208.94 196.46 179.1697 176.8202 173.2599 142.0703 174.7323 221.8493 184.1561 151.1356 133.9391 214.6952 290.2976 323.6078 331.1226 13.24052 77.53506 203.542 211.8608 224.4996 236.9854 43.26429 41.58341 7.843421 304.8322 238.4859 196.4404 190.4494 187.5362 184.3605 196.9713 190.9634 190.7645 181.1233 157.6727 166.076 177.1752
289.8722 246.4477 105.1302 80.80775 36.43548 45.48146 56.82149 323.7462 161.565 114.7751 225 180 264.8056 262.3566 159.2278 153.435 198.0605 161.1468 127.1645 108.435 102.9946 158.7495 161.565 234.0903 231.3402 165.9638 211.293 224.1575 225 171.6743 155.6954 163.8108 175.9464 170.2176 110.556 233.455 212.6375 308.019 353.5546 35.53768 272.4896 250.6768 194.8399 159.9885 145.231 177.9048 224.6763 236.0214 233.5248 212.7434 142.2302 107.7004 273.5035 250.0169 160.697 172.9835 183.5165 180.7896 180.8238 180.853 191.0883 186.5027 168.9853 172.8251 173.1703
3.715289 61.57401 91.18119 79.14359 73.96766 82.20301 79.07719 95.79279 172.4053 135 333.4349 71.56505 252.3499 228.7046 159.0755 164.9315 229.3987 137.1747 132.93 135 28.1416 53.53077 351.8699 299.4759 180 185.1944 299.7449 307.3332 198.435 149.0362 152.4027 162.1213 167.1957 240.9454 295.0169 330.124 307.614 313.2986 355.1951 51.54972 146.3099 195.0831 187.6562 256.3903 354.9079 359.3354 343.8627 316.6273 299.8508 214.9547 187.5947 185.7743 245.7256 283.815 46.54816 52.86607 80.62791 140.2739 144.3815 167.8763 184.3801 180.9211 175.6994 175.8582 171.8107
79.12494 80.81946 92.2026 118.9601 150.3501 132.2361 94.8852 77.69946 331.46 333.0042 24.64677 60.70864 232.125 201.0375 196.5788 208.7798 172.7939 140.9743 142.9435 230.5275 156.2505 100.8855 278.1301 300.2564 30.37913 331.2602 289.9831 221.4237 135 139.2364 151.6992 135 315 281.3099 270 300.8089 301.0154 300.7465 97.99747 108.5301 110.8978 331.46 322.4159 326.9928 343.0552 1.900111 358.7779 334.2379 0.5334648 10.75097 341.299 344.5604 344.4984 342.4138 351.8422 17.3078 20.5659 7.680071 21.47202 49.76364 103.0693 163.7398 177.9546 174.5398 174.5031
0 27.49719 45.19162 65.33755 79.20049 94.76364 67.83366 32.21655 338.9625 356.8396 72.83808 81.8699 324.8658 14.93142 230.1944 203.0513 170.6553 131.0548 119.4759 197.5924 176.9872 145.6197 196.9275 254.5388 26.56505 120.9638 210.3236 163.54 144.4623 135 -1 315 317.1611 329.8586 351.3137 301.2509 257.4123 199.2722 149.6841 144.5829 293.5323 320.1022 324.185 328.6693 341.7064 9.158285 10.60033 338.7948 0.5052407 354.1207 348.9614 356.657 1.862621 354.6718 339.1487 3.642251 14.86245 11.37512 31.48162 61.22205 76.51831 91.29217 164.7449 135 -1
7.796991 30.44862 69.6431 68.62938 37.64762 38.62282 70.05098 83.65981 231.3402 145.8139 115.887 318.9452 335.5923 22.76501 51.77566 163.3008 211.7595 191.3099 98.1301 114.444 180 135 225 242.354 184.1849 149.4208 181.273 151.9275 135 -1 315 285.9454 291.6309 306.7928 356.0353 1.397181 207.4076 177.9546 138.8568 336.4477 316.8728 308.3547 306.9739 313.6541 335.7014 18.56861 17.1137 352.1719 345.7306 336.6161 343.3643 355.8643 11.48403 13.25724 335.6145 345.357 12.37045 23.44633 50.44749 70.82329 77.01897 76.03511 45 -1 -1
167.8557 123.2421 108.9498 46.68468 7.926927 45.31139 75.84381 142.5238 193.3553 147.6804 346.4296 319.1596 345.9637 63.43495 83.08878 70.70995 276.3402 209.7449 130.9144 98.1301 -1 -1 -1 225 180 135 -1 315 0 45 270 270 263.0888 252.9622 233.7462 77.82854 350.5377 331.001 340.9207 345.712 338.6002 316.4472 288.321 273.0361 291.1758 13.25209 17.66334 357.7559 336.0375 321.4462 326.5228 342.154 24.00443 31.17394 335.9886 338.4698 23.36501 57.12532 74.2898 76.12247 74.48386 64.93253 24.92847 45 315
159.3339 137.8846 80.48398 330.3501 359.5226 53.3694 65.62988 75.91006 207.8241 185.4638 255.0686 280.2512 32.27565 80.11859 61.43416 27.60668 5.792797 16.38954 23.19859 66.80141 -1 315 0 45 -1 -1 -1 300.2564 0 41.98721 347.0054 275.1944 248.1986 252.0721 289.0108 341.5651 333.1595 327.1359 334.319 351.3903 358.1251 339.895 329.6844 299.8937 284.0555 329.7303 14.72058 355.451 337.508 321.8386 318.6914 334.7951 35.06645 34.03066 334.8776 354.8755 71.92768 100.2244 98.93059 86.74741 73.42767 34.20623 23.74949 24.0755 333.1617
142.7652 15.60395 335.4849 324.0665 12.66506 62.11177 62.27442 55.37371 67.80971 155.7042 236.8454 249.2994 170.6553 54.46232 27.17179 27.14968 43.42345 31.42957 19.44003 29.29136 329.6209 345.6186 17.47477 48.62148 -1 -1 -1 281.7683 348.6901 60.9454 335.556 326.3099 284.3493 298.4429 317.7972 331.0908 326.0845 318.42 322.4098 355.2729 9.283553 344.0453 343.6258 331.5044 311.7068 320.2935 354.6313 340.5245 341.2587 327.0546 309.2811 332.2135 28.96496 25.25716 355.6661 99.83709 114.8116 109.0423 99.35711 88.68388 71.56505 31.02065 47.03733 355.2644 329.6867
196.0736 295.1016 305.9212 282.8388 79.41837 75.85765 68.09682 70.78597 83.65981 102.5724 260.7379 248.7423 212.1593 251.565 5.992527 29.94073 43.28653 357.0134 0.4151796 356.2801 333.7999 352.7555 40.08344 65.22486 45 -1 -1 276.1466 319.7636 50.44033 353.6598 335.1707 313.5024 304.6664 313.7716 326.4695 322.794 313.7203 316.0795 355.8878 6.589557 349.8417 347.4805 332.8973 326.0435 337.9887 352.5042 330.8477 342.3069 334.9085 295.0251 301.994 49.844 54.66566 86.88916 112.8588 118.548 114.7908 104.509 94.18491 96.31489 117.0907 74.82008 318.2664 320.6562
227.153 234.1967 197.0897 190.5816 188.8107 111.069 79.0163 86.95352 97.70184 123.3106 269.1697 266.9872 286.1744 313.3767 335.9558 11.74207 20.88679 355.1477 357.8672 352.6869 345.5321 25.70136 74.07161 81.6186 40.10091 357.1376 39.55967 256.7014 219.6442 128.8845 300.3791 310.2755 311.4708 296.1067 293.14 307.8904 309.3754 303.3528 311.2801 346.1263 1.896518 0.3237015 351.8228 337.5333 323.1301 336.9324 359.3479 328.4768 340.1471 347.8802 308.1572 202.9321 147.2873 146.205 119.9578 104.6793 107.9316 119.876 127.0478 115.2505 116.286 129.8636 291.5713 301.1057 311.2538
248.0255 239.3493 167.4532 173.836 206.0211 197.488 95.12132 78.35049 68.98968 51.67989 254.9696 271.0512 299.2962 317.1162 328.5984 20.14841 18.74549 2.915322 358.2986 331.6477 71.56505 117.6995 120.4598 112.2666 123.6901 329.8265 41.63354 78.69007 192.5288 172.1467 254.5115 289.6779 309.5917 307.3651 279.7276 261.3306 255.7817 256.996 258.9822 285.5311 356.8396 1.684684 342.1351 340.2561 309.1266 322.125 6.831006 317.1669 324.2283 348.0658 13.70696 118.8405 141.4665 160.2692 151.4172 121.0114 107.0009 109.359 119.4546 115.1484 93.34682 57.47907 282.3426 285.0728 309.7801
270 257.55 125.5992 136.425 206.9165 212.4874 155.2918 64.2972 52.96257 46.86953 39.55967 252.7718 263.1095 265.4826 226.8986 140.6717 164.8142 161.6303 173.264 195.5104 150.0863 134.7637 140.3767 122.074 335.8068 3.576334 100.8855 92.48956 315 321.3402 293.0913 285.3821 296.7633 318.8583 316.5257 303.5461 280.0732 266.0598 258.0898 245.086 179.0452 183.9035 227.2312 257.9432 262.7527 230.3257 183.1959 249.8776 255.8542 244.6257 98.2099 87.65989 83.18657 106.5729 145.3521 137.9886 111.7451 102.9608 104.0093 65.95578 40.15989 57.41265 272.8196 270 284.6295
223.8693 234.4623 134.6021 110.1428 159.5816 202.7789 217.9087 120.9638 73.61046 68.34875 80.92294 247.8171 252.0935 216.3789 179.2258 160.798 156.1247 158.1538 172.0645 196.049 162.1947 135.2628 344.1241 357.2011 20.1363 96.07246 140.0796 135 270 293.1986 299.7976 294.3625 287.5561 290.5066 309.1905 324.7892 295.4872 220.3013 216.8385 214.878 171.5982 174.7849 202.9593 204.9973 193.0817 191.1657 185.8513 197.9677 201.1642 199.5108 186.2787 52.46918 49.04608 58.16623 72.38132 100.3048 105.6183 95.16569 63.43495 2.17868 54.24611 76.3516 281.2612 272.4943 276.8198
240.7986 227.5094 153.2024 143.5117 139.316 189.8011 222.0105 185.8341 143.5904 137.9259 132.6141 227.1211 236.9143 189.1861 172.0267 188.6079 129.9909 121.1331 203.5232 253.393 151.049 208.6861 280.9886 351.7142 65.55605 83.74097 88.36343 318.3665 354.8056 295.56 286.8794 282.4911 239.444 210.0974 204.6122 192.3222 182.9943 170.1956 199.4588 213.5196 178.8077 165.7924 197.0329 204.8561 194.0604 191.1969 182.2724 193.3259 195.7146 213.8763 235.6662 166.6864 87.84828 83.45925 79.34861 84.04063 100.6197 85.81509 9.987422 15.79454 79.08063 75.7048 283.3506 278.3543 281.0468
230.8067 212.9516 149.3262 151.4159 150.7027 187.3904 210.7097 179.2292 158.8911 147.6086 129.4128 243.8247 220.8577 186.8428 185.6637 213.7643 151.282 111.3929 291.7443 326.8887 49.86451 173.991 224.071 215.2176 82.81573 48.94519 19.68031 356.9872 22.01128 264.3693 244.7904 212.4356 179.9138 184.5819 193.8184 190.8237 183.9319 168.4381 218.8232 220.7715 188.8508 173.8866 200.9937 227.8172 219.7938 203.5115 169.0278 195.7663 205.2088 231.8397 242.7975 194.8586 123.775 111.3335 110.3696 109.4647 99.07706 25.41929 19.84937 92.21475 103.6548 97.35238 268.6141 271.2922 268.7869
200.6526 185.1944 156.9836 156.3396 177.0711 181.6748 173.376 177.8253 241.5873 344.3961 356.2759 7.364746 354.9869 12.65256 209.6237 222.0004 181.6523 155.7461 231.2419 193.3445 154.3232 163.7798 272.5734 294.5836 345.9637 11.13163 9.701507 13.84513 24.90477 30.30268 206.7229 188.3611 172.2702 178.8065 201.6087 204.7477 196.6427 197.049 215.5377 209.9007 195.2551 190.6197 227.8317 248.4943 232.9269 197.3789 158.1986 193.0485 221.4395 247.79 254.8601 204.248 123.7293 119.7449 117.2198 98.10045 55.25921 0.2397299 57.11524 79.15519 90.19489 100.0543 273.9005 268.2262 246.6479
