CHESS/sk/geo/sk.dem
ncols         140         
nrows         157         
xllcorner     776985.03882  
yllcorner     2618396.05334 
cellsize      250.00000   
NODATA_value  -9999.00000 
[rows 32 to 63 of 157, columns 0 to 70 of 140]
330.00 356.00 281.00 333.00 385.00 387.00 414.00 382.00 356.00 301.00 311.00 364.00 347.00 394.00 398.00 399.00 399.01 483.00 524.00 507.00 502.00 454.02 456.00 502.00 560.00 582.00 629.00 688.00 625.00 709.00 705.00 550.00 460.00 428.00 393.00 346.00 308.00 313.00 313.00 265.00 241.00 278.00 217.00 235.00 272.00 276.00 326.00 344.00 317.00 331.00 375.00 397.00 458.00 538.00 627.00 653.00 638.00 653.00 678.00 720.00 724.00 701.00 695.00 641.00 545.00 547.00 549.00 502.00 518.00 515.00 517.00
344.00 402.00 315.00 294.00 396.00 460.00 448.00 405.00 349.00 341.00 377.00 390.00 416.00 407.00 412.00 466.00 470.00 455.00 516.00 515.00 478.00 454.03 479.00 505.00 584.00 656.00 717.00 727.00 740.00 804.00 655.00 577.00 538.00 556.00 461.00 405.00 374.00 392.00 322.00 275.00 303.00 302.00 225.00 262.00 272.00 338.00 353.00 372.00 325.00 346.00 391.00 421.00 506.00 607.00 642.00 623.00 548.00 586.00 631.00 651.00 697.00 666.00 604.00 569.00 520.00 502.00 478.00 450.00 422.00 466.00 474.00
366.00 438.00 372.00 305.00 373.00 459.00 471.00 396.00 394.00 395.00 415.00 455.00 483.00 445.00 464.00 465.00 504.00 501.00 514.00 540.00 493.00 454.04 481.00 546.00 607.00 670.00 776.00 831.00 837.00 799.00 734.00 730.00 671.00 545.00 544.00 482.00 404.00 335.00 318.00 334.00 302.00 245.00 238.00 286.00 295.00 300.00 370.00 430.00 362.00 381.00 426.00 529.00 593.00 623.00 589.00 577.00 533.00 531.00 572.00 597.00 660.00 603.00 502.00 494.00 518.00 493.00 433.00 440.00 391.00 433.00 425.00
464.00 473.00 445.00 350.00 328.00 364.00 405.00 426.00 485.00 462.00 482.00 487.00 534.00 521.00 475.00 464.01 530.00 586.00 542.00 570.00 531.00 469.00 504.00 575.00 629.00 745.00 790.00 736.00 750.00 856.00 876.00 761.00 619.00 513.00 450.00 422.00 371.00 340.00 354.00 306.00 274.00 255.00 274.00 298.00 306.00 320.00 353.00 442.00 454.00 466.00 536.00 588.00 615.00 555.00 527.00 535.00 516.00 467.00 524.00 545.00 600.00 550.00 445.00 446.00 477.00 458.00 402.00 403.00 389.00 368.00 397.00
585.00 566.00 484.00 417.00 356.00 328.01 354.00 406.00 470.00 502.00 533.00 533.00 616.00 547.00 467.00 479.00 526.00 591.00 585.00 595.00 550.00 517.00 531.00 516.00 599.00 737.00 709.00 692.00 765.00 848.00 731.00 628.00 550.00 498.00 451.00 397.00 386.00 423.00 407.00 352.00 324.00 282.00 367.00 383.00 411.00 427.00 498.00 514.00 517.00 528.00 548.00 536.00 566.00 512.00 509.00 514.00 500.00 476.00 443.00 488.00 526.00 510.00 442.00 411.00 409.00 435.00 408.00 391.00 320.00 335.00 343.00
739.00 683.00 590.00 515.00 395.00 372.00 433.00 454.00 461.00 454.01 488.00 539.00 605.00 547.00 511.00 501.00 497.00 556.00 632.00 573.00 553.00 538.00 580.00 574.00 579.00 678.00 644.00 717.00 818.00 875.00 795.00 668.00 560.00 513.00 490.00 483.00 410.00 380.00 348.00 324.01 337.00 383.00 446.00 512.00 559.00 533.00 534.00 481.00 448.00 490.00 495.00 509.00 524.00 510.00 485.00 501.00 520.00 536.00 445.00 419.00 498.00 487.00 467.00 416.00 373.00 395.00 390.00 335.00 287.05 287.05 313.00
757.00 773.00 625.00 506.00 475.00 438.00 435.00 433.01 454.00 454.01 484.00 574.00 633.00 587.00 504.00 503.00 537.00 581.00 636.00 621.00 563.00 538.01 575.00 622.00 578.00 598.00 627.00 675.00 742.00 849.00 854.00 767.00 634.00 587.00 513.00 439.00 389.00 422.00 409.00 449.00 481.00 498.00 521.00 634.00 579.00 535.00 498.00 444.00 418.01 465.00 473.00 485.00 488.00 466.00 465.00 480.00 447.00 452.00 485.00 366.00 437.00 434.00 435.00 409.00 345.00 361.00 340.00 306.00 287.04 287.04 287.05
761.00 741.00 643.00 572.00 521.00 464.00 486.00 433.02 467.00 501.00 503.00 600.00 617.00 559.00 522.00 565.00 595.00 648.00 666.00 626.00 571.00 542.00 556.00 602.00 634.00 603.00 615.00 654.00 714.00 766.00 738.00 710.00 638.00 576.00 488.00 483.00 514.00 549.00 491.00 584.00 599.00 571.00 655.00 633.00 596.00 580.00 525.00 510.00 438.00 418.00 410.00 422.00 410.00 397.00 426.00 426.00 385.00 392.00 481.00 366.00 344.00 427.00 385.00 372.00 353.00 320.00 322.00 287.03 287.03 347.00 340.00
592.00 612.00 620.00 611.00 527.00 491.00 478.00 440.00 465.00 482.00 558.00 634.00 679.00 599.00 585.00 637.00 682.00 677.00 624.00 606.00 567.00 577.00 609.00 678.00 683.00 651.00 661.00 712.00 721.00 791.00 737.00 751.00 756.00 650.00 653.00 646.00 664.00 602.00 584.00 658.00 683.00 678.00 687.00 659.00 579.00 550.00 532.00 492.00 469.00 377.00 358.00 376.00 343.00 375.00 344.00 331.00 320.00 354.00 421.00 367.00 294.00 403.00 408.00 339.00 309.00 312.00 307.00 287.02 322.00 391.00 397.00
537.00 482.00 524.00 510.00 512.00 509.00 488.00 468.00 460.00 478.00 549.00 670.00 702.00 673.00 697.00 703.00 750.00 655.00 616.00 610.00 639.00 587.00 666.00 664.00 728.00 692.00 754.00 744.00 799.00 862.00 820.00 845.00 838.00 793.00 813.00 807.00 754.00 634.00 704.00 749.00 723.00 724.00 648.00 584.00 539.00 522.00 505.00 481.00 421.00 370.00 311.00 341.00 316.00 300.00 294.00 297.00 312.00 303.00 353.00 369.00 278.01 308.00 400.00 343.00 321.00 295.00 287.01 287.02 287.03 338.00 358.00
425.00 398.00 453.00 408.00 430.00 503.00 537.00 507.00 467.00 477.00 527.00 624.00 713.00 765.00 715.00 704.00 747.00 738.00 725.00 700.00 681.00 637.00 709.00 763.00 783.00 747.00 835.00 842.00 832.00 883.00 879.00 890.00 863.00 872.00 802.00 782.00 710.00 709.00 668.00 635.00 633.00 668.00 617.00 552.00 502.00 466.00 437.00 424.00 357.00 335.00 297.00 303.00 293.00 290.00 268.01 303.00 288.00 287.00 324.00 341.00 278.00 280.00 298.00 314.00 309.00 287.00 287.01 339.00 322.00 337.00 337.01
360.00 362.00 355.00 377.00 452.00 556.00 579.00 513.00 471.00 473.00 519.00 617.00 697.00 683.00 675.00 668.00 763.00 827.00 829.00 775.00 736.00 736.00 674.00 729.00 766.00 834.00 895.00 924.00 905.00 903.00 929.00 959.00 933.00 868.00 782.00 771.00 773.00 674.00 586.00 562.00 579.00 608.00 615.00 525.00 479.00 406.00 376.00 350.00 341.00 319.00 300.00 283.00 279.00 296.00 268.00 281.00 271.00 283.00 315.00 336.00 282.00 254.03 301.00 267.00 267.00 306.00 358.00 359.00 424.00 432.00 381.00
346.00 299.00 362.00 389.00 486.00 627.00 617.00 542.00 479.00 508.00 548.00 574.00 554.00 530.00 538.00 675.00 721.00 765.00 837.00 811.00 795.00 763.00 782.00 792.00 820.00 892.00 880.00 937.00 976.00 940.00 957.00 936.00 925.00 828.00 840.00 842.00 745.00 614.00 562.00 496.00 521.00 546.00 548.00 526.00 485.00 413.00 373.00 341.01 341.00 319.00 304.00 328.00 317.00 271.00 274.00 266.03 269.00 306.00 315.00 328.00 261.00 254.02 254.02 264.00 325.00 403.00 429.00 452.00 505.00 460.00 428.00
290.00 303.00 324.00 377.00 430.00 600.00 594.00 582.00 512.00 533.00 476.00 468.00 465.00 452.00 546.00 669.00 639.00 710.00 696.00 682.00 681.00 780.00 862.00 925.00 898.00 823.00 733.00 828.00 847.00 821.00 784.00 816.00 916.00 929.00 849.00 756.00 692.00 630.00 584.00 486.00 427.00 457.00 477.00 457.00 437.00 387.00 368.00 380.00 343.00 302.00 290.02 299.00 310.00 266.02 272.00 266.02 275.00 312.00 267.00 305.00 312.00 267.00 254.01 280.00 303.00 348.00 456.00 524.00 504.00 458.00 422.00
243.00 263.00 299.00 372.00 462.00 568.00 505.00 559.00 457.00 436.00 418.00 419.00 437.00 415.00 495.00 536.00 564.00 606.00 604.00 625.00 717.00 796.00 928.00 999.00 965.00 832.00 683.00 669.00 722.00 723.00 670.00 724.00 796.00 844.00 793.00 751.00 681.00 635.00 567.00 521.00 444.00 399.00 376.00 387.00 413.00 398.00 396.00 386.00 381.00 363.00 313.00 290.01 290.00 266.02 266.01 266.01 292.00 283.00 248.00 251.00 267.00 254.00 254.01 308.00 346.00 384.00 434.00 409.00 397.00 387.00 366.00
299.00 351.00 398.00 439.00 461.00 499.00 479.00 511.00 456.00 355.00 359.00 351.00 360.00 352.00 390.00 458.00 557.00 523.00 579.00 660.00 756.00 853.00 992.00 924.00 873.00 808.00 648.00 557.00 594.00 602.00 621.00 639.00 673.00 702.00 678.00 673.00 718.00 744.00 654.00 547.00 427.00 401.00 380.00 355.00 341.01 349.00 379.00 401.00 411.00 389.00 378.00 372.00 374.00 342.00 312.00 266.00 283.00 277.00 269.00 241.16 246.00 268.00 274.00 307.00 340.00 350.00 365.00 364.00 344.00 327.00 358.00
327.00 352.00 386.00 440.00 422.00 417.00 435.00 419.00 397.00 326.00 301.00 299.00 309.00 342.00 432.00 471.00 463.00 567.00 641.00 680.00 772.00 848.00 936.00 828.00 757.00 721.00 568.00 496.00 503.00 550.00 545.00 550.00 590.00 594.00 592.00 599.00 694.00 750.00 683.00 613.00 541.00 515.00 465.00 453.00 402.00 341.00 321.02 321.01 321.00 320.00 313.00 326.00 305.00 311.00 315.00 290.00 248.00 245.00 254.00 241.15 245.00 245.01 276.00 280.00 297.00 316.00 344.00 346.00 323.00 368.00 364.00
307.00 298.00 313.00 377.00 380.00 358.00 367.00 372.00 329.00 278.00 284.00 302.00 316.00 352.00 373.00 414.00 456.00 532.00 584.00 679.00 718.00 776.00 881.00 779.00 687.00 643.00 564.00 468.00 451.00 503.00 506.00 548.00 576.00 540.00 519.00 552.00 632.00 667.00 678.00 682.00 644.00 559.00 508.00 510.00 476.00 417.00 369.00 355.00 341.00 301.00 287.00 294.00 273.00 281.00 258.00 265.00 254.00 241.14 243.00 241.14 258.00 274.00 295.00 298.00 284.00 317.00 319.00 295.00 329.00 338.00 377.00
270.00 278.00 274.00 323.00 333.00 309.00 345.00 376.00 303.00 276.01 293.00 307.00 318.00 352.00 398.00 454.00 498.00 497.00 552.00 617.00 697.00 832.00 853.00 729.00 651.00 591.00 507.00 479.00 412.00 425.00 436.00 523.00 557.00 529.00 501.00 507.00 613.00 610.00 602.00 616.00 624.00 568.00 502.00 474.00 449.00 419.00 404.00 361.00 341.00 301.00 286.00 270.00 254.04 254.03 254.02 254.01 266.00 250.00 241.13 256.00 282.00 296.00 301.00 281.00 273.00 289.00 277.01 302.00 295.00 335.00 352.00
238.00 259.00 292.00 274.00 286.00 296.00 331.00 315.00 276.00 285.00 304.00 321.00 348.00 359.00 398.00 473.00 514.00 543.00 570.00 644.00 774.00 885.00 814.00 739.00 671.00 632.00 612.00 523.00 442.00 379.00 427.00 494.00 511.00 462.00 486.00 498.00 570.00 568.00 542.00 551.00 569.00 592.00 489.00 427.00 405.00 381.00 360.00 344.00 308.00 289.00 286.00 289.00 254.04 271.00 275.00 276.00 266.00 263.00 241.12 299.00 325.00 323.00 273.00 265.03 265.03 277.00 277.01 279.00 279.01 315.00 401.00
235.00 250.00 252.00 254.00 288.00 283.00 275.00 275.01 275.02 317.00 334.00 368.00 387.00 421.00 453.00 528.00 575.00 624.00 666.00 765.00 865.00 910.00 855.00 815.00 805.00 757.00 663.00 580.00 479.00 401.00 367.01 451.00 420.00 423.00 467.00 472.00 513.00 510.00 508.00 484.00 507.00 540.00 484.00 422.00 410.00 366.00 336.00 314.00 309.00 302.00 268.01 268.00 281.00 291.00 317.00 315.00 308.00 293.00 241.11 264.00 296.00 318.00 278.00 265.02 300.00 328.00 334.00 344.00 320.00 335.00 390.00
217.00 237.00 230.00 267.00 275.00 257.01 278.00 329.00 361.00 419.00 413.00 412.00 461.00 511.00 568.00 664.00 681.00 764.00 756.00 809.00 882.00 947.00 867.00 774.00 762.00 752.00 698.00 648.00 533.00 474.00 410.00 367.00 373.00 376.00 425.00 407.00 455.00 463.00 456.00 457.00 458.00 505.00 519.00 454.00 446.00 411.00 386.00 370.00 335.00 318.00 310.00 298.00 297.00 320.00 346.00 304.00 274.00 241.10 241.10 263.00 274.00 265.00 265.01 290.00 365.00 403.00 433.00 420.00 400.00 376.00 385.00
215.00 220.00 228.00 239.00 257.00 295.00 308.00 336.00 453.00 543.00 559.00 549.00 595.00 663.00 712.00 748.00 763.00 776.00 751.00 771.00 894.00 877.00 829.00 708.00 701.00 712.00 672.00 634.00 604.00 526.00 461.00 380.00 364.00 356.01 359.00 356.00 397.00 416.00 420.00 404.00 415.00 445.00 462.00 438.00 391.00 396.00 366.00 353.00 349.00 334.00 314.00 321.00 310.00 331.00 331.00 308.00 252.00 241.09 241.10 241.11 254.00 294.00 306.00 331.00 334.00 391.00 450.00 433.00 416.00 448.00 461.00
225.00 257.00 291.00 309.00 337.00 381.00 374.00 394.00 391.00 455.00 490.00 520.00 526.00 622.00 680.00 724.00 722.00 701.00 721.00 783.00 858.00 818.00 752.00 695.00 608.00 643.00 633.00 579.00 582.00 556.00 507.00 437.00 370.00 356.01 356.00 329.00 332.00 379.00 390.00 407.00 358.00 380.00 387.00 351.00 344.00 377.00 367.00 346.01 346.00 345.00 345.00 337.00 310.00 306.00 326.00 308.00 241.08 246.00 261.00 279.00 323.00 340.00 372.00 389.00 386.00 408.00 452.00 455.00 498.00 507.00 502.00
307.00 316.00 352.00 385.00 391.00 461.00 438.00 421.00 431.00 420.00 447.00 466.00 529.00 623.00 627.00 654.00 658.00 690.00 778.00 828.00 811.00 748.00 675.00 652.00 608.00 562.00 585.00 543.00 544.00 532.00 493.00 472.00 448.00 423.00 378.00 372.00 323.00 318.00 383.00 391.00 331.00 329.00 325.00 310.01 310.02 332.00 356.00 370.00 379.00 370.00 366.00 341.00 310.00 284.00 302.00 296.00 244.00 241.07 249.00 278.00 282.00 338.00 401.00 453.00 445.00 476.00 472.00 514.00 551.00 497.00 533.00
365.00 368.00 393.00 409.00 462.00 515.00 489.00 452.00 438.00 431.00 445.00 472.00 537.00 555.00 578.00 618.00 656.00 729.00 796.00 749.00 741.00 692.00 647.00 587.00 591.00 544.00 532.00 543.00 500.00 504.00 497.00 505.00 499.00 444.00 365.00 330.00 305.00 316.00 342.00 329.00 314.00 301.01 310.00 328.00 373.00 391.00 398.00 406.00 397.00 362.00 371.00 365.00 300.00 268.00 261.00 253.00 241.06 261.00 276.00 287.00 288.00 350.00 387.00 454.00 473.00 497.00 548.00 555.00 492.00 524.00 611.00
368.00 433.00 428.00 491.00 486.00 464.00 455.00 442.00 431.01 434.00 461.00 485.00 494.00 505.00 510.00 576.00 684.00 726.00 705.00 682.00 669.00 626.00 632.00 562.00 549.00 534.00 484.00 508.00 480.00 476.00 491.00 470.00 454.00 461.00 388.00 332.00 296.06 296.05 296.04 303.00 301.00 334.00 336.00 360.00 423.00 453.00 424.00 403.00 417.00 371.00 329.00 318.00 324.00 307.00 283.00 241.05 241.05 277.00 311.00 314.00 361.00 410.00 391.00 382.00 464.00 545.00 499.00 486.00 469.00 533.00 655.00
349.00 397.00 430.00 425.00 425.00 443.00 440.00 462.00 447.00 461.00 467.00 461.00 475.00 469.00 485.00 563.00 630.00 623.00 620.00 606.00 620.00 585.00 553.00 567.00 511.00 521.00 483.00 463.00 463.00 453.00 440.00 424.00 432.00 391.00 400.00 345.00 296.06 296.05 296.04 296.03 296.03 334.00 346.00 370.00 365.00 394.00 377.00 354.00 371.00 345.00 291.00 270.00 296.00 279.00 242.00 241.04 248.00 281.00 317.00 364.00 393.00 346.00 362.00 441.00 530.00 487.00 459.00 429.00 497.00 551.00 608.00
366.00 393.00 403.00 410.00 439.00 442.00 434.00 453.00 487.00 478.00 460.00 451.00 456.00 459.00 517.00 569.00 587.00 580.00 565.00 579.00 554.00 549.00 513.00 531.00 512.00 486.00 470.00 438.00 444.00 419.00 400.00 378.00 404.00 362.00 335.00 305.00 298.00 296.05 296.04 296.03 296.02 301.00 309.00 318.00 372.00 397.00 368.00 334.00 323.00 277.00 283.00 272.00 244.00 249.00 241.03 253.00 266.00 276.00 315.00 349.00 315.00 372.00 429.00 476.00 481.00 433.00 418.00 415.00 488.00 517.00 600.00
422.00 400.00 402.00 413.00 412.00 426.00 436.00 432.00 444.00 463.00 471.00 449.00 451.00 498.00 545.00 546.00 554.00 567.00 545.00 542.00 514.00 510.00 506.00 486.00 487.00 463.00 446.00 448.00 433.00 419.00 412.00 366.00 370.00 372.00 349.00 312.00 296.06 296.05 316.00 303.00 298.00 296.01 296.00 286.00 331.00 311.00 347.00 322.00 312.00 250.00 232.00 245.00 243.00 241.02 250.00 251.00 270.00 272.00 275.00 302.00 363.00 391.00 435.00 445.00 414.00 396.00 379.00 418.00 467.00 542.00 563.00
423.00 404.00 424.00 407.00 403.00 418.00 453.00 445.00 424.00 457.00 438.00 435.00 471.00 526.00 555.00 528.00 511.00 511.00 514.00 520.00 508.00 474.00 472.00 468.00 467.00 450.00 427.00 419.00 415.00 403.00 369.00 385.00 341.00 364.00 363.00 333.00 323.00 319.00 321.00 323.00 296.02 319.00 313.00 287.00 273.01 273.00 259.00 253.00 294.00 256.00 227.05 241.00 241.01 246.00 269.00 291.00 318.00 302.00 337.00 346.00 331.00 346.00 387.00 360.00 380.00 364.00 459.00 477.00 511.00 560.00 590.00
426.00 404.01 421.00 410.00 390.01 418.00 475.00 454.00 411.00 412.00 404.00 473.00 509.00 552.00 550.00 517.00 497.00 496.00 485.00 512.00 507.00 501.00 471.00 464.00 446.00 453.00 424.00 398.01 398.01 406.00 402.00 369.00 324.00 322.00 339.00 362.00 364.00 342.00 318.00 357.00 334.00 317.00 331.00 300.00 284.00 281.00 278.00 237.00 227.05 227.04 281.00 274.00 267.00 254.00 260.00 310.00 359.00 362.00 390.00 383.00 380.00 349.00 323.00 342.00 351.00 405.00 473.00 540.00 568.00 564.00 575.00
