CHESS/sk/geo/sk.dem
ncols         140         
nrows         157         
xllcorner     776985.03882  
yllcorner     2618396.05334 
cellsize      250.00000   
NODATA_value  -9999.00000 
[rows 0 to 31 of 157, columns 0 to 70 of 140]
212.00 190.00 202.00 236.00 218.00 209.00 182.00 189.00 173.00 149.00 138.00 137.00 141.00 121.00 122.00 133.00 127.00 153.00 129.00 143.00 152.00 118.00 126.00 136.00 120.00 142.00 153.00 158.00 161.00 171.00 204.00 194.00 206.00 158.00 176.00 154.00 189.00 143.00 131.00 161.00 188.00 174.00 172.00 180.00 183.00 160.00 158.00 173.00 169.00 182.00 177.00 164.00 179.00 208.00 227.00 254.00 248.00 253.00 268.00 244.00 251.00 262.00 249.00 290.00 277.00 287.00 305.00 389.00 371.00 285.00 254.00
214.00 192.00 186.00 201.00 188.00 174.00 164.00 162.00 151.00 156.00 148.00 149.00 125.00 130.00 125.00 136.00 138.00 160.00 139.00 146.00 136.00 123.00 122.00 149.00 134.00 133.00 135.00 143.00 147.00 171.00 195.00 212.00 224.00 206.00 198.00 179.00 160.00 142.00 139.00 143.00 150.00 176.00 178.00 169.00 198.00 175.00 177.00 186.00 174.00 186.00 183.00 185.00 204.00 200.00 230.00 211.01 238.00 259.00 274.00 265.00 244.01 260.00 280.00 320.00 277.01 306.00 371.00 416.00 314.00 298.00 278.00
224.00 203.00 184.00 163.00 157.00 160.00 149.00 142.00 142.00 146.00 140.00 126.00 138.00 145.00 127.00 138.00 139.00 160.00 151.00 144.00 131.00 141.00 124.00 141.00 145.00 166.00 134.00 155.00 174.00 188.00 223.00 253.00 210.00 175.00 239.00 179.00 147.00 183.00 150.00 139.01 139.02 150.00 163.00 163.01 186.00 197.00 226.00 245.00 244.00 258.00 267.00 222.00 225.00 212.00 211.00 247.00 248.00 276.00 289.00 260.00 256.00 274.00 334.00 317.00 339.00 328.00 420.00 342.00 290.00 278.01 285.00
228.00 206.00 162.00 144.02 144.01 146.00 142.00 140.03 140.02 140.01 148.00 141.00 155.00 155.00 129.00 151.00 138.01 161.00 150.00 148.00 141.00 163.00 135.00 129.00 139.00 135.00 147.00 147.00 182.00 226.00 256.00 194.00 178.00 169.00 192.00 147.01 163.00 193.00 165.00 139.02 139.02 145.00 165.00 176.00 250.00 207.00 176.00 184.00 211.00 211.00 249.00 216.00 205.00 216.00 220.00 238.00 257.00 261.00 296.00 296.00 280.00 302.00 350.00 361.00 392.00 376.00 429.00 321.00 278.02 301.00 352.00
223.00 208.00 159.00 144.02 149.00 144.00 158.00 156.00 146.00 140.02 154.00 143.00 162.00 135.00 142.00 167.00 147.00 157.00 171.00 150.00 149.00 180.00 166.00 143.00 134.00 159.00 157.00 173.00 216.00 240.00 206.00 177.01 180.00 165.00 157.00 170.00 187.00 211.00 230.00 159.00 143.00 165.00 151.00 218.00 235.00 171.02 171.02 171.03 187.00 179.00 187.00 213.00 193.00 193.01 214.00 243.00 200.00 213.00 259.00 266.00 289.00 317.00 334.00 399.00 423.00 385.00 419.00 322.00 281.00 293.00 388.00
200.00 172.00 144.03 156.00 168.00 171.00 158.00 152.00 165.00 149.00 160.00 175.00 151.00 140.00 168.00 167.00 174.00 152.00 174.00 152.00 149.01 164.00 165.00 159.00 135.00 150.00 147.00 163.00 192.00 205.00 197.00 212.00 177.00 196.00 171.00 171.00 214.00 225.00 180.00 144.00 143.01 162.00 195.00 281.00 208.00 171.01 230.00 193.00 171.04 171.05 197.00 186.00 206.00 217.00 219.00 210.00 196.00 211.00 248.00 229.00 241.00 267.00 324.00 409.00 458.00 428.00 466.00 368.00 311.00 312.00 325.00
194.00 189.00 164.00 156.00 177.00 179.00 172.00 163.00 170.00 151.00 161.00 161.00 143.00 144.00 169.00 165.02 175.00 173.00 166.00 163.00 171.00 163.00 163.00 142.00 150.00 142.00 156.00 175.00 187.00 218.00 235.00 231.00 195.00 183.00 186.00 212.00 213.00 203.00 163.00 143.02 147.00 216.00 254.00 233.00 171.00 187.00 197.00 179.00 209.00 219.00 182.00 212.00 214.00 205.00 188.00 188.01 205.00 229.00 222.00 213.00 278.00 314.00 338.00 384.00 408.00 470.00 467.00 374.00 351.00 316.00 263.00
207.00 186.00 172.00 171.00 188.00 191.00 170.00 163.01 163.00 160.00 160.00 158.00 196.00 153.00 177.00 165.01 184.00 188.00 179.00 168.00 196.00 163.01 174.00 161.00 155.00 166.00 160.00 172.00 190.00 215.00 277.00 261.00 207.00 210.00 206.00 225.00 203.01 208.00 180.00 145.00 152.00 189.00 192.00 160.00 162.00 169.00 169.01 177.00 196.00 207.00 182.01 182.01 186.00 182.03 218.00 214.00 239.00 203.00 204.00 210.00 257.00 321.00 340.00 363.00 363.01 396.00 467.00 382.00 342.00 328.00 310.00
188.00 181.00 203.00 187.00 210.00 206.00 184.00 188.00 168.00 160.01 177.00 195.00 167.00 196.00 165.00 182.00 182.00 204.00 184.00 188.00 179.00 195.00 175.00 164.00 169.00 163.00 187.00 192.00 226.00 271.00 352.00 291.00 249.00 212.00 254.00 240.00 229.00 252.00 185.00 145.01 150.00 149.00 149.01 149.02 150.00 177.00 183.00 174.00 197.00 195.00 189.00 191.00 182.02 182.03 182.04 182.05 184.00 212.00 228.00 260.00 306.00 293.00 307.00 364.00 379.00 415.00 448.00 403.00 384.00 342.00 362.00
195.00 203.00 224.00 217.00 234.00 231.00 209.00 180.00 167.00 196.00 206.00 167.01 205.00 246.00 190.00 176.00 211.00 233.00 192.00 201.00 192.00 184.00 185.00 164.01 184.00 186.00 183.00 216.00 260.00 322.00 363.00 301.00 273.00 249.00 273.00 314.00 219.00 187.00 154.00 145.02 145.02 156.00 181.00 169.00 149.03 166.00 177.00 198.00 205.00 220.00 204.00 225.00 204.00 210.00 199.00 211.00 228.00 271.00 252.00 266.00 275.00 329.00 347.00 382.00 327.00 345.00 409.00 455.00 438.00 423.00 379.00
209.00 215.00 222.00 258.00 248.00 228.00 202.00 193.00 183.00 202.00 190.00 182.00 241.00 252.00 232.00 189.00 232.00 245.00 216.00 199.00 208.00 194.00 171.00 189.00 193.00 192.00 200.00 260.00 286.00 302.00 316.00 273.01 277.00 322.00 257.00 237.00 198.00 159.00 146.00 153.00 145.03 149.00 190.00 178.00 154.00 177.00 195.00 195.00 172.01 213.00 238.00 224.00 230.00 201.00 218.00 236.00 236.00 283.00 296.00 311.00 300.00 321.00 373.00 365.00 291.00 337.00 416.00 392.00 371.00 376.00 342.00
233.00 252.00 251.00 237.00 211.00 204.00 193.01 199.00 200.00 201.00 212.00 182.01 214.00 251.00 245.00 215.00 241.00 226.00 251.00 255.00 237.00 200.00 184.00 219.00 217.00 202.00 218.00 262.00 319.00 359.00 340.00 313.00 342.00 315.00 274.00 225.00 168.00 150.00 183.00 160.00 146.00 148.00 188.00 172.00 160.00 154.01 158.00 172.00 178.00 215.00 225.00 188.00 192.00 200.00 236.00 219.00 209.00 223.00 247.00 251.00 245.00 257.00 287.00 287.00 287.01 298.00 367.00 375.00 320.00 322.00 324.00
232.00 257.00 232.00 227.00 204.01 208.00 205.00 210.00 205.00 208.00 227.00 226.00 276.00 268.00 241.00 230.00 259.00 249.00 305.00 298.00 263.00 242.00 190.00 240.00 258.00 229.00 281.00 269.00 262.01 299.00 398.00 390.00 368.00 276.00 224.00 197.00 154.00 158.00 165.00 160.00 148.00 151.00 196.00 175.00 176.00 174.00 163.00 158.01 166.00 184.00 224.00 195.00 183.00 203.00 205.00 203.02 225.00 209.00 235.00 219.00 227.00 227.01 269.00 301.00 305.00 347.00 414.00 364.00 315.00 357.00 368.00
242.00 260.00 232.00 218.00 255.00 274.00 246.00 212.00 224.00 230.00 281.00 337.00 288.00 293.00 255.00 274.00 278.00 286.00 389.00 411.00 315.00 285.00 196.00 242.00 303.00 286.00 354.00 376.00 304.00 353.00 430.00 429.00 326.00 281.00 217.00 177.00 154.01 182.00 192.00 157.00 151.00 155.00 166.00 166.01 189.00 168.00 192.00 190.00 208.00 170.00 182.00 172.00 208.00 205.00 203.01 203.02 203.03 204.00 204.01 232.00 253.00 271.00 266.00 311.00 328.00 365.00 388.00 371.00 299.00 278.00 306.00
225.00 234.00 233.00 270.00 320.00 289.00 243.00 246.00 263.00 253.00 290.00 346.00 339.00 333.00 296.00 366.00 382.00 325.00 468.00 441.00 367.00 284.00 222.00 260.00 328.00 391.00 417.00 335.00 349.00 388.00 418.00 374.00 273.00 208.00 194.00 167.00 159.00 198.00 207.00 162.00 151.01 167.00 177.00 185.00 176.00 190.00 219.00 223.00 201.00 207.00 170.01 179.00 189.00 243.00 218.00 208.00 223.00 245.00 242.00 277.00 286.00 260.00 260.01 314.00 342.00 368.00 351.00 392.00 337.00 324.00 272.00
211.00 200.00 226.00 255.00 331.00 298.00 304.00 280.00 293.00 276.00 297.00 350.00 414.00 406.00 372.00 457.00 364.00 391.00 511.00 463.00 380.00 363.00 271.00 294.00 390.00 484.00 421.00 384.00 418.00 440.00 341.00 290.00 236.00 249.00 185.00 182.00 162.00 186.00 183.00 164.00 152.00 164.00 188.00 199.00 254.00 237.00 283.00 281.00 213.00 230.00 183.00 175.00 187.00 202.00 228.00 237.00 230.00 227.00 270.00 294.00 334.00 350.00 279.00 302.00 309.00 347.00 378.00 357.00 345.00 302.00 294.00
180.00 220.00 255.00 297.00 351.00 353.00 359.00 319.00 302.00 304.00 341.00 443.00 520.00 508.00 452.00 478.00 442.00 516.00 556.00 474.00 422.00 438.00 323.00 316.00 409.00 504.00 460.00 465.00 444.00 379.00 328.00 256.00 219.00 212.00 173.00 170.00 206.00 181.00 182.00 177.00 170.00 178.00 239.00 279.00 312.00 262.00 310.00 308.00 226.00 227.00 198.00 210.00 195.00 187.01 187.02 192.00 205.00 251.00 263.00 269.00 323.00 358.00 341.00 298.00 352.00 383.00 321.00 312.00 310.00 306.00 281.00
176.00 195.00 241.00 308.00 343.00 403.00 339.00 332.00 352.00 374.00 415.00 452.00 576.00 546.00 525.00 490.00 524.00 560.00 495.00 429.00 421.00 376.00 345.00 331.00 457.00 457.00 430.00 475.00 453.00 413.00 350.00 244.00 213.00 185.00 175.00 207.00 208.00 191.00 179.00 199.00 215.00 180.00 237.00 313.00 321.00 303.00 339.00 287.00 261.00 250.00 237.00 195.01 203.00 200.00 210.00 217.00 204.00 205.00 228.00 241.00 278.00 320.00 354.00 298.01 331.00 363.00 305.00 293.00 299.00 291.00 256.00
227.00 234.00 276.00 330.00 366.00 374.00 349.00 388.00 453.00 477.00 535.00 610.00 682.00 681.00 586.00 568.00 569.00 528.00 456.00 477.00 461.00 450.00 419.00 416.00 461.00 427.00 376.00 431.00 379.00 319.00 289.00 220.00 207.00 175.01 184.00 200.00 222.00 183.00 201.00 233.00 228.00 180.01 191.00 272.00 257.00 262.00 265.00 262.00 277.00 267.00 208.00 199.00 221.00 251.00 221.00 257.00 249.00 270.00 244.00 264.00 328.00 356.00 378.00 316.00 359.00 360.00 324.00 312.00 278.00 259.00 237.00
259.00 289.00 283.00 296.00 369.00 379.00 439.00 475.00 484.00 548.00 624.00 684.00 627.00 679.00 603.00 572.00 585.00 539.00 522.00 471.00 464.00 511.00 457.00 461.00 472.00 382.00 344.00 372.00 325.00 243.00 224.00 189.00 183.00 228.00 221.00 189.00 190.00 206.00 230.00 270.00 206.00 186.00 186.00 213.00 205.01 205.01 205.02 236.00 236.00 245.00 317.00 284.00 273.00 266.00 267.00 281.00 305.00 307.00 308.00 279.00 298.00 360.00 423.00 385.00 342.00 340.00 310.00 298.00 275.00 244.00 256.00
223.00 239.00 239.01 300.00 393.00 442.00 433.00 454.00 529.00 603.00 616.00 557.00 586.00 571.00 527.00 489.00 544.00 551.00 508.00 531.00 554.00 530.00 502.00 442.00 434.00 412.00 347.00 315.00 248.00 210.00 195.00 187.00 206.00 241.00 232.00 212.00 277.00 267.00 271.00 233.00 253.00 209.00 186.01 209.00 205.00 213.00 237.00 211.00 232.00 238.00 283.00 315.00 312.00 297.00 291.00 326.00 335.00 326.00 398.00 347.00 337.00 357.00 424.00 395.00 344.00 353.00 345.00 301.00 262.00 286.00 323.00
175.00 242.00 266.00 270.00 356.00 428.00 420.00 431.00 492.00 490.00 495.00 528.00 514.00 503.00 454.00 473.00 508.00 553.00 556.00 615.00 594.00 493.00 443.00 384.00 336.00 345.00 301.00 259.00 241.00 198.00 232.00 209.00 250.00 228.00 226.00 278.00 318.00 317.00 236.00 233.01 264.00 256.00 205.00 195.00 230.00 281.00 342.00 291.00 256.00 240.00 238.01 266.00 308.00 341.00 384.00 397.00 405.00 379.00 430.00 446.00 388.00 430.00 445.00 379.00 334.00 313.00 290.00 289.00 297.00 350.00 385.00
177.00 258.00 217.00 238.00 306.00 345.00 310.00 396.00 445.00 395.00 457.00 471.00 425.00 460.00 425.00 458.00 524.00 505.00 560.00 548.00 538.00 509.00 403.00 328.00 303.00 308.00 267.00 215.00 213.00 233.00 261.00 219.00 250.00 231.00 268.00 341.00 403.00 349.00 237.00 233.02 279.00 220.00 195.01 195.01 241.00 306.00 363.00 311.00 251.00 262.00 283.00 250.00 299.00 375.00 444.00 468.00 492.00 478.00 427.00 491.00 475.00 437.00 435.00 386.00 330.00 316.00 337.00 356.00 315.00 336.00 412.00
147.00 167.00 186.00 216.00 274.00 259.00 288.00 362.00 359.00 346.00 405.00 397.00 391.00 409.00 379.00 445.00 483.00 498.00 566.00 524.00 456.00 424.00 402.00 353.00 313.00 248.00 227.00 230.00 233.00 278.00 292.00 247.00 256.00 292.00 315.00 331.00 423.00 320.00 262.00 233.03 273.00 232.00 195.02 195.02 238.00 298.00 319.00 298.00 254.00 293.00 321.00 276.00 285.00 384.00 420.00 465.00 481.00 496.00 477.00 498.00 484.00 381.00 380.00 345.00 317.00 323.00 396.00 360.00 317.00 341.00 351.00
157.00 157.00 158.00 181.00 230.00 221.00 245.00 332.00 285.00 309.00 329.00 314.00 368.00 374.00 344.00 404.00 447.00 513.00 498.00 506.00 419.00 403.00 359.00 325.00 281.00 285.00 298.00 293.00 276.00 347.00 277.00 269.00 291.00 334.00 382.00 370.00 430.00 361.00 294.00 320.00 268.00 214.00 229.00 220.00 208.00 231.00 258.00 327.00 322.00 314.00 280.00 314.00 323.00 325.00 369.00 398.00 486.00 534.00 509.00 512.00 433.00 353.00 325.00 317.01 317.01 331.00 361.00 401.00 367.00 362.00 347.00
187.00 193.00 210.00 168.00 180.00 184.00 218.00 267.00 250.00 263.00 291.00 311.00 323.00 310.00 325.00 378.00 466.00 469.00 444.00 457.00 392.00 359.00 336.00 344.00 354.00 391.00 364.00 303.00 321.00 340.00 334.00 324.00 330.00 402.00 399.00 440.00 410.00 395.00 323.00 300.00 270.00 271.00 248.00 208.01 208.01 235.00 333.00 353.00 313.00 298.00 293.00 338.00 386.00 362.00 359.00 407.00 467.00 521.00 522.00 462.00 392.00 334.00 365.00 347.00 340.00 329.00 354.00 383.00 378.00 383.00 377.00
271.00 284.00 279.00 226.00 202.00 251.00 216.00 240.00 299.00 250.01 250.02 279.00 300.00 321.00 346.00 393.00 392.00 400.00 392.00 416.00 396.00 412.00 418.00 387.00 372.00 394.00 368.00 304.00 345.00 378.00 415.00 409.00 401.00 414.00 477.00 409.00 362.00 333.00 353.00 386.00 310.00 278.00 216.00 208.02 240.00 223.00 305.00 280.00 238.00 317.00 331.00 370.00 430.00 359.01 359.01 445.00 451.00 437.00 478.00 412.00 376.00 427.00 463.00 377.00 344.00 346.00 363.00 407.00 396.00 374.01 374.00
313.00 330.00 322.00 271.00 220.00 267.00 276.00 310.00 278.00 250.02 259.00 280.00 299.00 294.00 323.00 323.00 305.00 329.00 363.00 442.00 478.00 462.00 394.00 392.00 375.00 381.00 394.00 323.00 385.00 432.00 421.00 442.00 500.00 451.00 472.00 409.00 340.00 333.01 375.00 338.00 274.00 239.00 213.00 221.00 262.00 223.01 232.00 228.01 232.00 319.00 403.00 390.00 435.00 450.00 392.00 410.00 425.00 412.00 468.00 431.00 468.00 496.00 501.00 388.00 362.00 371.00 385.00 414.00 428.00 399.00 450.00
280.00 309.00 303.00 264.00 220.01 238.00 286.00 340.00 310.00 262.00 266.00 259.01 265.00 260.00 264.00 270.00 273.00 322.00 369.00 457.00 493.00 446.00 454.00 441.00 405.00 410.00 387.00 369.00 422.00 467.00 442.00 488.00 583.00 515.00 413.00 398.00 393.00 369.00 429.00 399.00 304.00 251.00 213.01 283.00 264.00 223.02 228.00 254.00 261.00 313.00 425.00 417.00 399.00 421.00 431.00 401.00 411.00 432.00 485.00 521.00 531.00 588.00 480.00 462.00 449.00 401.00 418.00 449.00 476.00 477.00 511.00
266.00 276.00 294.00 228.00 268.00 262.00 284.00 361.00 312.00 313.00 286.00 297.00 259.02 269.00 318.00 317.00 376.00 326.00 421.00 482.00 470.00 477.00 482.00 464.00 466.00 473.00 460.00 406.00 421.00 453.00 485.00 541.00 558.00 484.00 420.00 488.00 417.00 345.00 332.00 380.00 332.00 264.00 213.02 225.00 223.03 223.03 228.00 274.00 302.00 320.00 382.00 357.00 378.00 391.00 403.00 433.00 464.00 496.00 524.00 610.00 617.00 637.00 567.00 549.00 475.00 472.00 474.00 503.00 538.00 548.00 557.00
205.00 245.00 322.00 251.00 292.00 322.00 318.00 349.00 318.00 369.00 336.00 269.00 281.00 338.00 324.00 406.00 470.00 467.00 444.00 447.00 447.01 454.00 454.01 488.00 506.00 520.00 502.00 514.00 468.00 470.00 524.00 598.00 585.00 522.00 435.00 425.00 368.00 314.00 279.00 280.00 261.00 216.00 213.03 224.00 252.00 267.00 300.00 293.00 305.00 343.00 345.00 365.00 388.00 437.00 434.00 483.00 541.00 595.00 619.00 684.00 696.00 674.00 683.00 607.00 569.00 549.00 546.00 584.00 603.00 577.00 565.00
241.00 245.00 313.00 297.00 300.00 348.00 414.00 333.00 359.00 332.00 279.00 292.00 316.00 346.00 394.00 402.00 420.00 448.00 494.00 497.00 514.00 492.00 454.01 468.00 499.00 547.00 620.00 612.00 526.00 556.00 650.00 573.00 531.00 483.00 384.00 332.00 305.00 278.00 255.00 243.00 236.00 228.00 214.00 220.00 247.00 276.00 293.00 351.00 301.00 354.00 359.00 380.00 436.00 428.00 509.00 570.00 611.00 634.00 677.00 716.00 763.00 743.00 731.00 694.00 593.00 550.00 573.00 575.00 574.00 543.00 552.00
