CHESS/sk/geo/sk.dem
ncols         140         
nrows         157         
xllcorner     776985.03882  
yllcorner     2618396.05334 
cellsize      250.00000   
NODATA_value  -9999.00000 
[rows 96 to 127 of 157, columns 0 to 70 of 140]
268.00 248.00 209.00 202.00 213.00 224.00 282.00 243.00 179.00 177.11 259.00 321.00 320.00 312.00 305.00 281.00 288.00 230.00 185.01 185.01 185.01 229.00 222.00 223.00 206.00 192.00 211.00 214.00 225.00 227.00 253.00 271.00 306.00 287.00 271.00 282.00 344.00 335.00 313.00 355.00 338.00 306.00 320.00 288.00 244.00 208.05 208.06 236.00 267.00 300.00 230.00 257.00 339.00 373.00 368.00 311.00 354.00 307.00 401.00 562.00 640.00 521.00 420.00 359.00 340.00 389.00 433.00 464.00 362.00 281.00 236.00
289.00 269.00 239.00 272.00 257.00 253.00 253.00 243.00 177.10 177.10 234.00 260.00 242.00 259.00 262.00 269.00 253.00 228.00 195.00 185.00 186.00 203.00 205.00 203.00 198.00 195.00 186.00 194.00 222.00 257.00 256.00 284.00 276.00 243.00 232.00 259.00 301.00 269.00 267.00 297.00 280.00 260.00 267.00 218.00 208.04 208.05 265.00 331.00 352.00 318.00 274.00 294.00 402.00 471.00 476.00 391.00 432.00 404.00 417.00 536.00 640.00 504.00 439.00 460.00 445.00 456.00 513.00 441.00 345.00 355.00 253.00
294.00 284.00 314.00 298.00 265.00 248.00 222.00 204.00 177.09 177.09 191.00 190.00 191.00 221.00 251.00 257.00 247.00 194.01 194.00 207.00 180.09 197.00 183.00 203.00 206.00 184.00 204.00 195.00 237.00 223.00 236.00 251.00 260.00 213.00 207.00 247.00 281.00 272.00 217.00 217.00 208.00 208.01 208.02 208.03 216.00 281.00 343.00 391.00 423.00 398.00 335.00 290.00 339.00 466.00 482.00 495.00 516.00 475.00 490.00 563.00 655.00 621.00 552.00 541.00 519.00 535.00 563.00 517.00 472.00 416.00 277.00
287.00 337.00 334.00 278.00 225.00 193.00 177.10 177.09 177.08 189.00 177.08 191.00 177.08 219.00 254.00 242.00 229.00 232.00 221.00 193.00 180.08 205.00 181.00 194.00 180.08 194.00 189.00 220.00 207.00 215.00 223.00 209.00 209.00 220.00 182.00 201.00 234.00 193.01 193.01 193.02 225.00 221.00 273.00 317.00 278.00 264.00 267.00 317.00 401.00 450.00 359.00 355.00 355.00 381.00 415.00 439.00 454.00 478.00 485.00 513.00 472.00 549.00 520.00 477.00 469.00 481.00 526.00 504.00 440.00 386.00 324.00
285.00 322.00 290.00 255.00 237.00 235.00 177.10 185.00 203.00 177.07 177.07 189.00 177.07 231.00 231.00 213.00 208.00 221.00 214.00 192.00 180.07 182.00 180.07 180.07 193.00 190.00 185.00 189.00 200.00 218.00 195.00 200.00 187.00 190.00 181.00 181.01 209.00 193.00 242.00 193.02 205.00 292.00 294.00 282.00 220.01 220.02 220.03 270.00 326.00 431.00 434.00 414.00 384.00 403.00 395.00 366.00 373.00 376.00 372.00 377.00 381.00 424.00 404.00 379.00 390.00 347.00 384.00 367.00 369.00 299.00 241.03
323.00 325.00 305.00 285.00 279.00 269.00 207.00 177.09 177.08 177.07 177.06 177.06 177.06 219.00 223.00 188.01 220.00 212.00 188.00 185.00 195.00 180.06 180.06 182.00 184.00 182.02 185.00 189.00 204.00 194.00 186.00 180.14 180.15 180.16 204.00 185.00 181.02 226.00 266.00 253.00 193.03 234.00 198.00 220.00 223.00 229.00 228.00 252.00 293.00 334.00 346.00 346.01 356.00 391.00 362.00 338.00 319.00 312.00 299.00 286.00 306.00 312.00 309.00 314.00 299.00 291.00 309.00 286.00 273.00 241.04 241.04
368.00 310.00 290.00 263.00 249.00 228.00 212.00 177.09 177.08 177.07 195.00 177.05 186.00 183.00 188.00 211.00 203.00 197.00 185.00 194.00 196.00 191.00 180.05 192.00 182.01 182.02 190.00 211.00 196.00 180.12 180.13 180.14 180.15 180.16 183.00 194.00 228.00 283.00 337.00 258.00 219.00 193.04 196.00 272.00 315.00 343.00 310.00 361.00 416.00 327.00 346.00 364.00 394.00 387.00 432.00 416.00 367.00 355.00 349.00 310.00 268.00 247.00 249.00 241.10 241.09 241.08 247.00 253.00 241.05 241.05 241.05
343.00 324.00 319.00 250.00 221.01 225.00 215.00 185.00 182.00 216.00 200.00 177.04 177.04 177.05 177.06 191.00 189.00 184.00 180.03 180.03 185.00 180.04 180.05 183.00 196.00 186.00 196.00 187.00 180.11 180.12 180.13 180.14 180.15 189.00 195.00 194.00 237.00 301.00 245.00 203.00 193.05 242.00 296.00 372.00 426.00 462.00 403.00 419.00 445.00 400.00 457.00 445.00 467.00 463.00 514.00 541.00 467.00 450.00 446.00 365.00 276.00 241.12 241.11 241.10 241.09 241.08 241.07 241.06 241.06 241.06 241.06
403.00 414.00 364.00 309.00 246.00 221.00 223.00 217.00 232.00 235.00 187.00 177.03 200.00 209.00 182.00 177.07 183.00 192.00 188.00 180.02 180.03 180.04 180.05 180.06 193.00 180.08 180.09 180.10 180.11 180.12 180.13 180.14 191.00 213.00 230.00 211.00 218.00 217.00 193.07 193.06 223.00 304.00 397.00 499.00 575.00 570.00 483.00 504.00 506.00 571.00 642.00 666.00 641.00 575.00 581.00 673.00 678.00 614.00 534.00 393.00 285.00 241.12 241.11 241.10 241.09 241.08 241.07 241.07 241.07 241.07 241.07
412.00 427.00 340.00 269.00 306.00 281.00 207.00 194.00 177.00 177.01 177.02 196.00 255.00 240.00 197.00 177.08 177.08 180.00 180.01 180.02 180.03 180.04 180.05 180.06 180.07 180.08 180.09 180.10 180.11 180.12 180.13 181.00 186.00 222.00 212.00 228.00 193.09 193.08 225.00 256.00 302.00 350.00 426.00 534.00 637.00 651.00 585.00 600.00 592.00 676.00 727.00 787.00 813.00 694.00 661.00 755.00 734.00 737.00 608.00 437.00 307.00 249.00 241.11 241.10 241.09 241.08 263.00 265.00 261.00 241.08 241.08
389.00 363.00 305.00 318.00 386.00 327.00 237.00 168.00 196.00 217.00 210.00 265.00 296.00 217.00 190.00 177.09 189.00 183.00 186.00 180.02 180.03 180.04 180.05 180.06 180.07 180.08 180.09 180.10 185.00 180.12 180.13 180.14 191.00 197.00 224.00 217.00 223.00 297.00 378.00 434.00 412.00 425.00 453.00 466.00 626.00 716.00 692.00 656.00 682.00 733.00 802.00 869.00 895.00 751.00 775.00 870.00 820.00 714.00 594.00 472.00 340.00 258.00 268.00 241.10 241.09 258.00 360.00 399.00 363.00 277.00 241.09
353.00 317.00 348.00 392.00 442.00 366.00 301.00 186.00 162.00 143.01 145.00 238.00 271.00 242.00 231.00 205.00 196.00 183.01 189.00 180.03 180.03 180.04 185.00 180.06 180.07 180.08 180.09 180.10 194.00 180.13 186.00 182.00 180.15 197.00 224.00 270.00 319.00 397.00 499.00 575.00 526.00 530.00 596.00 616.00 660.00 698.00 737.00 740.00 801.00 787.00 903.00 984.00 976.00 842.00 898.00 905.00 788.00 665.00 551.00 469.00 357.00 339.00 342.00 249.00 312.00 342.00 394.00 506.00 439.00 360.00 284.00
357.00 377.00 420.00 438.00 467.00 401.00 316.00 275.00 202.00 160.00 143.00 245.00 239.00 272.00 257.00 251.00 208.00 183.02 203.00 180.04 204.00 248.00 254.00 180.07 180.07 180.08 180.09 180.10 195.00 185.00 180.14 186.00 185.00 225.00 304.00 351.00 411.00 489.00 604.00 685.00 591.00 648.00 643.00 673.00 722.00 792.00 786.00 807.00 877.00 864.00 936.00 1081.00 1098.00 1002.00 956.00 798.00 710.00 638.00 564.00 477.00 379.00 369.00 303.00 304.00 418.00 467.00 422.00 537.00 534.00 443.00 413.00
295.00 374.00 396.00 402.00 423.00 411.00 358.00 261.00 154.00 129.01 150.00 189.00 215.00 236.00 279.00 296.00 249.00 227.00 278.00 234.00 306.00 315.00 261.00 196.00 180.08 180.08 180.09 180.10 201.00 192.00 193.00 192.00 220.00 256.00 353.00 455.00 484.00 588.00 696.00 747.00 750.00 767.00 724.00 776.00 806.00 889.00 867.00 897.00 954.00 929.00 970.00 1067.00 1026.00 983.00 907.00 776.00 693.00 564.00 527.00 456.00 353.00 305.00 303.01 396.00 483.00 541.00 467.00 579.00 611.00 499.00 509.00
252.00 331.00 353.00 309.00 337.00 390.00 374.00 275.00 182.00 129.00 179.00 200.00 276.00 310.00 384.00 414.00 366.00 367.00 372.00 383.00 416.00 338.00 263.00 199.00 180.09 199.00 182.00 180.10 180.11 180.12 180.13 208.00 252.00 282.00 369.00 467.00 514.00 643.00 763.00 817.00 832.00 789.00 828.00 844.00 860.00 961.00 944.00 937.00 1028.00 1033.00 1071.00 1016.00 885.00 850.00 844.00 774.00 640.00 536.00 460.00 399.00 323.00 315.00 305.00 456.00 541.00 540.00 500.00 612.00 681.00 566.00 633.00
256.00 314.00 331.00 255.00 282.00 332.00 365.00 288.00 240.00 147.00 126.01 161.00 303.00 336.00 440.00 372.00 353.00 385.00 290.00 355.00 317.00 220.00 188.00 180.10 181.00 190.00 202.00 180.11 180.11 180.12 180.13 207.00 311.00 365.00 367.00 426.00 451.00 533.00 633.00 781.00 862.00 835.00 884.00 872.00 897.00 986.00 969.00 980.00 1070.00 1122.00 1102.00 938.00 826.00 736.00 706.00 700.00 621.00 518.00 444.00 367.00 368.00 344.00 305.01 460.00 611.00 589.00 527.00 609.00 658.00 606.00 710.00
264.00 307.00 321.00 271.00 239.00 234.00 327.00 362.00 287.00 244.00 170.00 126.00 264.00 328.00 325.00 339.00 254.00 246.00 199.00 215.00 280.00 194.00 204.00 182.00 226.00 193.00 180.12 180.12 180.12 182.00 196.00 229.00 320.00 416.00 492.00 511.00 547.00 622.00 718.00 758.00 740.00 672.00 729.00 863.00 877.00 864.00 907.00 911.00 984.00 1023.00 1052.00 1006.00 958.00 806.00 698.00 605.00 600.00 505.00 391.00 443.00 420.00 346.00 309.00 440.00 569.00 642.00 568.00 594.00 703.00 686.00 676.00
197.00 277.00 274.00 263.00 228.00 158.00 205.00 312.00 265.00 213.00 152.00 97.04 226.00 301.00 230.00 235.00 257.00 165.02 165.02 165.03 165.04 166.00 229.00 261.00 203.00 185.00 180.13 180.13 180.13 180.13 204.00 293.00 355.00 390.00 463.00 518.00 504.00 468.00 315.01 605.00 654.00 601.00 563.00 648.00 703.00 733.00 752.00 740.00 808.00 796.00 1000.00 1059.00 1024.00 889.00 762.00 650.00 581.00 499.00 457.00 498.00 461.00 315.00 363.00 463.00 593.00 716.00 621.00 620.00 727.00 734.00 743.00
196.00 258.00 247.00 173.00 171.00 126.00 200.00 180.00 181.00 97.02 97.03 97.04 135.00 170.00 164.00 205.00 247.00 165.01 188.00 233.00 221.00 200.00 198.00 228.00 243.00 193.00 180.14 181.00 196.00 182.00 224.00 288.00 281.00 239.00 257.00 287.00 319.00 327.00 315.00 424.00 490.00 497.00 464.00 530.00 597.00 639.00 662.00 618.00 730.00 708.00 944.00 994.00 959.00 842.00 740.00 649.00 539.00 475.00 545.00 483.00 437.00 381.00 328.00 484.00 609.00 698.00 631.00 687.00 798.00 810.00 779.00
163.00 186.00 183.00 128.00 132.00 125.00 128.00 100.00 97.01 116.00 142.00 131.00 110.00 114.00 120.00 158.00 165.00 165.01 181.00 202.00 190.00 165.05 168.00 196.00 224.00 223.00 218.00 203.00 191.00 182.01 182.01 182.02 182.03 182.04 191.00 217.00 243.00 258.00 297.00 339.00 347.00 370.00 389.00 526.00 580.00 622.00 612.00 543.00 623.00 645.00 834.00 954.00 910.00 806.00 678.00 588.00 531.00 580.00 547.00 478.00 397.00 334.00 341.00 476.00 613.00 645.00 642.00 710.00 793.00 837.00 778.00
135.00 120.00 89.00 95.00 97.00 137.00 81.07 97.00 150.00 209.00 237.00 212.00 206.00 198.00 135.00 133.00 179.00 165.01 165.02 165.03 165.04 172.00 200.00 260.00 290.00 299.00 292.00 278.00 243.00 215.00 188.00 182.02 182.03 182.04 182.05 186.00 199.00 203.00 233.00 264.00 299.00 324.00 361.00 467.00 549.00 526.00 543.00 529.00 561.00 657.00 841.00 932.00 833.00 706.00 634.00 639.00 588.00 568.00 549.00 532.00 435.00 334.01 374.00 475.00 550.00 553.00 552.00 593.00 766.00 826.00 787.00
85.00 81.01 81.02 81.03 81.04 115.00 81.06 145.00 175.00 246.00 285.00 296.00 306.00 295.00 230.00 244.00 249.00 169.00 165.02 173.00 192.00 240.00 345.00 368.00 407.00 490.00 495.00 408.00 328.00 268.00 239.00 206.00 212.00 205.00 197.00 199.00 195.00 195.01 210.00 236.00 254.00 297.00 339.00 347.00 412.00 424.00 467.00 511.00 539.00 696.00 875.00 912.00 815.00 708.00 684.00 621.00 583.00 582.00 584.00 555.00 478.00 341.00 385.00 513.00 527.00 544.00 595.00 585.00 631.00 764.00 728.00
81.00 81.01 81.02 81.03 81.04 81.05 115.00 181.00 199.00 211.00 227.00 314.00 317.00 349.00 318.00 220.00 169.01 171.00 241.00 277.00 342.00 430.00 458.00 478.00 528.00 598.00 665.00 573.00 498.00 429.00 291.00 296.00 271.00 293.00 288.00 285.00 287.00 285.00 315.00 284.00 237.00 262.00 286.00 332.00 340.00 363.00 422.00 434.00 444.00 512.00 636.00 735.00 733.00 690.00 647.00 595.00 605.00 589.00 585.00 569.00 473.00 375.00 350.00 451.00 491.00 538.00 609.00 650.00 613.00 638.00 674.00
138.00 159.00 136.00 100.00 81.04 118.00 194.00 236.00 171.00 173.00 239.00 283.00 199.00 183.00 195.00 172.00 213.00 326.00 376.00 425.00 464.00 554.00 619.00 624.00 639.00 697.00 674.00 622.00 560.00 440.00 428.00 410.00 385.00 412.00 365.00 348.00 321.00 358.00 380.00 369.00 305.00 312.00 273.00 292.00 311.00 340.00 362.00 400.00 419.00 496.00 598.00 648.00 662.00 613.00 559.00 498.00 491.00 463.00 506.00 472.00 479.00 426.00 350.01 455.00 514.00 533.00 620.00 678.00 712.00 704.00 736.00
141.00 130.00 107.00 98.00 102.00 83.00 182.00 158.00 145.00 179.00 240.00 220.00 127.00 112.00 157.00 244.00 334.00 411.00 456.00 525.00 559.00 635.00 730.00 791.00 772.00 768.00 664.00 565.00 546.00 490.00 490.00 554.00 519.00 498.00 461.00 440.00 340.00 422.00 458.00 437.00 364.00 324.00 281.00 290.00 298.00 322.00 353.00 394.00 399.00 456.00 484.00 529.00 526.00 508.00 479.00 410.00 389.06 390.00 400.00 389.03 394.00 413.00 389.00 414.00 433.00 511.00 575.00 690.00 736.00 817.00 804.00
110.00 97.00 77.01 81.00 83.00 72.00 130.00 130.01 167.00 233.00 209.00 154.00 95.02 102.00 177.00 245.00 351.00 388.00 490.00 587.00 677.00 777.00 858.00 863.00 779.00 726.00 598.00 611.00 584.00 534.00 506.00 601.00 656.00 621.00 550.00 423.00 360.00 450.00 520.00 478.00 423.00 383.00 319.00 323.00 346.00 374.00 399.00 442.00 405.00 434.00 456.00 438.00 445.00 451.00 427.00 397.00 413.00 389.05 389.04 389.03 389.02 389.01 389.01 471.00 526.00 635.00 614.00 640.00 717.00 852.00 898.00
107.00 85.00 81.00 77.00 70.00 143.00 132.00 150.00 178.00 157.00 95.00 95.01 104.00 149.00 220.00 272.00 368.00 458.00 564.00 686.00 765.00 822.00 896.00 917.00 873.00 746.00 681.00 651.00 605.00 591.00 529.00 587.00 707.00 683.00 619.00 498.00 427.00 427.00 546.00 434.00 396.00 362.00 319.01 328.00 349.00 407.00 473.00 473.00 448.00 413.00 433.00 461.00 428.00 423.01 435.00 399.00 389.06 418.00 395.00 389.03 389.02 389.02 389.02 483.00 668.00 762.00 760.00 707.00 788.00 876.00 962.00
82.00 75.00 81.00 87.00 68.00 132.00 114.00 100.00 85.00 89.00 155.00 202.00 251.00 273.00 344.00 389.00 445.00 589.00 675.00 715.00 798.00 896.00 949.00 933.00 870.00 875.00 815.00 742.00 707.00 614.00 559.00 590.00 705.00 750.00 677.00 567.00 476.00 427.01 526.00 430.00 372.00 370.00 352.00 372.00 392.00 459.00 514.00 516.00 511.00 480.00 460.00 478.00 487.00 454.00 423.00 408.00 389.06 389.05 389.04 389.03 389.03 389.03 410.00 481.00 603.00 741.00 848.00 856.00 889.00 977.00 1023.00
66.00 62.00 79.00 91.00 62.01 78.00 73.00 66.00 83.00 187.00 277.00 307.00 288.00 343.00 449.00 460.00 522.00 596.00 625.00 647.00 699.00 752.00 900.00 951.00 953.00 957.00 899.00 809.00 751.00 667.00 612.00 681.00 723.00 773.00 696.00 607.00 498.00 427.02 518.00 500.00 450.00 449.00 430.00 490.00 512.00 526.00 579.00 550.00 529.00 550.00 509.00 499.00 488.00 435.00 418.00 400.00 405.00 389.05 389.04 389.04 389.04 438.00 401.00 481.00 582.00 715.00 877.00 950.00 1027.00 1093.00 1089.00
59.00 64.00 61.00 62.00 62.01 65.00 65.01 84.00 182.00 308.00 373.00 381.00 406.00 382.00 476.00 512.00 528.00 545.00 560.00 588.00 629.00 689.00 740.00 837.00 935.00 999.00 953.00 900.00 780.00 708.00 673.00 740.00 768.00 778.00 771.00 646.00 529.00 447.00 540.00 571.00 537.00 516.00 508.00 613.00 656.00 633.00 596.00 568.00 600.00 550.00 505.00 481.00 470.00 422.00 425.00 389.07 389.06 389.05 389.05 396.00 427.00 502.00 475.00 509.00 608.00 711.00 798.00 956.00 1091.00 1046.00 1026.00
59.00 59.01 65.00 66.00 65.00 65.00 91.00 188.00 275.00 374.00 414.00 430.00 455.00 412.00 436.00 474.00 491.00 522.00 576.00 608.00 639.00 677.00 724.00 833.00 880.00 967.00 1008.00 952.00 843.00 737.00 705.00 690.00 755.00 816.00 793.00 687.00 556.00 472.00 612.00 641.00 643.00 630.00 561.00 643.00 679.00 635.00 571.00 591.00 574.00 573.00 533.00 502.00 452.00 428.00 453.00 433.00 399.00 389.06 389.06 391.00 487.00 525.00 526.00 568.00 620.00 696.00 825.00 933.00 987.00 886.00 871.00
72.00 64.00 94.00 70.00 71.00 81.00 170.00 244.00 293.00 367.00 416.00 462.00 481.00 457.00 462.00 473.00 495.00 536.00 562.00 620.00 651.00 711.00 753.00 839.00 896.00 965.00 1011.00 920.00 800.00 751.00 777.00 732.00 791.00 819.00 709.00 640.00 565.00 505.00 533.00 552.00 658.00 671.00 634.00 657.00 694.00 658.00 607.00 540.00 524.00 522.00 501.00 480.00 470.00 459.00 471.00 420.00 422.00 389.07 389.07 389.07 412.00 463.00 547.00 618.00 588.00 577.00 726.00 852.00 831.00 738.00 740.00
