CHESS/sk/geo/sk.dem
ncols         140         
nrows         157         
xllcorner     776985.03882  
yllcorner     2618396.05334 
cellsize      250.00000   
NODATA_value  -9999.00000 
[rows 64 to 95 of 157, columns 0 to 70 of 140]
431.00 425.00 425.00 414.00 390.00 419.00 470.00 455.00 414.00 398.01 419.00 482.00 558.00 584.00 570.00 508.00 481.00 477.00 494.00 494.00 497.00 502.00 484.00 459.00 437.00 429.00 428.00 405.00 398.00 411.00 392.00 368.00 380.00 347.00 312.00 350.00 339.00 316.00 359.00 362.00 378.00 363.00 364.00 342.00 360.00 344.00 307.00 265.00 238.00 228.00 227.03 239.00 262.00 245.00 262.00 333.00 365.00 359.00 363.00 386.00 344.00 283.00 304.00 334.00 371.00 406.00 495.00 509.00 531.00 573.00 587.00
405.00 405.00 398.00 398.00 386.00 401.00 436.00 403.00 398.00 409.00 443.00 478.00 516.00 563.00 545.00 498.00 460.00 458.00 460.00 478.00 478.00 497.00 534.00 525.00 489.00 439.00 436.00 444.00 384.00 410.00 402.00 385.00 356.00 332.00 295.00 310.00 295.00 285.00 309.00 330.00 375.00 399.00 374.00 369.00 353.00 279.00 261.00 281.00 322.00 288.00 234.00 227.02 240.00 285.00 327.00 332.00 346.00 321.00 338.00 319.00 279.00 344.00 376.00 364.00 399.00 381.00 437.00 447.00 491.00 509.00 516.00
392.00 385.00 376.00 383.00 386.00 391.00 394.00 369.00 416.00 452.00 434.00 432.00 473.00 516.00 530.00 488.00 467.00 463.00 429.00 435.00 420.00 492.00 496.00 514.00 478.00 442.00 403.00 450.00 415.00 382.00 422.00 420.00 361.00 347.00 304.00 289.01 289.00 302.00 273.01 286.00 347.00 339.00 332.00 312.00 269.00 238.00 288.00 333.00 340.00 253.00 227.01 227.01 232.00 295.00 323.00 338.00 336.00 306.00 274.00 277.00 348.00 381.00 400.00 469.00 495.00 459.00 432.00 442.00 419.00 416.00 436.00
366.00 376.00 344.00 379.00 368.00 347.00 330.00 374.00 441.00 425.00 412.00 416.00 444.00 490.00 495.00 487.00 465.00 456.00 432.00 400.00 418.00 430.00 445.00 501.00 451.00 401.00 345.00 380.00 377.00 402.00 409.00 367.00 322.00 314.00 298.00 322.00 321.00 295.00 278.00 273.00 331.00 311.00 279.00 253.00 235.01 235.00 262.00 250.00 267.00 241.00 229.00 227.00 308.00 302.00 312.00 273.00 280.00 253.00 270.00 332.00 375.00 372.00 458.00 530.00 550.00 547.00 524.00 481.00 407.00 358.00 360.00
350.00 325.00 332.00 359.00 313.00 306.00 358.00 414.00 444.00 431.00 406.01 420.00 463.00 477.00 460.00 475.00 483.00 429.00 376.00 404.00 420.00 364.00 424.00 471.00 436.00 392.00 330.00 334.00 364.00 400.00 385.00 357.00 337.00 346.00 319.00 371.00 308.00 287.00 265.00 256.02 269.00 257.00 238.01 238.00 253.00 245.00 233.01 233.00 244.00 235.00 216.04 231.00 285.00 284.00 281.00 247.00 237.00 295.00 344.00 344.00 359.00 399.00 464.00 526.00 553.00 590.00 563.00 518.00 447.00 392.00 335.00
337.00 305.00 258.00 302.00 288.00 345.00 373.00 400.00 410.00 414.00 406.00 427.00 472.00 459.00 439.00 431.00 418.00 392.00 333.00 348.00 346.00 352.00 432.00 424.00 393.00 355.00 329.02 346.00 436.00 429.00 412.00 375.00 377.00 428.00 411.00 389.00 380.00 329.00 286.00 256.02 256.01 256.00 256.00 340.00 312.00 277.00 282.00 240.00 221.00 222.00 216.03 219.00 260.00 252.00 257.00 216.00 263.00 259.00 332.00 354.00 396.00 444.00 454.00 502.00 497.00 514.00 538.00 516.00 476.00 389.00 396.00
325.00 285.00 259.00 243.00 287.00 339.00 382.00 397.00 383.00 387.00 422.00 445.00 473.00 425.00 415.00 399.00 343.00 394.00 342.00 301.03 309.00 346.00 425.00 407.00 342.00 329.01 329.02 369.00 438.00 452.00 432.00 428.00 437.00 436.00 443.00 407.00 380.00 338.00 298.00 256.02 302.00 338.00 319.00 389.00 383.00 328.00 286.00 239.00 216.02 216.02 216.03 230.00 249.00 246.00 250.00 211.10 234.00 254.00 345.00 386.00 400.00 449.00 485.00 485.00 441.00 478.00 531.00 482.00 459.00 441.00 426.00
362.00 304.00 281.00 210.01 276.00 334.00 375.00 408.00 368.01 397.00 416.00 414.00 431.00 414.00 374.00 328.00 326.00 363.00 356.00 301.02 315.00 390.00 355.00 347.00 329.00 335.00 373.00 420.00 478.00 457.00 422.00 438.00 428.00 434.00 405.00 359.00 320.00 278.00 276.00 305.00 330.00 381.00 405.00 391.00 401.00 369.00 295.00 224.00 216.01 217.00 225.00 224.00 230.00 236.00 212.00 211.09 251.00 264.00 355.00 407.00 421.00 448.00 523.00 481.00 429.00 391.00 433.00 426.00 439.00 407.00 435.00
357.00 291.00 257.00 210.00 244.00 323.00 373.00 368.00 391.00 403.00 392.00 418.00 375.00 367.00 355.00 369.00 304.00 329.00 301.02 301.01 310.00 384.00 318.00 298.00 300.00 366.00 352.00 393.00 471.00 478.00 431.00 386.00 431.00 375.00 362.00 313.00 278.01 298.00 350.00 318.00 313.00 315.00 354.00 290.00 308.00 309.00 225.00 216.02 216.01 216.00 219.00 211.05 211.06 211.07 211.08 241.00 285.00 333.00 358.00 435.00 463.00 517.00 565.00 504.00 464.00 411.00 337.00 394.00 394.00 440.00 412.00
360.00 309.00 260.00 265.00 209.00 282.00 337.00 392.00 400.00 366.00 404.00 404.00 368.00 359.00 338.00 345.00 312.00 301.03 331.00 344.00 301.00 300.00 270.00 323.00 374.00 376.00 416.00 442.00 496.00 502.00 489.00 417.00 385.00 354.00 323.00 301.00 327.00 376.00 375.00 327.00 302.00 275.00 259.00 253.01 274.00 278.00 246.00 245.00 230.00 219.00 211.04 228.00 215.00 233.00 238.00 283.00 359.00 376.00 406.00 471.00 567.00 574.00 555.00 523.00 468.00 412.00 353.00 309.00 331.00 427.00 343.00
380.00 348.00 316.00 273.00 203.00 267.00 326.00 371.00 357.00 365.00 381.00 354.00 366.00 341.00 324.00 320.00 301.04 340.00 402.00 353.00 282.00 266.00 320.00 352.00 373.00 394.00 379.00 476.00 500.00 554.00 496.00 422.00 369.00 347.00 410.00 384.00 374.00 402.00 364.00 319.00 301.00 323.00 299.00 288.00 253.00 223.00 216.00 211.03 211.03 211.03 225.00 257.00 274.00 290.00 290.00 316.00 333.00 347.00 409.00 461.00 580.00 558.00 510.00 470.00 433.00 363.00 339.00 290.00 296.00 320.00 324.00
378.00 373.00 347.00 287.00 201.00 258.00 321.00 356.00 339.00 380.00 362.00 348.00 342.00 378.00 319.00 301.05 354.00 354.00 368.00 345.00 267.00 261.01 268.00 302.00 315.00 335.00 398.00 450.00 482.00 538.00 484.00 412.00 420.00 419.00 458.00 442.00 432.00 401.00 381.00 383.00 359.00 347.00 333.00 277.00 220.00 211.03 211.02 211.02 211.02 248.00 253.00 256.00 282.00 284.00 276.00 312.00 312.01 351.00 411.00 441.00 523.00 538.00 520.00 478.00 432.00 375.00 332.00 328.00 283.00 275.00 275.00
356.00 354.00 338.00 251.00 199.01 240.00 301.00 309.00 360.00 347.00 354.00 349.00 342.01 345.00 319.00 327.00 340.00 302.00 328.00 290.00 293.00 285.00 261.00 268.00 307.00 383.00 359.00 414.00 453.00 447.00 465.00 461.00 497.00 503.00 460.00 488.00 472.00 454.00 429.00 402.00 335.00 317.00 293.00 250.00 220.00 259.00 245.00 211.01 237.00 258.00 259.00 238.00 235.00 252.00 295.00 312.00 370.00 390.00 386.00 428.00 481.00 485.00 461.00 485.00 443.00 376.00 366.00 349.00 301.00 252.00 242.00
350.00 325.00 288.00 253.00 199.00 223.00 249.00 307.00 276.00 338.00 360.00 342.02 378.00 347.00 330.00 347.00 323.00 307.00 290.01 310.00 321.00 356.00 290.00 259.00 296.00 282.00 297.00 338.00 389.00 499.00 556.00 518.00 473.00 452.00 501.00 490.00 465.00 439.00 407.00 350.00 296.00 290.00 280.00 226.00 273.00 285.00 268.00 214.00 211.00 211.00 216.00 215.00 221.00 253.00 293.00 314.00 344.00 394.00 409.00 427.00 468.00 471.00 393.00 388.00 372.00 327.00 324.00 318.00 309.00 276.00 235.00
393.00 357.00 261.00 220.00 189.13 189.13 223.00 225.00 274.00 373.00 403.00 392.00 390.00 368.00 361.00 349.00 349.00 318.00 332.00 363.00 391.00 367.00 341.00 293.00 250.01 273.00 277.00 365.00 491.00 591.00 554.00 498.00 466.00 442.00 483.00 456.00 424.00 398.00 369.00 316.00 290.00 291.00 288.00 269.00 262.00 244.00 240.00 208.23 208.24 208.25 208.26 211.00 249.00 276.00 295.00 300.00 324.00 337.00 384.00 390.00 446.00 418.00 356.00 331.00 320.00 299.00 298.00 263.00 261.00 246.00 232.02
384.00 335.00 252.00 197.00 189.12 189.12 192.00 225.00 317.00 398.00 407.00 372.01 382.00 388.00 364.00 358.00 357.00 342.00 331.00 366.00 333.00 288.00 313.00 250.00 258.00 262.00 350.00 434.00 531.00 580.00 488.00 429.00 413.00 424.00 450.00 431.00 412.00 367.00 341.00 312.00 313.00 287.00 272.00 287.00 270.00 226.00 208.22 208.23 208.24 208.25 208.26 231.00 266.00 265.00 279.00 288.00 290.00 311.00 325.00 390.00 388.00 369.00 325.00 288.00 270.00 258.00 247.00 254.00 237.00 233.00 232.01
298.00 273.00 224.00 209.00 189.11 189.11 213.00 248.00 297.00 369.00 386.00 372.00 382.00 370.00 382.00 349.00 333.00 374.00 364.00 394.00 292.00 223.00 234.00 209.01 226.00 324.00 399.00 491.00 544.00 525.00 484.00 446.00 405.01 437.00 487.00 427.00 402.00 360.00 330.00 348.00 324.00 293.00 312.00 322.00 274.00 208.21 215.00 224.00 224.00 213.00 228.00 246.00 253.00 262.00 270.00 274.00 275.00 309.00 311.00 357.00 370.00 320.00 305.00 257.00 243.00 239.00 250.00 231.01 231.01 232.00 261.00
260.00 234.00 230.00 212.00 189.10 200.00 217.00 220.00 277.00 363.00 362.00 368.00 354.00 351.00 376.00 345.00 324.00 373.00 367.00 336.00 278.00 205.01 209.00 214.00 276.00 312.00 390.00 516.00 509.00 428.00 434.00 405.00 438.00 446.00 464.00 400.00 357.00 339.00 286.00 265.00 277.00 332.00 377.00 321.00 236.00 208.20 215.00 208.20 245.00 246.00 245.00 237.00 269.00 260.00 288.00 283.00 305.00 332.00 343.00 325.00 346.00 319.00 270.00 239.00 230.16 231.00 253.00 231.00 238.00 247.00 254.00
238.00 225.00 222.00 232.00 206.00 189.09 189.09 238.00 297.00 297.00 364.00 376.00 367.00 345.00 340.00 335.00 293.00 316.00 285.00 255.00 208.00 205.00 232.00 256.00 261.00 331.00 420.00 521.00 505.00 441.00 389.00 399.00 417.00 403.00 370.00 367.00 308.00 258.00 275.00 255.00 264.00 332.00 372.00 323.00 245.00 208.19 208.19 208.19 208.19 208.20 212.00 247.00 271.00 274.00 310.00 292.00 299.00 318.00 311.00 292.00 288.00 274.00 252.00 245.00 237.00 230.15 255.00 240.00 230.16 230.16 250.00
265.00 220.00 221.00 235.00 225.00 189.08 189.08 235.00 263.00 275.00 381.00 398.00 390.00 352.00 383.00 367.00 304.00 263.00 225.00 197.02 197.03 253.00 313.00 315.00 315.00 392.00 455.00 467.00 440.00 407.00 373.01 398.00 405.00 389.00 319.00 285.00 277.00 223.00 239.00 245.00 246.00 289.00 348.00 320.00 252.00 208.18 208.18 208.18 227.00 255.00 253.00 256.00 280.00 293.00 321.00 309.00 309.00 302.00 307.00 285.00 256.00 255.00 258.00 233.00 230.14 241.00 236.00 240.00 230.15 243.00 258.00
250.00 217.00 212.00 254.00 231.00 189.07 198.00 222.00 233.00 279.00 382.00 428.00 401.00 409.00 372.00 314.00 252.00 204.00 197.01 207.00 232.00 247.00 348.00 370.00 416.00 462.00 442.00 415.00 383.00 380.00 373.00 406.00 398.00 365.00 314.00 261.00 223.00 219.00 208.21 208.20 208.19 220.00 230.00 275.00 273.00 230.00 208.17 208.17 225.00 245.00 248.00 259.00 281.00 325.00 289.00 285.00 286.00 290.00 280.00 264.00 255.00 254.00 241.00 230.13 230.13 230.13 230.13 230.14 230.15 240.00 252.00
229.00 196.00 233.00 240.00 240.00 189.06 189.06 218.00 274.00 351.00 406.00 398.00 359.00 337.00 328.00 268.00 195.02 197.00 204.00 214.00 270.00 294.00 397.00 418.00 444.00 410.00 406.00 386.00 370.00 353.00 370.00 360.00 368.00 323.00 288.00 273.00 288.00 262.00 249.00 281.00 223.00 208.18 208.17 208.16 217.00 208.16 208.16 208.17 215.00 225.00 230.00 242.00 269.00 317.00 293.00 255.00 266.00 252.00 277.00 262.00 240.00 233.00 233.00 230.12 230.12 230.12 230.13 230.14 233.00 253.00 271.00
190.00 189.05 189.05 192.00 212.00 189.05 189.05 254.00 319.00 399.00 389.00 348.00 282.00 250.00 268.00 206.00 195.01 277.00 249.00 265.00 288.00 392.00 449.00 476.00 462.00 427.00 371.00 358.00 348.03 365.00 361.00 351.00 345.00 340.00 345.00 308.00 321.00 321.00 307.00 269.00 261.00 263.00 263.00 209.00 208.15 208.15 217.00 210.00 208.18 229.00 237.00 262.00 312.00 324.00 276.00 247.00 237.00 258.00 281.00 275.00 257.00 243.00 230.11 230.11 230.11 230.12 245.00 243.00 231.00 234.00 241.00
218.00 189.05 189.04 189.04 201.00 189.04 204.00 269.00 357.00 375.00 361.00 307.00 257.00 229.00 201.00 195.00 271.00 331.00 373.00 376.00 408.00 450.00 466.00 489.00 441.00 429.00 365.00 349.00 348.02 348.03 373.00 375.00 414.00 415.00 338.00 270.00 271.00 311.00 284.00 244.00 244.00 230.00 212.00 208.14 208.14 227.00 229.00 226.00 209.00 208.19 229.00 254.00 286.00 308.00 253.00 234.00 244.00 322.00 333.00 274.00 249.00 251.00 230.10 230.10 240.00 259.00 249.00 249.00 243.00 234.00 234.01
218.00 215.00 194.00 189.03 189.03 189.04 225.00 286.00 304.00 296.00 312.00 280.00 250.00 197.00 184.00 266.00 359.00 397.00 462.00 481.00 488.00 462.00 476.00 424.00 362.00 376.00 348.00 348.01 356.00 379.00 410.00 392.00 442.00 423.00 359.00 276.00 248.00 260.00 247.00 228.00 227.00 208.13 208.13 208.13 208.13 208.13 208.13 208.13 246.00 242.00 229.00 236.00 263.00 327.00 317.00 284.00 230.04 268.00 301.00 323.00 259.00 230.09 230.09 255.00 331.00 351.00 327.00 282.00 263.00 261.00 241.00
233.00 221.00 216.00 189.02 212.00 224.00 224.00 251.00 241.00 295.00 263.00 221.00 179.00 179.01 254.00 324.00 398.00 454.00 507.00 489.00 443.00 420.00 422.00 385.00 346.00 329.02 360.00 385.00 352.00 373.00 408.00 424.00 433.00 335.00 328.00 289.00 254.00 237.00 214.00 208.14 208.13 208.13 208.12 208.12 208.12 208.12 208.12 222.00 274.00 295.00 289.00 277.00 296.00 378.00 352.00 285.00 230.03 230.03 270.00 367.00 342.00 275.00 230.08 249.00 368.00 426.00 401.00 364.00 315.00 313.00 300.00
224.00 211.00 189.02 189.01 203.00 188.00 190.00 232.00 259.00 235.00 224.00 177.18 184.00 225.00 303.00 372.00 402.00 411.00 453.00 426.00 387.00 370.00 360.00 339.00 329.02 329.01 362.00 364.00 360.00 349.00 346.00 370.00 380.00 313.00 272.00 268.00 269.00 244.00 212.00 218.00 208.13 208.12 208.12 208.11 208.11 208.11 208.11 228.00 310.00 413.00 362.00 305.00 303.00 370.00 368.00 296.00 230.02 230.02 258.00 393.00 342.00 248.00 230.07 278.00 276.00 352.00 439.00 337.00 340.00 339.00 276.00
270.00 217.00 189.02 198.00 189.00 177.16 210.00 225.00 213.00 183.00 177.17 210.00 275.00 306.00 308.00 365.00 388.00 333.00 333.00 354.00 340.00 281.00 302.00 330.00 341.00 343.00 329.00 351.00 333.00 314.00 319.00 317.00 341.00 298.00 278.00 266.00 250.00 228.00 221.00 256.00 227.00 215.00 208.11 212.00 208.10 208.10 216.00 252.00 331.00 353.00 336.00 283.00 250.00 297.00 324.00 279.00 230.01 280.00 230.03 308.00 282.00 230.06 230.07 230.08 306.00 358.00 351.00 318.00 241.04 346.00 358.00
310.00 258.00 243.00 221.00 185.00 179.00 177.15 199.00 177.15 177.16 227.00 259.00 365.00 374.00 337.00 358.00 377.00 325.00 273.00 285.00 268.00 229.00 309.00 311.00 339.00 324.00 318.00 336.00 314.00 316.00 309.00 296.00 324.00 305.00 272.00 287.00 265.00 253.00 276.00 269.00 231.00 230.00 252.00 208.10 208.09 208.09 228.00 297.00 297.00 268.00 284.00 269.00 211.00 254.00 251.00 234.00 230.00 322.00 230.04 230.04 230.05 230.06 268.00 246.00 241.00 243.00 319.00 241.03 241.04 346.00 376.00
387.00 306.00 293.00 244.00 202.00 197.00 177.15 177.14 182.00 235.00 287.00 349.00 417.00 374.00 342.00 355.00 342.00 278.00 220.00 232.00 218.00 250.00 262.00 300.00 326.00 304.00 292.00 297.00 288.00 293.00 282.00 275.00 270.00 268.00 297.00 281.00 269.00 325.00 337.00 302.00 304.00 287.00 252.00 224.00 227.00 208.08 208.08 228.00 235.00 249.00 208.10 208.11 208.12 208.13 208.14 208.15 268.00 370.00 324.00 265.00 285.00 336.00 389.00 282.00 241.01 241.01 241.02 241.03 241.04 254.00 252.00
353.00 315.00 277.00 247.00 205.00 177.16 184.00 177.14 177.13 215.00 341.00 361.00 427.00 396.00 378.00 365.00 322.00 239.00 190.00 212.00 221.00 211.00 242.00 287.00 250.00 234.00 265.00 270.00 245.00 273.00 252.00 263.00 251.00 292.00 320.00 277.00 290.00 346.00 373.00 381.00 390.00 341.00 271.00 251.00 218.00 208.07 208.07 208.07 208.08 208.09 221.00 208.11 241.00 252.00 230.00 213.00 255.00 340.00 412.00 394.00 402.00 436.00 395.00 279.00 241.02 256.00 248.00 282.00 336.00 258.00 242.00
291.00 291.00 236.00 221.00 183.00 190.00 240.00 231.00 200.00 177.12 314.00 334.00 361.00 358.00 359.00 335.00 280.00 233.00 209.00 185.02 196.00 212.00 246.00 254.00 241.00 207.00 252.00 244.00 231.00 251.00 228.00 236.00 294.00 347.00 322.00 297.00 360.00 409.00 378.00 387.00 385.00 369.00 362.00 349.00 271.00 237.00 208.06 208.07 229.00 274.00 254.00 213.00 320.00 315.00 290.00 236.00 229.00 298.00 477.00 528.00 546.00 516.00 367.00 311.00 255.00 339.00 342.00 380.00 430.00 342.00 280.00
