CHESS/sk/geo/sk.patchorder
ncols	140
nrows	157
xllcorner 	100000
yllcorner	100000
cellsize 	250
NODATA_value	-9999
[rows 74 to 110 of 157, columns 0 to 81 of 140]
-9999 -9999 -9999 -9999 -9999 -9999 -9999 -9999 -9999 -9999 -9999 -9999 -9999 -9999 -9999 -9999 -9999 -9999 -9999 -9999 -9999 -9999 -9999 -9999 -9999 -9999 -9999 -9999 -9999 1543 2164 3306 4271 4673 3511 4004 4179 3637 4382 5230 5624 5138 5660 5955 6960 8083 8149 8187 8188 8189 8068 6819 6360 5909 5910 5289 4953 4674 3527 2640 1362 1516 1992 2510 3107 4398 4837 5911 5782 5206 5104 5512 5639 6390 6877 6850 7745 7200 7504 7756 7757 7201
-9999 -9999 -9999 -9999 -9999 -9999 -9999 -9999 -9999 -9999 -9999 -9999 -9999 -9999 -9999 -9999 -9999 -9999 -9999 -9999 -9999 -9999 -9999 -9999 -9999 -9999 -9999 -9999 -9999 -9999 2308 3478 3340 3358 2685 2946 3125 3655 4049 4019 4472 4675 4954 6266 8110 8190 8191 8192 8193 7114 6962 6851 6131 6083 6292 5376 5362 4607 3495 2966 1854 1698 1886 2405 3126 4165 4972 5041 6112 6322 6323 5513 5956 6242 7276 7548 7747 7762 7771 7772 7773 7471
-9999 -9999 -9999 -9999 -9999 -9999 -9999 -9999 -9999 -9999 -9999 -9999 -9999 -9999 -9999 -9999 -9999 -9999 -9999 -9999 -9999 -9999 -9999 -9999 -9999 -9999 -9999 -9999 -9999 -9999 2583 2641 2154 2071 2655 2254 2478 2747 3165 3638 4922 5269 5844 7059 8111 6772 7202 8194 7550 6787 6773 7529 7610 6999 5813 5377 4248 3856 3970 3184 2356 2295 2642 2296 2923 4139 4336 4639 5625 7000 7277 6001 6964 6965 7539 6966 7087 7763 7778 7787 7788 7789
-9999 -9999 -9999 -9999 -9999 -9999 -9999 -9999 -9999 -9999 -9999 -9999 -9999 -9999 -9999 -9999 -9999 -9999 -9999 -9999 -9999 -9999 -9999 -9999 -9999 -9999 -9999 -9999 -9999 -9999 1527 1910 2467 2782 2103 2227 2584 2997 3560 4628 5784 5913 6185 8061 6393 6054 6521 8161 8195 8196 8150 8154 8100 6967 5845 5330 4741 3788 3528 3202 2538 2498 3802 3938 4222 5060 5107 5253 5449 6294 7611 6724 6968 7251 6821 6553 6619 7115 7003 7794 7801 7802
-9999 -9999 -9999 -9999 -9999 -9999 -9999 -9999 -9999 -9999 -9999 -9999 -9999 -9999 -9999 -9999 -9999 -9999 -9999 -9999 -9999 -9999 -9999 -9999 -9999 -9999 -9999 -9999 -9999 -9999 1544 2141 2567 2947 2325 2713 3265 3723 4272 5290 5914 5888 5960 6491 6695 7230 7488 8217 8215 8213 8211 8197 7090 6296 5814 5642 5108 4887 4005 3857 2871 3377 4530 4992 5207 5663 5690 6665 6725 7171 7951 6751 7231 6822 6297 6881 7158 7172 7232 7063 7489 7813
-9999 -9999 -9999 -9999 -9999 -9999 -9999 -9999 -9999 -9999 -9999 -9999 -9999 -9999 -9999 -9999 -9999 -9999 -9999 -9999 -9999 -9999 -9999 -9999 -9999 -9999 -9999 -9999 -9999 1363 2255 3166 3454 3266 2813 3141 3479 4315 4793 5379 5351 6002 6419 6003 6464 8062 8219 8218 8216 8214 8212 7962 6592 6621 6215 5961 5915 5397 5086 3858 3939 4273 5087 5962 6465 6790 7138 6926 7552 7944 7952 6853 6882 7139 6883 6622 6523 6726 7203 7823 7824 7825
-9999 -9999 -9999 -9999 -9999 -9999 -9999 -9999 -9999 -9999 -9999 -9999 -9999 -9999 -9999 -9999 -9999 -9999 -9999 -9999 -9999 -9999 -9999 -9999 -9999 -9999 -9999 -9999 1639 1832 2309 2872 3581 3040 2271 3203 3639 4450 5007 4654 5109 5846 5380 5161 6366 8220 8155 8077 8078 8165 8036 7175 6970 6697 6467 6367 6326 5450 5398 4507 4249 5208 5539 6823 7254 7507 7064 7959 7960 7955 6727 7531 6885 7036 6495 6420 6728 6698 7233 7835 7836 7837
-9999 -9999 -9999 -9999 -9999 -9999 -9999 -9999 -9999 -9999 -9999 -9999 -9999 -9999 -9999 -9999 -9999 -9999 -9999 -9999 -9999 -9999 -9999 -9999 -9999 -9999 -9999 -9999 2002 3185 3082 3590 3017 2873 2600 3682 4509 4838 6028 6623 6268 4973 4117 5188 7585 8222 8156 8223 7206 7177 7207 7556 6496 6753 5963 6116 5540 4974 4751 5088 4698 5231 6469 7508 7968 7963 6971 7964 7533 7140 6928 7208 6729 6525 6791 7557 6929 7612 7845 7846 7847 7255
-9999 -9999 -9999 -9999 -9999 -9999 -9999 -9999 -9999 -9999 -9999 -9999 -9999 -9999 -9999 -9999 -9999 -9999 -9999 -9999 -9999 -9999 -9999 -9999 -9999 -9999 -9999 -9999 2046 2967 3922 3701 3407 3621 4250 4316 5479 6793 6328 6888 6647 4975 4223 5139 7209 8226 8227 8228 8229 8224 8171 7142 6440 6369 5423 5868 5664 5254 5399 5869 5964 6370 7007 7210 7558 7971 6889 7490 7969 7970 7066 6730 6857 6931 7880 7881 7882 7559 7613 7858 7848 7491
-9999 -9999 -9999 -9999 -9999 -9999 -9999 -9999 -9999 -9999 -9999 -9999 -9999 -9999 -9999 -9999 -9999 -9999 -9999 -9999 -9999 -9999 -9999 -9999 -9999 -9999 -9999 2550 2977 3561 4190 3724 3591 3923 5232 6056 6269 8084 7510 7212 7178 5935 4655 5210 7010 8232 8233 8234 8055 6890 6972 6860 6186 5848 5189 5451 5452 5600 5494 6057 6861 6891 6794 7945 7974 7474 7588 7492 7972 7257 6795 6973 7258 7234 7560 7893 7894 7615 7869 7859 7849 7838
-9999 -9999 -9999 -9999 -9999 -9999 -9999 -9999 -9999 -9999 -9999 -9999 -9999 -9999 -9999 -9999 -9999 -9999 -9999 -9999 -9999 -9999 -9999 -9999 -9999 -9999 2948 3433 4020 4070 4199 3576 3725 4358 5331 6732 8085 8122 8221 8225 8230 8112 8012 6330 6396 8013 8237 8238 8069 7214 7118 6775 6162 5089 5936 6058 6030 5916 6188 6649 6892 6932 7476 7977 7978 7979 7980 7975 7973 7493 7011 7235 7905 7906 7215 7907 7895 7883 7870 7860 7850 7839
-9999 -9999 -9999 -9999 -9999 -9999 -9999 -9999 -9999 -9999 -9999 -9999 -9999 -9999 -9999 -9999 -9999 -9999 -9999 -9999 -9999 -9999 -9999 -9999 -9999 3512 3578 3971 4252 4586 4253 4451 4290 5141 5966 6397 5967 6701 7095 6163 8086 8235 8239 8241 8132 8242 8243 8240 8157 8070 8014 7281 6498 5271 5849 6893 6595 7012 6270 6702 7494 7946 7947 7982 7983 7984 7981 7976 7948 6975 6442 6667 7119 7917 7918 7908 7896 7884 7871 7861 7851 7840
-9999 -9999 -9999 -9999 -9999 -9999 -9999 -9999 -9999 -9999 -9999 -9999 -9999 -9999 -9999 -9999 -9999 -9999 -9999 -9999 -9999 -9999 -9999 -9999 2629 3204 4236 4492 4646 4359 4435 4608 4724 4815 4725 5480 5190 5191 5495 6499 6734 6668 6669 8205 8244 8245 8133 8203 8236 8023 7562 6704 5381 5111 6300 7144 7563 6797 6164 6332 6825 7261 7986 7987 7988 7985 7218 7262 7965 7933 7477 7038 7067 7925 7919 7909 7897 7885 7872 7862 7852 7841
-9999 -9999 -9999 -9999 -9999 -9999 -9999 -9999 -9999 -9999 -9999 -9999 -9999 -9999 -9999 -9999 -9999 -9999 -9999 -9999 -9999 -9999 -9999 2240 2968 3167 4360 4640 4648 4647 4200 4166 3442 3435 4863 6470 6443 5402 6087 7238 7239 8015 8172 8247 8248 8056 8024 8063 8206 8231 8025 6934 6032 5481 6976 7934 7240 5162 4955 6372 7098 7039 7989 7990 7495 6776 7099 7100 7263 7935 7930 7929 7928 7926 7920 7910 7898 7886 7873 7863 7853 7842
-9999 -9999 -9999 -9999 -9999 -9999 -9999 -9999 -9999 -9999 -9999 -9999 -9999 -9999 -9999 -9999 -9999 -9999 -9999 -9999 -9999 2630 2442 3267 4414 4141 4657 4649 4533 4084 3513 3815 2949 3285 4474 6301 7121 6755 7146 8037 8057 8251 8252 8253 8254 8255 8256 8257 7179 7283 8026 7594 6670 5063 5273 6089 8000 6527 5626 5142 6777 7991 7992 6895 4993 4609 5064 6138 6671 6735 7478 7264 7512 7927 7921 7911 7899 7887 7874 7864 7854 7843
-9999 -9999 -9999 -9999 -9999 -9999 -9999 -9999 -9999 -9999 -9999 -9999 -9999 -9999 -9999 -9999 -9999 -9999 -9999 2241 2925 3341 3307 3993 4699 5011 4452 3994 4596 4201 3541 3268 3108 4924 5045 5938 6936 7567 8162 8249 8258 8259 8262 8263 8264 8265 8266 8095 6374 5818 5939 6272 5791 4101 4597 6061 8003 8004 6471 4318 4767 6333 7993 7101 4292 3226 3656 4383 5312 5354 5645 7616 7922 7923 7924 7912 7900 7888 7875 7865 7855 7844
-9999 -9999 -9999 -9999 -9999 -9999 -9999 -9999 -9999 -9999 -9999 -9999 -9999 -9999 -9999 -9999 -9999 3496 2766 3227 3956 4254 4453 4839 5012 5013 4416 4384 4454 4641 4700 4255 4071 5355 6423 6528 6501 7241 8173 8124 8260 8267 8268 8270 8271 8272 8273 8038 5424 3455 4417 5543 5581 4256 4293 5792 8006 8007 6799 3804 4768 7122 7995 6247 6302 4598 2998 4888 4816 4840 6303 6977 7913 7914 7915 7916 6706 6034 7147 7148 7069 6090
-9999 -9999 -9999 -9999 -9999 -9999 -9999 -9999 -9999 -9999 -9999 -9999 -9999 -9999 -9999 -9999 3942 4956 4957 4568 4817 6167 5605 5008 4795 4752 5023 4610 4958 5334 5233 5274 4796 5691 6248 6596 7071 8039 8101 6865 8058 8158 8274 8174 8277 8278 8151 7015 4995 4588 4903 6118 7072 5737 5112 6218 8008 6191 8005 5482 6139 7997 7996 7994 5517 4494 4611 5255 7428 4702 4495 5483 7901 7902 7903 7904 6219 5065 6529 6192 4865 4418
-9999 -9999 -9999 -9999 -9999 -9999 -9999 -9999 -9999 -9999 -9999 -9999 -9999 -9999 -9999 -9999 4120 5093 6401 6063 6530 8027 5456 5403 4841 5113 5256 4904 5335 5293 5457 5793 5114 5545 6424 6007 6625 6979 6305 6502 7966 8016 7016 8279 8281 8282 8040 5738 5739 6531 6091 6503 8198 6937 7041 7936 8017 5165 8001 8002 7999 7998 6532 7182 7480 7266 5234 7443 7429 4704 4143 5890 7889 7890 7891 7892 6900 5336 4612 4167 3168 2731
-9999 -9999 -9999 -9999 -9999 -9999 -9999 -9999 -9999 -9999 -9999 -9999 -9999 -9999 -9999 4549 4770 6249 8113 7956 8125 7073 6707 5646 5076 5562 5872 5740 5970 5854 6140 6336 6474 6533 5741 6168 6504 5094 4889 5606 5563 6008 7017 8079 8059 8284 8285 8041 7619 7102 8280 8275 8269 8261 8250 8246 6534 4257 5115 6626 6064 4905 3926 6141 7461 7462 7453 7444 7430 6939 7018 7876 7877 7878 7879 7497 5971 5047 4102 2256 2014 2125
-9999 -9999 -9999 -9999 -9999 -9999 -9999 -9999 -9999 -9999 -9999 -9999 -9999 -9999 -9999 4362 5166 7515 8398 8175 8102 8199 7284 6009 7074 7937 6627 6475 7219 6402 7019 6672 7042 5875 5213 6275 5918 4706 4202 4052 3861 4798 6445 7043 8126 8287 8288 8289 8286 8283 8103 8276 7481 7020 8018 8166 6901 4818 3482 3789 3641 3054 3772 6221 7454 6866 7124 6142 4906 6800 7285 7866 7867 7868 7125 5820 4630 4182 3018 2388 2999 3342
-9999 -9999 -9999 -9999 -9999 -9999 -9999 -9999 -9999 -9999 -9999 -9999 -9999 -9999 4475 4926 6193 7949 8207 8423 8342 8176 7183 6940 7482 8301 7021 7243 7967 7044 8042 7596 5836 4679 5167 5743 4455 3529 4103 3958 3995 4274 4419 4643 6446 7569 8291 8290 8028 6375 6941 8167 5214 5313 5919 7597 8029 5693 2422 1797 1616 1929 4319 5405 6902 4842 4771 4073 3149 4772 6194 7856 7857 6628 5428 4614 2889 2423 3286 4401 4819 4866
-9999 -9999 -9999 -9999 -9999 -9999 -9999 -9999 -9999 -9999 -9999 -9999 -9999 -9999 -9999 6170 5972 8019 8424 8425 8426 8030 8096 8087 8306 8388 8200 8163 8071 8060 6980 6447 5521 6010 6448 6143 4742 4927 5358 4550 4867 5522 5216 5973 7244 8293 8292 7598 6560 5647 8020 6826 4843 4203 4296 5406 4570 5499 3657 1489 1002 1878 3345 4477 4820 3927 3111 2601 4420 6171 7599 6598 7600 5168 3410 3444 3683 4436 5169 6011 6276 5941
-9999 -9999 -9999 -9999 -9999 -9999 -9999 -9999 -9999 -9999 -9999 -9999 -9999 -9999 -9999 6505 6981 8043 8352 8427 8414 8318 8309 8319 8335 8353 8415 8361 8097 6827 6868 6093 6307 7267 7957 6779 5629 6506 6561 5746 6195 6758 6562 8127 8295 8294 6629 4997 4599 5258 6376 5837 3642 2501 2443 3837 3128 3606 3411 1712 1003 2060 3001 2656 2890 2714 1957 2969 4727 4551 6982 7483 6802 5794 4600 5500 5565 5974 6942 7022 7023 6759
-9999 -9999 -9999 -9999 -9999 -9999 -9999 -9999 -9999 -9999 -9999 -9999 -9999 -9999 -9999 6828 7149 8360 8362 8302 8521 8337 8442 8320 8307 8439 8313 8354 7570 8088 7601 7045 6760 8168 8303 7150 6173 6426 8134 8135 8299 8298 8297 8296 8152 6174 4754 3838 3287 3729 4928 5921 4844 2570 2343 2175 1931 2448 2228 1482 927 1106 1562 1666 1899 1724 1483 1922 2480 3421 6277 7463 7464 7455 6803 7431 7414 7245 7376 7354 7336 7286
-9999 -9999 -9999 -9999 -9999 -9999 -9999 -9999 -9999 -9999 -9999 -9999 -9999 -9999 -9999 -9999 8031 7958 8104 8381 8529 8310 8467 8363 8530 8364 8403 8114 8304 8159 8089 8208 8209 8115 8457 8327 7938 8379 8380 8377 8072 8105 6404 5277 6250 6651 6564 5278 3658 2817 4479 4552 4553 4053 3436 3002 2748 2408 2297 1958 2481 1589 1887 2426 2526 2360 1813 2061 2981 3973 5118 7456 7457 7458 7445 7432 7415 7397 7377 7355 7337 7325
-9999 -9999 -9999 -9999 -9999 -9999 -9999 -9999 -9999 -9999 -9999 -9999 -9999 -9999 -9999 -9999 -9999 8106 8164 8389 8538 8458 8539 8540 8382 8399 8428 8404 8329 8128 8355 8330 8412 8400 8468 8466 8210 8383 7287 8378 8311 5877 5838 6145 8109 8108 8107 6477 5078 3142 3084 3445 4006 3623 3775 4345 4206 4147 4226 4122 4054 3270 3608 4088 3862 4680 4007 4321 4277 5669 7446 7447 7448 7449 7450 7433 7416 7398 7378 7356 7338 7326
-9999 -9999 -9999 -9999 -9999 -9999 -9999 -9999 -9999 -9999 -9999 -9999 -9999 -9999 -9999 -9999 -9999 8177 8408 8429 8356 8546 8547 8459 8440 8450 8430 8405 8314 8365 8416 8478 8474 8472 8315 8431 8465 8064 6599 6983 8376 7939 8336 8116 8090 8032 8044 7024 5855 4942 4707 4684 4535 3839 4422 4869 5236 5384 5670 6037 5523 5385 5463 5337 5671 5892 5464 6038 6405 7434 7435 7436 7437 7438 7439 7440 7417 7399 7379 7357 7339 7327
-9999 -9999 -9999 -9999 -9999 -9999 -9999 -9999 -9999 -9999 -9999 -9999 -9999 -9999 -9999 -9999 -9999 8338 8432 8366 8343 8393 8552 8390 8454 8451 8401 8201 8344 8497 8485 8479 8475 8473 8443 8367 8045 6121 4893 6804 8123 8375 8345 6427 5315 4755 5431 4437 3422 5068 4708 4388 3790 3961 3130 3423 4323 4554 4644 5432 6537 7152 7103 7328 7340 7358 7153 6985 7418 7419 7420 7421 7422 7423 7424 7425 7426 7400 7380 7359 7341 7329
-9999 -9999 -9999 -9999 -9999 -9999 -9999 -9999 -9999 -9999 -9999 -9999 -9999 -9999 -9999 -9999 -9999 8441 8563 8564 8433 8557 8553 8444 8346 8417 8347 8413 8507 8498 8486 8480 8476 8406 8357 8368 7571 5630 7221 8321 8374 7289 5796 4227 3229 2632 3625 3360 2892 3684 2704 2893 2552 2612 1950 1667 2553 2818 2876 4366 6309 7310 7318 7330 7342 7360 7381 7401 7402 7403 7404 7405 7406 7407 7408 7409 7410 7411 7382 7361 7343 7331
-9999 -9999 -9999 -9999 -9999 -9999 -9999 -9999 -9999 -9999 -9999 -9999 -9999 -9999 -9999 -9999 -9999 -9999 8409 8570 8565 8558 8554 8548 8384 8531 8522 8513 8508 8499 8487 8481 8394 8169 8021 8202 8129 8136 8372 8373 8091 5566 3748 2126 1390 1422 2326 2062 2032 1418 988 880 995 1391 1356 854 834 1144 1729 3806 6065 7311 7320 7332 7344 7362 7383 7384 7385 7386 7387 7388 7389 7390 7391 7392 7393 7394 7395 7363 7246 6987
-9999 -9999 -9999 -9999 -9999 -9999 -9999 -9999 -9999 -9999 -9999 -9999 -9999 -9999 -9999 -9999 -9999 -9999 8573 8571 8566 8559 8555 8549 8541 8532 8523 8514 8509 8500 8488 8469 8418 8098 8178 8046 8370 8371 8073 6869 5610 4631 3230 1731 1019 943 1331 1234 1286 842 643 467 399 778 897 549 615 603 1194 3044 5503 7104 7321 7333 7345 7364 6673 6630 6740 7365 7366 7367 7368 7369 7370 7371 7372 7373 7374 6829 5583 4823
-9999 -9999 -9999 -9999 -9999 -9999 -9999 -9999 -9999 -9999 -9999 -9999 -9999 -9999 -9999 -9999 -9999 -9999 8419 8572 8567 8560 8556 8550 8542 8533 8524 8515 8434 8501 8489 8482 8395 8339 8080 8137 8092 5750 4108 3088 3483 3247 2768 2572 1075 682 786 922 813 618 427 230 159 560 501 225 366 693 1272 2483 4824 6805 6538 7334 7346 6806 4458 3703 4403 6278 7347 7348 7349 7350 7351 7352 7105 6988 5878 5434 4537 2926
-9999 -9999 -9999 -9999 -9999 -9999 -9999 -9999 -9999 -9999 -9999 -9999 -9999 -9999 -9999 -9999 -9999 -9999 8407 8568 8569 8561 8435 8551 8543 8534 8525 8516 8369 8490 8420 8460 8477 8340 8081 6478 5238 3749 2127 1392 1815 1780 1256 1134 901 755 604 590 429 468 144 43 52 296 153 142 463 883 1571 2527 4512 4849 4774 7106 5387 4775 3791 2033 3003 4459 6096 6631 6652 6311 5504 4513 4850 4872 3593 2311 2846 2444
-9999 -9999 -9999 -9999 -9999 -9999 -9999 -9999 -9999 -9999 -9999 -9999 -9999 -9999 -9999 -9999 -9999 -9999 8322 8562 8316 7126 6944 8544 8545 8535 8526 8517 8358 8436 8483 8421 8437 8074 5567 4615 3497 2242 1212 802 1293 957 982 855 661 452 471 410 202 241 99 6 2 33 76 438 702 1012 1478 2428 4089 4278 5584 5568 3382 2557 3311 1704 1732 2927 3459 3778 4943 5526 3323 2072 2788 2819 1932 1364 1332 1429
-9999 -9999 -9999 -9999 -9999 -9999 -9999 -9999 -9999 -9999 -9999 -9999 -9999 -9999 -9999 -9999 -9999 -9999 6252 7940 5527 5316 6741 8348 8536 8537 8527 8518 8328 8391 8385 8392 8117 6870 4591 2732 2312 1312 767 568 564 523 654 497 414 174 236 156 78 111 57 9 19 45 140 498 783 1479 1803 2716 4592 5549 5569 3766 2327 1668 2558 1371 1172 2128 2004 2073 2983 3324 2910 1941 1689 1690 1264 908 750 751
-9999 -9999 -9999 -9999 -9999 -9999 -9999 -9999 -9999 -9999 -9999 -9999 -9999 -9999 -9999 -9999 -9999 -9999 -9999 4022 3424 4874 6674 8331 8528 8332 8461 8519 8510 8502 8491 8300 7025 6146 4279 2559 1951 983 530 378 333 460 345 288 248 67 88 96 17 16 7 27 182 277 289 505 1004 1715 2658 3704 5143 5317 5550 2717 1669 1679 2115 1165 818 1461 1045 1440 1834 2614 1965 1173 984 936 814 576 415 425
