CHESS/sk/geo/sk.patchorder
ncols	140
nrows	157
xllcorner 	100000
yllcorner	100000
cellsize 	250
NODATA_value	-9999
[rows 37 to 73 of 157, columns 0 to 81 of 140]
-9999 -9999 -9999 -9999 -9999 -9999 -9999 -9999 -9999 -9999 -9999 -9999 -9999 -9999 -9999 -9999 -9999 -9999 -9999 -9999 -9999 -9999 -9999 -9999 -9999 -9999 -9999 -9999 -9999 -9999 -9999 -9999 -9999 -9999 -9999 -9999 -9999 -9999 -9999 -9999 -9999 -9999 -9999 -9999 -9999 -9999 -9999 2349 2840 2225 2169 1997 1838 1986 2285 2098 1883 1710 2882 3351 2136 2262 2543 3414 4192 3769 3844 4912 5979 5980 5340 4261 5570 4282 4521 3945 3546 4999 5028 4778 3982 3415
-9999 -9999 -9999 -9999 -9999 -9999 -9999 -9999 -9999 -9999 -9999 -9999 -9999 -9999 -9999 -9999 -9999 -9999 -9999 -9999 -9999 -9999 -9999 -9999 -9999 -9999 -9999 -9999 -9999 -9999 -9999 -9999 -9999 -9999 -9999 -9999 -9999 -9999 -9999 -9999 -9999 -9999 -9999 -9999 -9999 1720 2137 2899 3364 2576 2464 2286 2246 2565 2577 2366 2853 2773 2287 4327 3027 3075 3062 3519 4713 4426 4804 5505 5982 5983 5981 5675 5197 4618 5242 4894 4877 5030 5029 3666 3316 2532
-9999 -9999 -9999 -9999 -9999 -9999 -9999 -9999 -9999 -9999 -9999 -9999 -9999 -9999 -9999 -9999 -9999 -9999 -9999 -9999 -9999 -9999 -9999 -9999 -9999 -9999 -9999 -9999 -9999 -9999 -9999 -9999 -9999 -9999 -9999 -9999 -9999 -9999 -9999 -9999 -9999 -9999 -9999 -9999 1255 1360 1829 1987 3008 3369 3501 3298 3502 3735 3215 3216 3983 3807 2350 4328 4728 3194 3984 4212 4574 5198 5145 5984 5985 4660 4805 5899 5897 5770 5894 5281 5032 5031 4427 3503 2829 1943
-9999 -9999 -9999 -9999 -9999 -9999 -9999 -9999 -9999 -9999 -9999 -9999 -9999 -9999 -9999 -9999 -9999 -9999 -9999 -9999 -9999 -9999 -9999 -9999 -9999 -9999 -9999 -9999 -9999 -9999 -9999 -9999 -9999 -9999 -9999 -9999 -9999 -9999 -9999 -9999 -9999 -9999 -9999 903 1367 1574 1754 2205 2520 4109 4483 4127 4747 4152 4729 4978 5199 4556 3318 4308 5822 3611 3534 4829 5435 5363 5485 5987 5146 3823 3736 5176 5651 5895 5033 4091 3845 4077 3808 3174 2578 2724
-9999 -9999 -9999 -9999 -9999 -9999 -9999 -9999 -9999 -9999 -9999 -9999 -9999 -9999 -9999 -9999 -9999 -9999 -9999 -9999 -9999 -9999 -9999 -9999 -9999 -9999 -9999 -9999 -9999 -9999 -9999 -9999 -9999 -9999 -9999 -9999 -9999 -9999 -9999 -9999 656 652 954 1337 1688 1859 2039 2351 3319 4241 5389 4779 5282 5632 5823 5725 5364 5571 4575 4262 6225 5466 3667 4748 5177 5798 5989 5988 5986 4853 4484 3824 5053 4979 3427 3809 4025 3547 3416 3521 3176 3504
-9999 -9999 -9999 -9999 -9999 -9999 -9999 -9999 -9999 -9999 -9999 -9999 -9999 -9999 -9999 -9999 -9999 -9999 -9999 -9999 -9999 -9999 -9999 -9999 -9999 -9999 -9999 -9999 -9999 -9999 -9999 -9999 -9999 -9999 -9999 -9999 -9999 708 871 1026 1041 872 1128 1557 2081 2566 3031 3258 4500 4913 5726 5572 5839 5900 6512 5573 5948 5991 5097 4780 6228 6177 5676 5321 5436 5992 5990 4830 5147 4878 4876 4213 3535 3331 3522 4032 3913 3549 3737 3846 3439 3784
-9999 -9999 -9999 -9999 -9999 -9999 -9999 -9999 -9999 -9999 -9999 -9999 -9999 -9999 -9999 -9999 -9999 -9999 -9999 -9999 -9999 -9999 -9999 -9999 -9999 -9999 -9999 -9999 -9999 -9999 -9999 -9999 -9999 -9999 -9999 -9999 507 847 1324 1485 1368 1190 1138 1830 2381 3569 4128 4619 4781 5219 5633 6099 6200 5771 6515 6147 6428 6100 5297 4895 6122 6905 5613 6540 6541 5506 4485 4461 3259 3118 4036 4309 4129 3692 4037 3946 4010 3825 4026 3794 4011 3847
-9999 -9999 -9999 -9999 -9999 -9999 -9999 -9999 -9999 -9999 -9999 -9999 -9999 -9999 -9999 -9999 -9999 -9999 -9999 -9999 -9999 -9999 -9999 -9999 -9999 166 193 95 51 91 73 98 -9999 -9999 300 295 572 1142 1486 2160 1872 1614 1594 1809 2288 3449 4193 4776 4782 5220 5555 5034 5262 6429 6342 6566 6479 5507 5298 5035 6711 6907 6908 6632 5081 3614 3160 2774 2041 2652 3177 3488 3947 4305 4303 4173 4038 4194 3931 3963 4174 4172
-9999 -9999 -9999 -9999 -9999 -9999 -9999 -9999 -9999 -9999 -9999 -9999 -9999 -9999 -9999 -9999 -9999 -9999 -9999 -9999 -9999 -9999 -9999 -9999 -9999 358 617 343 283 361 474 383 127 -9999 280 546 785 1060 1338 2278 3196 2694 2419 2695 3034 3948 4283 4057 4749 5585 5896 5652 5411 6567 6409 6568 6312 5365 6542 5529 5366 6543 6910 6178 5574 4650 2710 1839 2056 2679 3300 3848 4310 4002 4263 4301 4214 4195 4189 4188 4012 3670
-9999 -9999 -9999 -9999 -9999 -9999 -9999 -9999 -9999 -9999 -9999 -9999 -9999 -9999 -9999 -9999 -9999 -9999 -9999 -9999 -9999 -9999 -9999 -9999 62 332 807 867 660 657 865 653 442 287 448 559 817 1027 1448 1873 2901 3694 4130 3949 3450 3714 3756 3964 4040 4391 5341 5898 5901 6569 6571 6572 5860 6101 7107 7028 6544 6914 6911 5467 4685 4003 3079 3523 3740 3950 4329 4482 3615 3795 4300 3932 4196 3914 3715 3757 3536 3400
-9999 -9999 -9999 -9999 -9999 -9999 -9999 -9999 -9999 -9999 -9999 -9999 -9999 -9999 -9999 -9999 -9999 -9999 -9999 -9999 -9999 -9999 -9999 117 216 407 955 1522 1270 1224 1103 1007 851 743 830 852 675 575 929 1601 3197 3648 4058 4539 4777 4633 4078 3649 3489 3915 4092 4215 4175 4757 5367 6575 6102 6256 6480 7291 7160 6516 6343 5486 4806 4620 4351 4369 4730 5054 4486 3470 3671 4013 4299 4110 3796 3672 3551 2775 3239 2992
-9999 -9999 -9999 -9999 -9999 -9999 -9999 -9999 -9999 -9999 -9999 -9999 -9999 -9999 -9999 -9999 -9999 -9999 -9999 -9999 -9999 -9999 -9999 344 543 664 1435 2162 2068 1576 1627 1577 1296 1271 1284 1239 777 563 808 1149 1664 1938 2579 2757 3632 4783 5173 5174 5178 5200 5342 5071 5530 5390 5299 5902 7108 7189 6915 7292 7190 7186 6279 6179 5727 5283 4731 4686 5121 4284 4370 4041 4027 3811 4153 4111 3826 3633 3240 2938 3334 2939
-9999 -9999 -9999 -9999 -9999 -9999 -9999 -9999 -9999 -9999 -9999 -9999 -9999 -9999 -9999 -9999 -9999 -9999 -9999 -9999 -9999 -9999 191 485 794 979 1474 2534 2797 2069 2030 1595 1383 1673 1895 1558 1049 876 831 812 974 1507 2009 1989 2435 3401 4264 4540 4784 5614 5993 5824 6379 6148 6781 6605 6916 7296 7247 7297 6782 6344 5799 5677 6073 5263 5221 5800 5014 4854 4112 3490 3280 3353 4151 3758 4042 3849 3634 3570 3012 2580
-9999 -9999 -9999 -9999 -9999 -9999 -9999 -9999 -9999 -9999 -9999 -9999 -9999 -9999 -9999 -9999 -9999 -9999 -9999 -9999 -9999 -9999 265 632 940 1290 2020 2383 3471 3241 3049 1849 1523 1784 2100 2021 1151 1182 1225 1132 1087 1437 2082 2457 2831 3354 3601 4428 4785 5615 6015 6452 6903 6906 6909 6912 6576 7048 7301 6840 6123 5772 5616 6149 6380 5925 6254 5586 5801 4914 4595 2940 3537 4014 4150 3616 3301 3302 3716 3710 3321 2958
-9999 -9999 -9999 -9999 -9999 -9999 -9999 -9999 -9999 -9999 -9999 -9999 -9999 -9999 -9999 -9999 -9999 -9999 -9999 -9999 -9999 -9999 392 596 861 1050 1162 1850 2941 4079 3198 2181 1970 2625 2280 2139 1421 1438 1657 1568 1427 1285 2237 3199 3586 4043 4442 4732 5468 5926 6016 5927 6904 6430 6313 6280 6577 6654 7305 5653 5082 5122 6381 6600 6601 6257 6255 6201 6196 5300 3650 2680 3402 3373 3986 3451 2290 2776 2728 3013 3709 3552
-9999 -9999 -9999 -9999 -9999 -9999 -9999 -9999 -9999 -9999 -9999 -9999 -9999 -9999 -9999 -9999 -9999 -9999 -9999 -9999 -9999 -9999 259 387 419 544 886 1361 2386 3651 4306 2799 3335 3281 2546 2475 1955 1990 2010 2305 2023 1674 2306 3303 3505 4330 4896 5322 5437 5587 6513 6517 6150 5881 5264 5301 5469 5840 7312 6633 5773 5243 6229 6602 5634 5036 4931 4733 5201 4915 3850 2883 3036 3797 3851 2884 2198 2458 2626 3137 3242 2758
-9999 -9999 -9999 -9999 -9999 -9999 -9999 -9999 -9999 -9999 -9999 -9999 -9999 -9999 -9999 -9999 -9999 -9999 -9999 -9999 -9999 86 235 504 531 556 754 956 1741 2459 3507 4311 4197 4131 3243 3553 2729 2606 2712 2697 2682 2044 1896 2742 2869 3491 3965 4242 4916 5244 5412 5678 5728 5202 4687 5556 6345 7322 7323 6655 6346 6606 6603 5903 4352 3617 3101 3336 3673 4132 3987 2800 3260 3120 3121 2994 1991 2291 2942 2857 2436 2322
-9999 -9999 -9999 -9999 -9999 -9999 -9999 -9999 -9999 -9999 -9999 -9999 -9999 -9999 -9999 -9999 -9999 -9999 -9999 -9999 -9999 -9999 339 711 746 695 857 1032 1210 1811 2635 4060 4371 4516 4463 4522 3742 3418 3337 3602 3429 2885 2627 3014 3827 3759 4331 4576 4634 4932 5323 5179 5413 4980 4981 5470 6991 7335 7324 7313 6917 5825 5508 4982 4933 3828 2811 3102 3419 2843 2636 2249 2214 2250 2903 2582 2292 2607 2812 2215 1926 1860
-9999 -9999 -9999 -9999 -9999 -9999 -9999 -9999 -9999 -9999 -9999 -9999 -9999 -9999 -9999 -9999 -9999 -9999 -9999 -9999 -9999 -9999 -9999 774 1191 980 1042 1369 1353 1526 2024 3037 4243 4517 4523 5015 4962 4080 3853 3554 4487 4061 3951 4605 4734 4113 4312 4683 4688 4714 4715 4880 5414 5509 5072 5471 7353 7161 6712 6202 5123 4808 4216 3916 3966 3538 2778 2730 2140 2025 2083 1742 1840 2369 2267 1972 2402 2628 2070 1475 1450 1240
-9999 -9999 -9999 -9999 -9999 -9999 -9999 -9999 -9999 -9999 -9999 -9999 -9999 -9999 -9999 -9999 -9999 -9999 -9999 -9999 -9999 -9999 -9999 -9999 1192 1487 1330 1650 1634 1758 2199 2476 2844 3283 4095 4217 5125 5245 4015 3829 4983 5016 5083 5410 5409 4963 4524 4244 4081 4245 4332 4786 5415 6074 5588 5774 7224 7375 7078 6230 6124 4856 3652 2760 2886 2437 2477 1946 1569 2149 1743 1226 1665 1587 1536 1841 2281 1727 1498 1319 1696 1515
-9999 -9999 -9999 -9999 -9999 -9999 -9999 -9999 -9999 -9999 -9999 -9999 -9999 -9999 -9999 -9999 -9999 -9999 -9999 -9999 -9999 -9999 -9999 -9999 1291 1635 1759 1651 2110 2058 2150 2045 2122 2904 4353 5001 5531 5284 4758 5017 5326 5611 5416 5038 4198 3830 3718 3571 3744 4406 4231 4354 5635 6518 6713 6947 7396 6714 6281 5994 5950 4623 3952 2743 2465 2151 1596 1537 2206 1842 1171 969 1199 1000 1542 1897 1488 1051 1120 1636 2339 3103
-9999 -9999 -9999 -9999 -9999 -9999 -9999 -9999 -9999 -9999 -9999 -9999 -9999 -9999 -9999 -9999 -9999 -9999 -9999 -9999 -9999 -9999 -9999 -9999 -9999 1728 2307 2011 2370 2439 2216 2507 2744 2638 3935 4964 5753 5756 5760 5575 5617 4934 4897 4443 3284 2761 3261 3618 3404 4232 5018 5246 5099 5488 6105 7412 7413 6258 5391 5327 4430 3509 3831 4028 2594 1628 2123 2282 2523 1744 925 689 691 832 1305 1280 1065 1241 1459 1851 2745 3812
-9999 -9999 -9999 -9999 -9999 -9999 -9999 -9999 -9999 -9999 -9999 -9999 -9999 -9999 -9999 -9999 -9999 -9999 -9999 -9999 -9999 -9999 -9999 -9999 -9999 1877 2323 2608 2609 2762 2975 3262 3122 3832 3676 4716 5754 5757 5761 5763 5764 4935 4689 4246 4355 3785 4114 4557 4233 4717 5884 6454 5777 6203 7272 7427 7109 6151 5265 4372 3799 4690 4407 2961 1774 2269 2664 3162 2152 1570 1193 896 640 739 946 926 920 1559 2596 3221 4044 4502
-9999 -9999 -9999 -9999 -9999 -9999 -9999 -9999 -9999 -9999 -9999 -9999 -9999 -9999 -9999 -9999 -9999 -9999 -9999 -9999 -9999 -9999 -9999 -9999 -9999 -9999 2509 3015 2906 3355 3677 4097 3603 4408 4918 5532 5679 5758 5762 5765 5766 5618 5439 5247 4218 3746 4287 4936 5127 6260 6107 6412 7225 7079 7441 6948 6579 6283 5304 4635 5305 4219 3163 2440 2352 3104 3374 3431 2253 1920 1233 1163 795 848 879 907 1133 1908 2779 4177 4559 5002
-9999 -9999 -9999 -9999 -9999 -9999 -9999 -9999 -9999 -9999 -9999 -9999 -9999 -9999 -9999 -9999 -9999 -9999 -9999 -9999 -9999 -9999 -9999 -9999 -9999 -9999 -9999 -9999 3105 3356 3472 4333 4247 4220 4636 5368 5755 5759 5286 5576 5680 5768 5779 6019 4985 5392 4665 5151 5369 7049 7953 7191 7248 7451 7050 7029 6455 6414 6316 5590 4393 3833 3066 2887 3441 3760 4083 3375 2548 1658 1480 1121 1117 1118 1211 1292 2012 3304 4288 4809 5307 5655
-9999 -9999 -9999 -9999 -9999 -9999 -9999 -9999 -9999 -9999 -9999 -9999 -9999 -9999 -9999 -9999 -9999 -9999 -9999 -9999 -9999 -9999 -9999 -9999 -9999 -9999 -9999 -9999 -9999 3619 4266 3988 4789 4374 4394 4945 5129 5223 5181 5130 5767 5224 5344 5996 6377 6382 6761 6949 5827 6841 8047 7465 7459 7163 6481 5885 5248 5591 4881 4692 4986 4693 3955 4444 4064 4375 2665 2420 1973 1499 1297 1325 1491 1629 1675 1956 2549 3524 4810 5619 6043 6152
-9999 -9999 -9999 -9999 -9999 -9999 -9999 -9999 -9999 -9999 -9999 -9999 -9999 -9999 -9999 -9999 -9999 -9999 -9999 -9999 -9999 -9999 -9999 -9999 -9999 -9999 -9999 -9999 -9999 3573 3635 4267 5102 5153 4832 4409 4376 4759 5249 4504 4937 5266 4987 5636 6078 6154 6234 7541 8048 8049 6155 6349 6545 6920 6744 5420 4464 4410 3855 4017 4065 4637 5131 4760 4606 3587 2466 1676 1439 1476 1389 1637 1861 1702 2013 2270 2963 4157 5084 5682 5886 6679
-9999 -9999 -9999 -9999 -9999 -9999 -9999 -9999 -9999 -9999 -9999 -9999 -9999 -9999 -9999 -9999 -9999 -9999 -9999 -9999 -9999 -9999 -9999 -9999 -9999 -9999 -9999 -9999 -9999 -9999 3813 4289 4066 4667 5370 4624 4833 5288 4465 4411 4100 4395 4377 4761 4446 4735 5490 6610 7520 8034 8050 7499 6684 7193 6685 4947 4356 4466 4396 3967 4736 6109 5558 4938 4234 3574 2173 2000 1768 1407 1320 1638 1775 2101 2353 2666 3696 4432 5472 5620 6351 6456
-9999 -9999 -9999 -9999 -9999 -9999 -9999 -9999 -9999 -9999 -9999 -9999 -9999 -9999 -9999 -9999 -9999 -9999 -9999 -9999 -9999 -9999 -9999 -9999 -9999 -9999 -9999 -9999 -9999 -9999 3636 3989 4526 4967 5803 5422 5804 6045 5443 5003 4158 3698 4178 4268 4579 6207 6715 6157 5155 5951 7931 8051 7484 6046 5056 4968 4694 5182 4857 5225 6208 4737 4135 4378 3699 4046 3038 2858 2217 2001 1927 1862 2102 2597 2421 2859 3432 4652 5226 6125 6548 6680
-9999 -9999 -9999 -9999 -9999 -9999 -9999 -9999 -9999 -9999 -9999 -9999 -9999 -9999 -9999 -9999 -9999 -9999 -9999 -9999 -9999 -9999 -9999 -9999 -9999 -9999 -9999 -9999 -9999 -9999 -9999 3338 4433 4668 5559 5924 5929 5592 6378 6022 4669 4834 4969 5372 6482 7523 5952 4949 4811 6951 8052 8053 7954 5805 5132 4858 4899 5511 6355 6262 4653 4047 3679 2524 2174 2667 3123 2945 3357 3420 3052 2780 3080 3263 2765 3525 3474 4505 5268 6080 6483 6687
-9999 -9999 -9999 -9999 -9999 -9999 -9999 -9999 -9999 -9999 -9999 -9999 -9999 -9999 -9999 -9999 -9999 -9999 -9999 -9999 -9999 -9999 -9999 -9999 -9999 -9999 -9999 -9999 -9999 -9999 3526 4314 5156 5328 5685 5157 5183 5806 6235 6385 4988 5393 6211 6954 7603 7605 6689 7055 6549 7467 8022 8054 5473 5593 5373 6386 6181 6955 6459 4970 4159 4221 2684 1776 1578 1603 1843 2354 3556 4488 4448 4580 4115 3801 3222 4269 3761 3771 4718 4790 6287 6550
-9999 -9999 -9999 -9999 -9999 -9999 -9999 -9999 -9999 -9999 -9999 -9999 -9999 -9999 -9999 -9999 -9999 -9999 -9999 -9999 -9999 -9999 -9999 -9999 -9999 -9999 -9999 -9999 -9999 -9999 3990 4506 4882 4695 5228 4235 5474 5999 6614 6834 6486 6814 7518 7525 6956 7197 7941 7942 7226 7606 8139 7961 6049 6081 6158 7132 7544 5807 4738 4739 4467 3700 2598 1812 1550 1298 1481 1909 2860 3814 4920 5184 5195 4670 4950 4542 4335 3339 3991 4720 5731 6460
-9999 -9999 -9999 -9999 -9999 -9999 -9999 -9999 -9999 -9999 -9999 -9999 -9999 -9999 -9999 -9999 -9999 -9999 -9999 -9999 -9999 -9999 -9999 -9999 -9999 -9999 -9999 -9999 -9999 -9999 3475 4160 4116 3180 3493 3918 4067 5020 6023 6835 6838 6846 6847 4812 5374 6263 6127 7485 8099 8094 8140 8119 6746 6993 6815 8147 6662 6766 4971 4562 3762 2907 2746 2084 2153 1947 1697 1928 2441 3919 3763 4468 4469 5204 5533 5375 4859 4136 4161 4397 5491 6437
-9999 -9999 -9999 -9999 -9999 -9999 -9999 -9999 -9999 -9999 -9999 -9999 -9999 -9999 -9999 -9999 -9999 -9999 -9999 -9999 -9999 -9999 -9999 -9999 -9999 -9999 -9999 -9999 -9999 2781 3124 3181 3039 3053 2922 3557 4068 4860 5686 6836 5595 4861 5229 3920 4018 5040 6024 7501 8142 8143 8141 8009 7086 7166 7057 8180 7932 6922 4721 3968 3680 2834 2293 2294 2964 2403 1769 2340 2668 2965 3223 2861 3264 3834 5185 5658 5864 5534 4671 4939 5133 5309
-9999 -9999 -9999 -9999 -9999 -9999 -9999 -9999 -9999 -9999 -9999 -9999 -9999 -9999 -9999 -9999 -9999 -9999 -9999 -9999 -9999 -9999 -9999 -9999 -9999 -9999 -9999 -9999 -9999 2700 3305 3016 3182 3081 3588 4470 5205 6239 6288 5535 5004 4048 3589 3835 3654 4270 5808 8075 8145 8131 8066 8076 8010 7578 8170 8181 7030 6639 4543 3558 3322 2845 1852 2355 3164 3836 3106 3224 2996 3559 3067 3183 3936 4836 6128 6721 6586 6025 5560 5932 5135 5887
-9999 -9999 -9999 -9999 -9999 -9999 -9999 -9999 -9999 -9999 -9999 -9999 -9999 -9999 -9999 -9999 -9999 -9999 -9999 -9999 -9999 -9999 -9999 -9999 -9999 -9999 -9999 -9999 -9999 2404 3139 3969 3140 4162 4412 5346 6226 5687 4627 5250 5347 5310 4564 5907 5475 5444 8067 8144 8146 8148 8120 8185 8184 8183 8182 7469 6051 4952 4490 3068 2610 1921 1466 2059 2599 3494 4884 3786 3787 2976 3476 4163 4672 5006 5596 7470 6994 6184 5732 6130 7188 6876
-9999 -9999 -9999 -9999 -9999 -9999 -9999 -9999 -9999 -9999 -9999 -9999 -9999 -9999 -9999 -9999 -9999 -9999 -9999 -9999 -9999 -9999 -9999 -9999 -9999 -9999 -9999 -9999 -9999 2085 2239 3406 3992 4566 5136 5623 5058 4137 4164 5059 5598 6321 6769 6946 6359 6241 7168 7198 8011 8121 8186 8035 8153 7943 7526 6111 4471 4138 3575 2497 1451 1399 1538 1853 2537 3477 4582 5445 4989 3201 4750 4764 4921 5810 5831 7486 7734 6748 7169 7199 6995 7135
