CHESS/sk/geo/sk.slope
ncols         140
nrows         157
xllcorner     776985.03882
yllcorner     2618396.05334
cellsize      250
NODATA_value  -9999
[rows 112 to 139 of 157, columns 0 to 63 of 140]
6.135799 9.282584 5.814151 7.853625 8.316863 16.94967 16.58611 4.832796 13.93269 13.92818 9.711695 13.33556 22.36373 12.50074 16.49018 17.07092 16.7091 19.59934 18.42759 18.87157 16.05501 8.763219 3.242984 6.426389 3.656582 2.706083 1.829707 0.8912413 0.1145914 1.744867 7.678646 16.21991 18.25588 15.17281 13.7393 11.51833 8.784973 14.51862 28.71834 28.15228 22.65959 26.59127 30.85064 27.98014 23.94233 25.04886 24.98211 26.75193 30.30284 28.32232 11.62548 15.505 27.07148 27.96157 19.55299 13.21299 15.46769 19.84786 8.77093 10.43318 13.84447 11.14813 12.97652 27.85648
10.7356 10.07373 9.383149 11.87101 12.70762 11.77984 20.10628 16.70209 18.57805 17.67258 13.37616 10.81601 22.17525 17.06316 17.22327 12.43384 10.10206 9.874637 2.65387 3.404005 3.074528 1.730243 5.989774 2.979171 5.521306 4.458032 1.002983 0.6898992 0.949192 2.918995 11.20145 13.89352 10.91103 19.94748 25.59537 24.99685 26.02008 31.78023 37.26988 38.38817 26.77593 24.04386 28.49352 33.71581 29.95333 26.4255 26.76623 29.14015 30.09942 30.85474 25.70484 3.850713 19.09811 26.78399 23.92418 18.38143 16.33158 12.74051 9.171073 7.430818 16.05101 12.1145 14.21657 26.83339
7.170336 10.36636 13.34316 14.58582 11.66209 6.871071 13.06372 18.49665 19.07012 12.42231 3.739782 3.761322 14.27952 16.81231 13.66827 12.08537 8.463712 5.94749 5.320396 3.92706 3.816451 1.094501 7.453783 5.939868 3.431965 5.867916 4.160913 2.723264 1.451999 2.042995 10.18213 13.87648 18.39198 23.35856 28.46621 30.01842 27.37144 19.63328 18.19005 29.50167 29.34445 25.37015 20.57716 21.94109 17.31256 14.81305 16.67162 20.48337 21.64266 27.8535 32.74641 14.22353 20.51312 26.57788 24.20944 21.16268 14.39777 6.380635 7.300469 10.26697 15.28152 10.62198 13.93226 28.01902
7.909363 13.95644 16.11966 11.95875 6.143697 4.888983 8.869006 8.984877 1.986055 9.807864 14.2537 12.53492 8.140774 2.874951 3.357612 9.210326 5.939868 2.856971 5.202404 6.304642 6.58253 3.278321 5.091031 7.734052 6.818488 10.7058 12.22134 10.30281 7.039408 2.553276 4.640501 9.946475 10.32353 8.196017 9.405145 12.32945 13.64005 13.24314 15.39087 18.88207 20.33254 18.03403 18.22189 20.69667 12.71318 11.63456 13.33024 13.45107 17.68298 26.32183 31.41228 10.95571 22.05821 26.92703 21.37227 15.28172 9.023764 6.81459 7.864725 14.88216 16.38343 8.149305 14.8215 26.59896
7.493606 11.23654 10.5372 7.109993 5.603625 3.529799 2.731664 6.690514 13.36641 16.2449 16.3127 18.59734 20.29016 19.28071 14.1953 11.2082 7.351435 3.503327 2.010656 2.304867 1.907339 10.9111 18.98474 20.9187 22.69452 26.51262 27.38542 23.61034 17.58118 11.88653 7.350343 4.01901 3.062538 2.354082 1.166339 3.280314 5.446947 8.384209 11.81841 12.60658 11.84631 10.83487 16.82933 23.29265 21.05914 19.62003 14.57927 8.985319 15.72382 28.99897 28.34342 3.947153 23.48709 22.11232 12.46719 10.25686 6.690514 3.182954 7.198524 15.51449 21.63118 8.658722 16.9733 20.97353
4.254637 4.290672 2.101508 1.506869 4.289533 2.739739 4.39383 11.9535 11.03746 9.585342 6.347146 9.126251 13.37052 17.64075 18.58858 10.02098 5.206927 3.857275 8.336792 14.07807 21.341 27.81404 28.07197 25.97326 28.18377 31.99224 34.14425 33.75128 29.45328 24.24621 16.90047 12.06681 11.3934 11.783 11.92296 11.09446 10.12385 9.827232 8.573611 2.771804 6.575912 10.85506 13.15148 18.68445 20.71746 18.82576 15.59244 13.11253 20.45444 32.97173 30.87932 19.28206 21.67136 15.63679 9.584435 8.411462 4.442666 3.170604 4.866821 13.01611 22.64433 10.8202 15.69154 17.09558
5.706337 7.52149 6.142645 3.092292 1.617098 6.181463 13.29951 10.66299 2.819793 8.677546 11.50232 6.864038 9.659585 10.59804 11.54535 9.596551 0.6594948 15.0414 23.95795 27.399 31.34639 32.86724 30.02814 27.51783 27.1122 24.59715 21.95026 27.48035 27.61477 26.43216 22.65257 21.25149 20.73207 20.68154 19.22171 16.53991 15.7493 17.62609 17.6917 14.61898 7.214691 4.33881 6.894581 10.0128 11.00409 12.98749 13.96989 13.47704 19.37312 30.99366 33.09282 26.06435 20.35319 17.21205 16.97433 14.77838 12.25962 11.54953 10.27799 12.18464 17.95264 13.69494 10.08209 16.9733
4.874331 5.3667 5.450965 4.023066 1.847537 9.988142 12.03119 0.9457284 5.126477 7.954845 10.68845 10.73735 20.84709 22.42399 14.985 2.361028 20.07651 26.67924 26.76378 26.62891 27.21887 28.35065 29.1686 29.94347 26.58669 16.47152 11.59799 14.41137 16.74494 17.8315 20.01446 25.78225 25.65441 22.65903 20.1069 16.05767 11.25497 15.08473 16.09613 18.26015 14.86902 7.542146 0.3085442 5.622679 6.57677 8.732301 9.710475 7.576089 10.77324 19.4479 22.41216 22.19356 22.13279 22.12285 22.30466 21.80666 22.33354 21.78353 20.53108 17.93343 11.26313 10.97003 4.471889 14.61075
3.644508 6.695812 6.920101 3.200367 1.847537 10.06873 12.12675 8.148129 2.810494 8.869006 4.900937 15.26839 15.56011 8.971609 11.26687 16.89218 20.63257 18.33886 19.12469 22.03369 25.96092 29.36223 27.7008 23.20396 15.61385 10.8134 16.98472 10.52126 12.11929 12.22532 13.24781 20.54073 25.32093 24.39155 20.69107 16.83982 6.983995 16.22658 13.65609 16.61523 15.69763 12.13197 6.955943 4.970088 6.040727 7.286485 8.828042 5.379833 6.202733 13.71933 17.5554 21.57768 22.01193 19.45598 17.77213 13.71899 9.682782 9.738407 11.06353 10.62058 8.530952 5.339879 3.620913 11.24811
3.352986 5.594218 3.953758 2.864691 1.185867 6.815653 5.816517 2.55712 6.751058 5.232894 13.28533 14.94404 5.913932 9.377664 16.00624 19.03885 18.12858 17.77128 23.09494 24.92931 26.21148 26.53537 21.08995 15.03723 15.61993 18.42093 15.02991 9.448802 11.86455 11.74629 8.176507 16.31937 16.6825 21.81406 23.00124 21.34033 6.830642 16.35483 5.550004 12.75106 10.9748 11.19706 6.892479 5.524975 8.805948 12.52804 13.71634 9.332036 3.853889 5.517781 7.097317 8.121123 9.941719 9.121643 8.377833 5.051313 0.6887088 1.70927 1.002165 0.4474852 1.192076 1.52472 7.488038 19.39066
3.322389 3.137693 0.6170706 0.8312243 4.910049 6.688587 1.147194 5.341246 10.04383 12.06335 6.361376 5.653859 15.26903 21.2974 22.35074 21.60635 24.03218 27.04922 27.6573 24.39611 21.99423 20.43561 13.64183 10.79066 18.52604 23.436 22.7249 18.29964 15.66296 14.19109 5.09916 18.1825 12.13834 14.93171 24.64231 25.16086 12.28357 12.80032 2.124768 15.87455 9.663182 8.010641 4.634009 6.216394 10.54806 15.03245 13.12215 10.53609 10.48945 5.83014 3.884249 3.608944 4.401422 2.319035 4.235638 4.007837 1.105686 0.7686574 1.661112 0.3437706 0 0.8507364 10.3625 24.12774
3.133261 2.583868 1.341626 1.630226 4.514642 7.321558 7.850771 9.146307 7.576724 8.27502 18.50146 22.24336 21.99926 24.82494 25.72307 23.48285 25.66088 24.32226 16.04402 14.77716 17.98801 18.40234 10.45528 5.674168 13.84562 21.88048 25.46428 22.04643 19.225 17.67715 9.596304 17.95284 15.42989 9.149862 21.7813 23.56874 16.36579 6.922891 2.478771 15.35541 10.10985 10.3603 13.25518 17.43403 18.57974 18.47028 12.84818 9.939816 11.26853 12.74172 9.287789 6.10291 6.467319 5.778956 4.359035 3.633516 0.8669763 1.404342 1.438381 0.243084 1.984404 3.506124 9.334751 23.0155
1.632739 2.01554 2.918995 2.543319 3.04245 5.764367 5.277523 3.12464 16.80036 26.42939 25.09134 20.4664 17.09511 19.2946 19.04029 15.36225 15.67659 13.58075 13.60364 17.65187 22.6082 27.32807 24.87282 11.38472 5.597404 13.32594 21.01205 21.34173 19.88352 18.04822 13.31603 18.38562 13.71767 6.480404 19.57232 24.05403 20.01266 4.207653 9.426245 15.27586 18.10897 17.20846 19.85095 25.83278 25.63725 19.82794 11.09066 8.314272 8.665797 9.401946 6.777614 1.731663 6.283085 7.441608 4.466789 2.934643 1.294335 0.9166542 0.2835973 1.844429 8.051056 9.70071 9.317085 19.27582
0.6130682 1.015985 1.847093 1.798989 0.9448605 1.239966 5.934827 17.32633 27.13125 26.6272 18.44066 15.70906 14.74529 11.47349 12.48077 6.632315 7.918461 9.643458 8.726832 9.440675 12.48576 17.69301 23.00158 21.07494 14.81472 3.53165 14.51115 22.27942 22.7982 16.40489 7.598595 10.73064 8.980103 6.154737 17.81292 25.90785 22.50942 7.437618 17.12987 15.92404 20.01651 19.40257 17.88848 21.3445 16.69574 11.58345 5.742835 3.582835 4.664804 7.859737 7.697612 4.918318 7.605238 4.565552 3.883409 4.811891 1.686093 0.7643757 0.4619233 5.758605 13.68744 11.95143 12.28803 17.67649
0.7979863 1.672914 2.180705 1.776523 1.25116 6.056635 16.07567 22.06101 22.86686 18.04293 10.19919 9.449305 8.771655 6.033762 7.691782 6.606129 6.370506 7.784828 8.536834 8.455703 9.766173 11.06353 16.43928 18.01381 15.82212 11.09144 5.758605 19.89228 21.74404 12.8737 7.298269 6.748074 10.90135 1.234663 16.06424 23.28799 21.15637 4.892306 14.29516 5.684436 10.76699 16.64082 13.06114 14.31978 4.149145 10.65446 7.735294 4.041667 6.280385 6.895281 7.285493 6.505874 6.58351 3.637333 4.903756 6.815063 4.389566 1.788021 0.3735175 7.368342 12.80032 7.45884 9.301513 12.72405
1.141459 1.562958 0.724702 1.053251 3.479469 9.179629 17.02147 17.5981 16.72603 14.62951 11.0131 11.89975 10.94436 10.56255 10.62766 11.12095 11.61158 12.54296 13.1768 11.90444 11.48507 12.96459 16.5435 18.16903 15.01089 10.35097 6.670247 21.42069 18.36313 6.702427 9.831326 7.928154 6.937292 12.46817 21.93628 20.09358 15.19164 3.112582 8.448629 9.715597 10.33388 2.033751 3.833514 8.94208 1.939295 10.68493 11.04213 7.687927 6.802169 8.057109 7.865437 6.684247 4.380652 1.159993 4.088193 5.836245 3.766742 2.194932 0.08102842 5.042301 12.28709 15.00481 15.00177 9.314449
0.7470033 0.5435392 1.780671 2.650167 8.010641 10.1914 16.52164 19.31365 18.30764 17.67409 16.3631 16.58319 12.67766 12.88638 14.96206 16.71347 17.47346 19.23013 21.24759 20.101 16.75437 16.49022 19.33813 18.76734 13.42447 7.404528 8.251162 19.8741 16.57837 10.99905 9.838144 9.36854 5.28674 15.68563 17.19529 14.30344 7.953739 8.358294 10.73152 6.118783 10.87442 6.56634 6.127495 6.680991 1.204397 8.813621 11.22696 11.80542 6.613813 3.547107 4.327532 4.898449 2.637475 2.982463 4.851431 4.608834 3.302904 1.336727 0 0.9317452 5.781057 10.5439 15.41908 16.43512
1.901746 2.319388 4.482253 6.61491 8.354762 9.881024 18.56576 25.26036 22.86625 21.49071 20.60215 13.91201 6.237282 6.471434 13.26002 15.65671 17.36874 17.0337 18.88669 20.79104 22.87655 23.37083 20.63853 13.18144 8.410324 5.599575 6.974311 19.07027 23.72771 20.16661 13.394 11.81959 15.56326 19.90068 14.84298 9.635753 10.23982 15.1995 12.22462 12.18077 17.41908 14.05349 10.94714 5.814569 2.668936 8.628421 12.00112 14.47973 5.768439 1.361649 5.358078 5.622679 5.63707 6.425007 5.279367 4.137539 2.13822 2.231569 3.296961 2.574983 7.125016 11.52966 9.581384 5.685719
4.122146 7.112594 6.733253 2.079562 6.609911 11.84389 20.09772 25.82768 17.97603 13.02123 13.17471 0.7392744 4.528323 7.619558 16.74586 21.94619 23.36638 20.8484 20.31128 23.637 23.6328 23.60582 19.33232 13.51969 9.152288 4.532634 1.862998 6.933114 14.86171 19.46175 10.29426 5.212069 17.00709 20.80827 14.0432 15.88476 18.35283 16.76257 13.53658 12.85272 14.85515 6.637782 7.46744 3.485801 5.664165 9.239542 13.43622 14.68528 4.016372 3.330494 4.144428 4.195046 2.372791 6.173746 5.834719 3.662381 2.105792 4.669859 5.401649 6.296439 8.179437 18.07141 18.54812 19.54955
4.188826 3.927683 3.451188 4.145018 6.708196 14.22974 22.27702 23.27796 17.01325 16.24522 16.84815 12.88692 5.363525 17.52474 19.65631 18.32577 15.40832 13.97439 16.39987 17.34732 7.907239 2.988215 1.069482 0.9483273 2.533968 2.113945 1.35803 6.510832 9.931883 14.01303 7.018467 9.158786 16.91518 20.47627 24.05414 23.84809 21.14607 18.49957 17.06034 16.22332 15.05512 10.09855 10.02782 7.227153 9.788614 11.52534 13.68317 12.4526 4.688113 4.747244 8.835513 8.358294 6.448076 6.624653 3.222508 3.097839 4.491324 5.614026 3.983348 5.722493 3.91562 21.20924 18.72726 11.29236
2.843194 6.819315 7.387382 3.405204 6.574195 14.22937 22.39505 19.18819 14.85152 16.44499 13.72486 13.41646 18.12384 17.73187 13.47342 17.33093 20.42619 15.08592 10.71129 17.00816 25.17652 27.68019 27.48067 25.39066 18.79615 10.41172 11.21612 13.07683 15.02872 11.31172 2.773279 6.030947 11.69837 13.18092 20.3814 21.13579 20.39031 18.69471 16.15944 13.94232 9.515798 8.591429 14.40991 17.81757 17.99483 13.5323 12.17043 9.752989 3.658591 3.67373 3.890544 4.96158 10.87953 11.34163 7.174482 5.547668 6.159069 4.539094 1.911631 2.146632 1.326874 17.76909 25.27059 10.38007
3.176785 3.456627 1.95067 2.605318 7.651571 13.7149 17.22394 15.63551 15.01254 14.33968 12.61201 14.16951 20.94823 20.99095 24.90768 23.71744 21.70346 21.35874 23.50904 27.16204 29.70666 29.15267 24.38277 20.7322 20.33088 14.92815 19.55471 20.25895 20.8481 24.33204 29.10489 26.37606 16.54062 10.33928 4.273742 6.950735 5.804118 4.425222 8.510661 13.17796 15.18142 20.92393 25.18902 23.97732 18.16158 10.33935 6.888039 5.079533 5.485069 8.250387 7.830661 14.7832 16.96025 18.34956 11.70772 3.726666 3.715261 5.28674 5.093902 5.000726 6.094957 7.436431 20.59404 19.74132
0.8921614 0.4878442 0.7865947 3.293986 9.006503 11.49678 12.17043 16.50378 19.3309 15.03225 15.44748 19.40278 20.8346 17.87115 14.41242 16.35878 14.24904 21.06137 27.25379 25.57454 18.06236 14.68257 16.72187 21.13282 22.75513 20.81512 23.54533 26.19911 29.09994 32.19585 34.02903 32.99251 24.66631 21.12586 17.89949 19.70857 22.01345 24.40185 27.46376 28.47488 26.29263 24.34006 25.15297 19.38584 10.26329 6.549739 0.7568243 4.676126 7.769693 9.271053 6.484014 10.69263 8.352088 11.00153 14.04815 7.357548 13.17535 17.48774 18.59998 16.62514 14.52054 9.412548 7.300469 12.45606
0.2717757 0.3437706 0.5800557 2.765302 8.006149 12.61834 14.54115 16.55342 18.42035 18.1064 17.13535 18.38811 14.00493 13.15357 15.52354 13.46613 15.58948 21.89365 21.59196 17.04259 13.20461 15.59558 24.15923 31.41345 31.84521 24.40282 19.90089 20.55605 21.86183 23.76315 19.5589 24.42061 24.33265 22.90306 15.41194 14.85232 20.71816 23.91025 25.42188 25.04956 26.00071 25.77638 24.41703 13.74599 8.424911 8.436165 6.976157 10.04728 9.756873 11.49678 12.53891 10.50178 12.11591 12.18927 20.4242 19.39793 19.84547 21.19765 25.08384 27.76143 28.44333 26.75474 21.86284 18.519
0.4171122 0.5510362 0.5686257 0.9663236 2.876658 4.655203 7.908858 12.86685 12.94708 14.19918 16.57289 19.12745 15.4255 17.38608 21.88825 20.08443 15.1025 15.85473 12.99627 15.78027 11.85324 20.68854 23.19789 23.97237 27.18755 21.63471 19.67671 19.63471 19.0311 18.28049 13.40356 18.20173 19.88352 24.90077 19.58047 14.48394 21.88371 18.92939 19.77857 20.75112 21.97901 21.78056 13.27067 3.474537 12.08403 18.20146 21.10123 24.99383 25.61977 24.74524 21.24535 15.16385 15.2485 13.40265 18.79272 18.57679 14.56286 16.94412 22.2056 29.61719 33.97548 33.09575 26.82268 16.87377
0.6302282 0.5757961 0.6494648 0.6681476 0.4878442 0.6022652 7.143045 8.402831 8.121516 9.834455 16.54173 21.97821 22.92695 20.5101 17.2646 18.20209 18.90785 17.14608 12.20294 16.56409 10.4902 17.35822 11.9164 13.15224 18.40238 17.60101 21.41674 24.35307 20.29729 16.07751 15.07839 21.49393 23.51089 29.25786 26.88112 27.31952 29.15701 24.77436 20.65697 16.05983 10.88499 5.186308 9.932597 14.07221 15.56956 22.00703 24.10095 25.64161 24.34001 22.17163 18.031 10.26084 8.290533 6.281029 4.349496 7.012963 9.284462 14.96681 18.024 14.90706 14.06791 20.11177 16.47112 8.846932
1.218615 1.069482 0.9058504 0.7448032 0.4878442 0.3340851 4.867823 5.387667 4.870494 5.530987 10.07795 13.44217 15.73452 17.87936 15.54511 21.32999 22.28202 16.30639 14.57422 15.13452 11.90216 17.66404 9.495161 13.54714 10.30006 13.83132 18.92401 22.74537 20.74084 16.58355 15.75546 19.83283 25.52515 32.95597 35.01152 37.09075 33.97579 24.95018 13.11795 4.410478 2.892254 13.40424 22.95588 23.33974 19.51437 16.71903 24.99844 17.38204 5.154276 13.09367 14.48327 12.36411 4.958304 7.219033 0.9103675 3.926229 12.25993 16.90914 12.60859 7.821251 11.53673 15.24791 15.38279 9.888285
1.382567 2.403647 1.836413 1.094501 0.9246743 0.6875163 2.028507 3.388129 1.665056 2.955193 6.504262 8.510661 11.53026 12.26591 16.97622 14.55919 10.41692 10.61327 14.89072 17.75839 15.1607 17.19787 10.98192 14.80961 6.851358 14.68748 17.77375 19.7198 17.45507 18.57855 16.46399 12.63582 15.4255 24.40918 28.08428 22.4707 12.15926 4.580321 10.09458 16.64662 19.36529 23.09997 28.75425 29.63101 27.48468 23.59814 22.23265 12.59932 8.010142 12.7084 9.26618 8.80342 6.334923 8.426331 6.369873 8.946609 15.22441 13.17309 5.596245 1.90648 4.184544 8.110393 11.01118 11.78721
