CHESS/sk/geo/sk.slope
ncols         140
nrows         157
xllcorner     776985.03882
yllcorner     2618396.05334
cellsize      250
NODATA_value  -9999
[rows 84 to 111 of 157, columns 64 to 127 of 140]
0.4619233 0.8202947 0.9457284 0.664453 1.328727 3.312044 1.542363 2.381746 1.685607 0.5188212 0.5405113 0.7212973 0.04051423 0.05729576 0.04051423 0 0 0 0.5266702 0.7448032 0.5266702 0 0 0 0 0 0 0 0 0 0 0 0 0 0 0 0 0.2835973 0.7075147 1.196197 1.985642 2.101508 1.506869 1.771441 3.024931 3.017353 2.576254 2.770032 4.369484 5.446947 5.363525 4.184933 2.146632 1.426933 3.474537 6.030545 6.955943 8.968333 7.680107 9.011086 17.91129 22.07193 26.37327 9.716979
0 0.6076908 1.286709 1.224657 1.370653 3.154321 1.319437 1.666532 2.677202 0.9560815 0.6302282 0.4456476 0 0 0 0 0 0 0 0 0 0 0 0 0 0 0 0 0 0 0 0.08102842 0.6934581 3.151989 5.735498 6.406641 6.316414 6.533464 4.806989 1.5413 0.8312243 0.6898992 0.2921498 1.318815 1.684634 1.822975 1.956123 1.986055 2.309481 2.227528 1.620643 1.000526 1.54767 1.981098 4.092179 6.080748 4.317734 3.203686 6.286555 15.2681 18.78019 21.08283 23.88777 6.681956
1.630729 2.729266 2.504398 2.113945 0.6405596 2.330659 3.710206 3.122808 2.432428 1.377219 0 0 0 0 0 0 0 0 0 0 0 0 0 0 0 0 0.1215425 0.9396364 1.289256 0.9058504 0.3266326 1.713103 4.599822 9.85993 13.21016 14.14201 13.53095 11.71309 9.839348 3.766742 0.6289248 0.9352607 0.807187 1.089995 1.051693 1.174748 1.134973 1.866953 2.146632 2.513208 2.521987 2.683613 3.064406 2.612847 3.154321 5.384504 5.406451 5.569246 11.83846 15.82188 16.38553 23.79797 24.21 7.40095
10.77324 12.02398 9.447295 6.052094 4.094768 2.607516 0.5450468 0.7990138 1.137139 0.6791105 0 0 0 0 0 0 0 0 0 0 0.243084 0.7686574 1.002983 0.7178765 0.2025703 1.053251 3.485098 6.479906 7.130655 5.839711 3.23491 5.234135 6.396176 9.322525 10.45978 8.361061 6.331736 5.565316 11.26604 5.03424 0.1460758 0.654499 1.499232 1.14074 0.9722483 1.580174 2.521987 3.085676 3.041106 4.678387 5.662306 7.36431 8.972937 8.308224 6.071168 4.723028 7.920684 12.67663 16.34979 17.14277 19.04993 23.04079 23.87676 8.245742
16.56206 17.09111 17.28854 14.1574 10.06059 8.634693 6.862747 2.79356 0.5450468 0.2864765 0 0 0 0 0 0 0 0 0.3646232 1.542363 5.008518 7.878043 8.404349 6.9251 3.983348 2.757599 8.704557 11.74814 10.14405 8.651824 5.548398 11.25608 11.47261 9.124079 10.44544 3.524011 8.167418 7.946496 9.124861 4.987712 1.05403 0.5842844 1.95067 2.612847 4.041868 4.598229 3.403045 2.844057 4.345562 7.574925 9.121296 12.14012 15.93574 15.99096 12.61426 10.83833 10.41933 15.35444 17.29881 18.25196 22.5822 24.04568 22.93227 13.23021
14.86927 6.633895 9.892988 12.65387 8.851693 8.307263 8.649615 5.226997 0.8593723 0.2025703 0 1.13425 3.429822 4.16874 2.833972 1.577577 2.918154 5.885954 7.760103 7.885758 11.05789 12.86637 14.09284 14.45626 12.25181 3.570279 12.50794 10.68171 9.277205 9.739705 5.834025 14.55811 16.40395 18.28405 11.52797 5.301454 10.91518 7.22971 4.507425 6.033762 4.609364 0.8351632 1.954866 3.524938 3.143419 2.031332 2.715742 5.513078 8.803059 10.87665 12.73756 17.59198 17.9971 15.02075 12.82888 16.25292 15.59558 12.41468 15.02205 16.04659 20.84998 23.46398 22.49939 12.03189
14.02896 13.33436 7.165515 12.66195 4.634185 1.614054 10.30472 9.692647 3.84817 0 0 3.164411 7.657015 7.636474 6.893997 6.905779 11.6573 15.1471 16.19601 16.9066 17.3962 14.77447 12.40941 12.32645 15.01807 5.56182 12.58607 10.00052 7.35602 8.05443 6.934855 12.49698 13.10908 9.13355 11.26583 12.28878 9.996028 5.854107 3.213365 6.274853 7.802497 2.462867 1.684634 2.446189 3.925606 3.902057 4.207653 7.773815 10.10362 12.51864 16.85534 21.12092 14.99733 14.46391 12.87835 17.25851 18.70565 18.22118 12.88775 12.66189 21.39621 27.95228 22.79101 9.223658
11.01118 14.00087 12.82888 15.94538 9.370991 8.681122 9.293589 13.12885 6.481027 0 0 3.980686 9.043009 4.687245 10.51037 16.23946 19.66104 19.7652 20.79087 24.32976 23.9732 18.83547 13.66516 13.15845 15.3748 7.583387 9.259336 10.01123 4.049727 5.360499 7.715699 9.685719 14.06947 8.422545 9.062036 17.43814 11.8603 5.743399 1.653197 3.060134 6.420987 3.804032 2.878647 3.041106 3.81752 4.525986 6.723074 8.822186 11.96599 16.33158 20.44253 21.42752 15.42608 18.40466 17.76618 18.74355 18.35007 19.95341 22.43135 22.41248 19.50899 24.13265 25.67396 6.895514
6.026789 12.8363 11.75909 10.61327 8.603377 13.83241 11.68549 13.92769 5.768439 0 0.243084 4.077012 9.701362 8.4407 13.74328 21.34959 20.05787 17.35617 17.49778 17.20306 15.94427 14.70767 13.40919 16.88618 18.54198 10.73188 8.425669 9.42087 4.492955 6.839478 7.646857 11.71309 13.96989 7.052421 7.331093 17.14506 12.18642 4.859801 0.6289248 2.204984 5.086244 5.111248 3.085941 5.754104 5.102185 4.639098 8.934614 13.57812 18.419 21.74264 22.06738 18.67647 12.43477 16.50036 18.86125 18.56472 14.26233 10.39995 9.495411 8.888251 7.735191 13.3928 22.51402 19.71597
3.359072 2.753145 2.61128 3.047283 5.102981 6.391632 12.12847 8.810733 2.308062 0.5671808 3.293986 9.276863 12.874 13.30514 16.48822 12.84418 2.82935 4.376189 8.398179 9.902946 5.365188 9.191714 11.93529 10.74668 15.74996 12.091 8.473499 6.394662 2.842906 8.58336 13.05135 15.63408 12.15036 2.997777 13.95427 17.09319 10.45235 2.288464 4.478437 8.425669 8.33124 7.465183 3.457335 2.729566 2.245108 6.367338 14.08113 18.83114 19.80064 16.30837 10.07397 10.97217 11.29339 8.532447 7.035065 6.841126 5.768439 8.434275 12.41816 15.97816 16.53818 17.32211 19.84604 15.7874
4.740387 9.2854 12.6461 17.38937 16.94567 14.33921 6.486751 2.426699 1.25574 4.938105 10.30487 16.73149 18.88076 15.54549 7.976231 10.65299 17.63682 18.45762 18.64132 18.49603 15.37407 17.76755 19.31602 17.03883 12.65339 7.333393 3.73476 4.385854 8.844056 15.22819 13.79814 10.67562 1.54661 11.51482 16.90047 12.38485 6.457954 0.8351632 6.905779 4.974827 6.448076 7.899444 3.441234 1.621149 8.006548 14.40342 17.54202 14.29975 10.15513 13.40697 21.76757 25.39056 24.74698 23.36202 22.26492 18.87908 12.84108 12.80236 14.2941 15.41657 14.83374 16.57294 19.14915 16.67206
11.7445 17.07885 19.52001 16.87061 10.821 14.6861 7.36747 3.337111 4.891808 13.78609 17.60286 16.13735 9.815182 2.807581 13.47817 19.14981 18.15401 15.49454 14.76436 17.5999 16.73468 17.47429 17.30925 13.93884 11.50833 7.563167 4.949939 8.952999 17.6204 16.78592 6.079817 6.824155 15.18378 16.46774 12.15004 6.784266 5.363525 2.777995 4.947804 4.988201 6.4358 8.648879 4.073812 6.856997 12.98637 11.87238 8.613736 10.68567 17.10056 20.84709 18.73037 15.36574 12.78569 10.13776 10.6938 13.31752 8.329995 10.77287 9.153069 7.662873 9.885413 13.10097 17.69069 18.66586
18.04142 18.92655 15.34901 8.648879 14.01779 14.07479 7.245804 1.215919 6.16038 15.30117 8.245645 5.550735 14.43999 19.92039 19.39627 14.30466 10.34907 9.893785 11.494 15.34687 16.93521 16.97352 14.55407 9.582704 6.962649 5.106798 5.325426 14.22294 17.34139 13.27843 3.470068 15.80301 14.09139 10.45017 5.042623 2.45954 5.616912 4.890977 1.174748 6.037514 7.168542 7.218477 1.230004 8.476415 9.246145 11.51245 16.0482 17.32194 13.62593 6.530871 6.914865 11.13336 12.21053 16.42962 21.96603 23.82025 15.16863 18.20959 14.22183 2.251665 5.733521 8.367068 11.11702 11.26853
18.93675 18.26543 12.94714 16.86728 17.01103 18.19749 12.95241 0.7535649 5.476785 14.00525 16.25799 18.69084 17.07527 14.20652 10.13535 6.126307 4.747244 5.259656 6.201952 9.006503 11.59417 11.44906 7.416657 1.648728 2.754036 3.408082 6.462077 13.59967 17.35617 15.76857 5.808022 18.24429 13.0147 6.730021 3.724914 3.308095 5.2726 4.657475 7.182543 4.377491 1.5413 2.415879 0.7212973 5.088478 8.46936 9.686778 8.422545 6.216914 8.204586 11.05902 13.26117 16.07118 18.31837 21.61222 21.79678 16.25541 6.597702 21.75593 15.36458 2.239995 2.643983 3.919576 5.294102 7.300469
2.599343 6.562531 3.359072 13.89663 13.91408 17.74443 17.56507 4.557524 2.994503 7.695114 9.736462 9.000771 6.824509 5.063198 2.688488 1.318815 1.516632 2.447193 2.852099 3.156394 3.410957 3.456863 3.33172 10.4292 11.93036 9.407332 8.673693 9.906449 12.91841 13.23944 13.08853 16.04995 15.51736 2.753145 11.34513 10.29274 8.169471 8.038338 8.474911 3.419567 8.701906 10.77433 8.971874 6.310787 3.595573 0.3822049 4.174796 11.42225 17.72289 13.171 7.188247 15.95062 15.06251 11.04234 12.66917 7.109993 13.40919 19.93269 13.03674 3.368543 0.6875163 0.5124553 1.67683 5.078094
16.92867 19.30754 19.23013 17.87417 17.29395 18.48725 15.53866 5.857563 0 0.6887088 0.9739344 0.6887088 0.1215425 0.1718868 0.1215425 0 0.04051423 0.5686257 0.9560815 0.9255611 0.4895234 0.6022652 7.656596 10.53244 2.24036 4.862309 8.063456 4.367061 7.43125 14.45485 18.82147 17.93074 12.92535 4.636467 13.22449 4.33881 4.923603 9.731919 9.794418 3.993774 5.84636 5.710877 10.25946 13.83888 15.03628 11.88255 5.690133 14.57958 16.50783 4.570005 3.169573 17.49634 12.95572 8.103395 12.62687 3.276326 14.22082 14.57096 10.41051 4.181427 0.5671808 0.8020885 2.488659 9.36186
19.23778 21.03099 22.87963 22.63538 20.76738 18.63412 11.47532 3.358829 0 0 0 0 0 0 0 0 0 0 0 0.4051356 0.5729387 1.54767 6.118783 9.479568 12.3407 12.22064 11.16267 12.25691 13.84842 13.6037 12.3487 10.90766 6.134218 7.817565 11.34637 11.6463 9.327367 5.855351 8.11443 4.004376 7.756387 8.461922 5.820274 4.441933 3.18706 10.45445 1.420021 14.0937 15.51051 6.664565 8.491539 15.73725 10.11981 8.546534 9.364228 6.976157 10.90508 11.30752 10.59213 2.636234 2.204984 1.691433 2.227528 11.68974
15.31188 13.99313 13.88757 14.08194 12.96707 8.824259 2.34851 0 0 0 0 0 0 0 0 0 0 0 0 0 0.04051423 1.684634 3.443369 4.452185 5.153016 7.847916 7.446243 3.173439 1.9253 6.818488 9.106498 9.453491 7.025798 1.778368 7.545228 8.402356 9.720229 10.91819 9.617283 4.225237 2.837434 3.120713 4.970906 10.71436 7.692615 6.991939 5.28674 13.1761 11.23251 11.54421 14.14046 10.24742 8.647407 6.695812 13.91337 17.62961 13.16722 9.639606 10.66798 1.070249 2.488659 7.177842 5.384806 8.649615
6.845715 6.477291 6.610521 5.596245 3.690576 1.296234 0 0 0 0 0 0 0 0 0 0 0 0 0.04051423 1.45876 2.952702 3.926229 6.11733 9.777562 12.23069 12.83414 14.0579 12.61761 13.6601 16.55834 14.92714 8.686621 5.900372 4.189215 2.066917 3.678393 4.447062 4.0858 1.797621 4.657475 11.88966 11.38158 8.771564 5.50631 9.873599 10.69409 15.88755 19.76802 17.02493 16.28187 7.373134 6.110455 8.815244 6.056635 11.97834 13.17593 14.39332 13.08245 9.426664 6.740309 11.1433 7.818999 10.98811 0.3340851
0 0.243084 0.7686574 0.8763885 0.4861591 0 0 0 0 0 0 0 0 0 0 0.1215425 0.6197245 2.858402 6.898199 11.85207 13.58036 11.56459 11.1328 17.7635 21.96969 21.91766 17.80181 12.56649 9.240572 9.890836 10.41933 11.45741 7.88941 4.088193 0.5450468 0.7303412 0.6405596 0.08102842 3.247014 13.82654 19.23394 16.34692 16.41957 14.69116 19.83947 17.32462 19.2014 21.41192 18.23095 9.256425 1.813509 7.86045 11.15687 8.525253 11.77747 6.455455 3.04245 8.053141 12.22841 11.14386 4.043078 7.635739 12.67766 5.124576
0 0.8912413 2.064934 2.577207 1.95738 0.8102307 0 0 0 0 0 0 0 0 0.6482001 3.319929 7.45927 10.705 14.50228 19.86302 19.3779 16.53867 12.05431 16.64134 15.60733 16.81527 15.19793 12.02997 5.242811 8.420557 10.24036 17.33282 7.412328 0.5266702 0 0 0.8912413 4.03763 11.8452 22.65471 24.63405 21.98706 23.66516 20.86022 24.59891 19.65407 14.6403 15.31348 8.842348 10.93572 3.891801 13.90203 12.18686 5.710168 9.540947 7.419903 10.2096 13.60113 8.853758 4.436798 7.182878 6.434044 6.971542 6.709637
0.6887088 6.377978 12.79463 15.56254 13.22005 7.20243 1.458197 0 0 0 0 0.3241104 0.8726358 2.675979 5.809694 10.10642 16.02579 19.37486 17.43403 15.15745 10.92714 16.39754 18.53065 15.03817 10.61327 8.945543 11.76107 15.22833 5.578551 5.275677 12.16758 16.35429 6.659726 2.394432 0.1620565 1.215245 5.902977 13.19204 22.37718 27.68788 26.13166 20.59935 25.0294 18.9859 15.47826 7.911993 3.85664 12.60957 6.783435 16.02095 5.982072 17.49104 11.37371 11.79957 14.36039 12.0727 15.47134 15.9188 3.048356 11.91204 2.288464 8.730934 13.08824 6.688707
8.006149 14.82403 20.93987 21.61635 22.46691 17.26221 8.065834 3.312044 3.021685 4.708023 8.372787 11.27959 11.55847 13.51378 19.49425 21.74664 20.22064 19.91578 18.30296 12.32889 9.301513 13.58327 19.12597 16.91082 10.57835 12.6805 8.089084 16.01016 6.259388 0.6405596 13.47772 10.60839 6.615275 6.033896 0.6681476 5.267519 13.41788 21.22556 25.12498 20.42859 14.66271 2.223848 13.04842 4.976623 2.752848 16.47455 14.64707 15.72641 10.99493 15.17768 8.425479 18.75555 13.40651 14.67137 17.31289 15.22775 11.74318 12.41052 5.750444 13.42697 10.87234 13.89216 12.8287 11.00941
19.9292 19.7215 19.69215 15.34245 22.33813 23.57169 19.75605 16.31017 11.599 12.36816 21.18497 24.53266 23.47531 23.14865 27.31172 26.95021 23.28108 17.54593 13.35408 15.17237 14.36711 14.04384 17.52342 19.25022 18.94239 16.39875 11.71169 18.0755 9.650174 7.202095 9.184811 5.999892 7.897013 8.240222 2.874382 9.148215 15.7705 20.43484 15.80765 5.874119 13.01676 14.66394 17.63854 10.76531 6.148431 18.07458 10.77091 14.12227 11.42586 13.78878 9.334413 16.48417 15.03817 14.68748 16.50889 10.18669 10.20644 10.90422 7.143833 14.72404 13.49178 5.544306 7.596379 14.02248
23.9802 17.90696 15.11175 15.87381 19.11642 22.76828 22.974 24.49209 21.20706 17.80241 22.05691 18.77293 20.94911 22.55116 24.69279 22.75551 24.20552 21.43989 15.11205 14.04622 14.80784 16.17512 17.52503 16.40238 18.4516 10.83768 12.07514 22.24777 13.94123 7.732394 0.9184425 4.095962 11.28546 5.894746 6.050758 7.71985 12.99786 18.88807 12.65915 11.81001 15.13097 16.80093 18.66095 15.14493 4.21075 17.97603 11.15988 9.799493 14.88579 14.45813 8.370118 16.39916 14.01536 13.306 16.54461 7.993656 9.081282 11.09819 8.471619 9.542604 5.085924 11.99545 12.60274 11.0832
19.65393 10.03166 10.59435 19.07308 16.07301 19.73707 20.22835 22.38717 21.72572 16.74167 19.17838 16.95758 19.13644 21.62122 22.69056 22.28803 23.02549 24.09476 20.51681 16.93719 14.61034 15.58353 14.94839 10.81666 12.79702 10.62825 16.38235 22.30036 13.72331 4.138131 3.534885 5.855351 10.80805 5.7096 10.76095 7.254115 7.500453 16.19401 11.50164 7.843428 10.29243 15.59863 11.00941 16.24395 8.456645 12.52141 16.76566 9.784986 14.37031 15.06003 10.47628 21.4571 11.22897 12.84293 16.72165 12.8038 9.717954 5.607528 2.536551 11.10606 19.41059 18.1954 17.43735 17.84259
16.04369 9.573212 8.049864 18.22483 8.24487 13.61812 17.77096 20.02973 17.69342 16.31973 22.17643 21.58079 22.56487 24.89214 22.75833 22.21714 22.23598 25.0555 25.51073 21.67995 18.26262 17.7639 16.98394 13.51783 14.28523 17.62319 19.65407 19.74842 11.41203 4.883826 2.074435 9.546746 3.119665 12.98024 14.09332 14.03457 9.828437 12.55725 10.12797 6.060371 9.379436 8.28803 7.141132 17.00315 8.499418 8.509819 15.0414 21.25168 14.87305 13.5149 16.7894 22.15906 9.135982 15.97076 17.20977 16.1171 7.293426 7.862893 13.74792 19.32868 16.53725 8.336792 8.783253 10.4301
15.70141 10.37583 6.535316 16.18582 4.328473 8.70931 9.378085 16.26044 17.38312 21.73024 22.8449 15.92757 16.37208 16.82343 18.16974 15.5243 11.78596 9.38821 16.03076 17.57937 18.96243 19.72798 17.79695 14.32663 17.51418 21.48265 20.26233 17.30523 10.49491 6.237023 7.379228 7.000564 7.624815 17.97603 17.17208 16.35658 13.73399 14.13399 6.887922 6.55909 13.05639 11.21362 11.22731 18.61794 12.58246 12.19478 17.20458 24.96199 14.75439 11.58345 22.65725 16.89961 10.53609 18.58801 16.3923 13.67861 1.382567 14.94379 17.38758 11.072 4.809863 11.73545 14.91876 6.127891
