CHESS/sk/geo/sk.slope
ncols         140
nrows         157
xllcorner     776985.03882
yllcorner     2618396.05334
cellsize      250
NODATA_value  -9999
[rows 0 to 27 of 157, columns 64 to 127 of 140]
2.139752 5.347318 11.24541 2.420281 10.08139 7.807524 5.893923 9.679111 2.551994 3.264082 2.819212 5.615613 8.445231 6.901349 2.323621 4.338059 3.857275 1.134973 2.265444 2.690921 1.977372 1.824324 2.481741 2.223848 2.617854 4.628036 4.590436 3.288275 1.196197 4.0858 7.97613 5.356866 4.253105 6.132769 5.438008 5.850097 8.98364 6.519499 12.40307 15.44435 11.14141 8.222667 9.899443 12.93127 14.21364 15.30161 6.655246 15.51837 16.89486 16.09613 15.82464 9.34569 3.449057 4.033792 2.708803 4.421172 4.488605 4.072411 1.002983 1.158577 1.409006 1.41713 2.365532 2.323621
5.513078 11.14645 11.41517 5.36549 12.90154 5.832083 4.682558 12.00183 2.392037 4.390308 4.469704 5.081931 8.476133 6.531365 1.468285 5.744668 4.11205 2.13707 3.388853 3.441234 3.676617 2.869255 3.31377 3.941984 4.35511 4.678387 4.209395 4.640501 5.821247 6.66783 10.63864 9.926881 7.973222 7.396069 10.07959 6.468067 8.668277 15.55682 20.10787 18.96988 15.5517 12.99433 12.82763 16.18168 19.79313 18.29144 6.415957 23.76533 20.96075 15.73042 18.64712 14.74406 5.162932 4.525986 2.696389 3.788126 3.636884 3.752851 1.986055 2.95713 1.318815 2.520039 2.850091 3.708446
9.697453 12.09937 3.524011 13.96181 8.880469 1.493753 7.930676 10.7383 0.4741961 10.00776 8.727562 6.968771 8.509912 7.059943 4.290672 6.111381 2.688488 2.494573 2.601546 1.780671 3.192185 3.662381 1.945622 0.6090395 1.580174 1.328727 2.753145 4.956337 5.415144 4.570539 6.871189 9.562634 1.603863 7.465183 11.17587 10.43883 12.59688 17.15112 19.43794 14.7798 11.71997 15.49032 18.17135 17.89596 19.1412 8.681122 17.11548 23.96581 17.71622 12.40351 13.53911 15.17281 7.998955 3.856851 2.179578 1.196197 2.897904 1.771441 2.209437 2.878647 2.908328 2.434783 2.017572 3.060402
8.759951 7.074622 4.653805 15.96553 3.860868 7.943274 9.434973 2.445855 7.687927 12.38535 6.943785 4.653281 5.762119 3.898921 1.489355 4.160913 2.194932 2.673532 3.092292 1.720742 2.187081 2.837434 2.636234 0.6090395 2.227528 1.080926 2.327846 5.57041 5.533185 4.5011 5.702645 9.705188 5.885129 4.903756 8.015231 9.140409 12.17748 13.75615 17.03827 16.26777 13.50138 17.09715 18.3232 17.51893 8.574448 11.39586 19.9694 15.89714 12.7104 11.15925 12.28112 11.54044 8.025698 4.403642 2.607516 1.539703 1.886168 1.621149 1.449172 0.5628237 1.088489 0.5671808 2.416557 1.972393
6.618931 6.002048 8.437299 16.82178 5.215805 8.623068 5.416043 11.51853 10.46548 6.703029 3.69588 1.015178 3.028173 1.947306 1.988116 4.52994 2.845495 1.793056 3.5883 3.560891 3.056124 1.307573 1.986055 3.474537 3.293986 2.398191 1.964483 2.82935 3.2982 3.839893 6.602222 8.032966 7.021561 6.214705 9.071576 13.25795 11.4498 12.56851 17.07616 17.75267 14.39803 15.46788 14.72425 3.74 9.820807 17.27603 12.13942 8.420367 12.29562 12.39655 10.59079 7.177842 4.385854 4.826062 3.691461 1.461007 0.2025703 1.707351 0.6705993 1.587937 0 3.464415 2.985751 1.733556
3.349329 6.13738 10.30098 16.85993 8.333443 1.370653 9.108588 10.40025 5.145606 4.056968 2.955193 1.12845 2.723264 1.242609 3.685043 4.785969 1.550846 0.5729387 2.567343 1.929127 3.001322 3.890963 1.498685 1.939295 3.62902 3.507521 1.981098 1.602329 2.361028 4.883493 6.692802 5.443522 6.889675 8.185292 10.9674 12.6391 12.25918 13.66928 18.03804 19.25752 14.51172 13.44625 12.062 8.064645 16.72624 12.72332 4.500196 7.297829 14.47016 11.51968 7.77989 5.493635 3.928928 5.4087 3.824565 0.366867 0.8112427 0.528226 1.317571 0.9730917 0.2835973 4.627861 1.959472 2.468179
9.906369 7.942669 7.589411 14.4535 6.955943 5.706337 4.910049 3.532343 1.827466 3.057462 2.327846 2.680867 2.273384 1.382567 4.325273 2.024868 3.581239 2.390325 3.936187 2.45954 1.409006 3.239707 3.936187 2.986573 3.776261 5.012409 6.928934 6.272279 4.108877 7.63154 8.287741 6.688707 9.336024 12.93412 11.60281 10.80015 11.28801 15.00955 20.84341 20.38249 12.8059 13.05927 6.323569 12.54529 14.59118 10.98562 8.130464 8.883243 15.12682 8.905756 4.061788 6.407146 6.037514 4.962726 2.957406 0.6898992 0.3266326 0.6022652 0 0.05729576 0.4010639 4.039245 3.519374 4.649083
6.918705 10.51709 4.297881 12.2977 7.329012 7.216473 8.99274 8.509538 7.26529 2.617854 1.117493 3.012742 2.471163 2.409431 2.179578 2.94688 2.908047 2.203126 4.018807 1.739692 2.937429 2.572121 3.078514 4.647508 3.954171 4.661664 9.4165 13.90138 15.45807 15.77219 16.38571 14.9876 10.83082 10.14909 11.18243 12.77548 15.79884 19.39949 24.0029 18.2905 7.119937 11.85324 11.05457 15.9291 12.8771 10.33479 10.1338 12.51895 12.86167 5.113949 2.929343 6.637782 7.495747 5.557009 2.978073 0.08102842 0.6302282 0.4861591 0.05729576 0.04051423 0.5981638 2.891122 6.866266 10.03755
4.086797 10.72123 3.388129 8.247097 11.74364 10.75251 8.303132 9.867766 10.98199 3.570279 0.5729387 2.099948 1.076363 1.326874 1.234663 0.7075147 4.404566 0.1811846 4.233136 3.201389 3.559974 4.709922 3.093085 2.327846 5.789034 9.260791 11.66262 10.70193 16.38231 19.60919 18.68138 15.32773 12.37981 10.93572 15.97219 16.70454 18.94631 23.25502 23.67757 7.138542 10.38914 18.4731 18.92924 13.09677 9.146828 9.620159 9.073238 11.12684 10.86982 7.096071 5.003811 5.3667 6.907644 4.899776 3.964264 2.121682 0.05729576 0.04051423 0 0 0.8994881 3.637333 9.137979 11.69923
7.353073 12.73599 8.65026 2.41079 4.03359 4.932013 5.58581 8.730934 9.781436 5.952793 2.101508 2.164871 1.52472 2.992317 2.915631 3.620011 2.985751 2.498835 4.21829 5.071853 5.391128 4.394757 3.750459 3.56639 1.051693 9.225806 14.65538 12.82266 9.981277 11.08214 14.56782 14.49023 15.74925 15.66921 18.2424 17.51426 20.55839 21.78835 10.5581 11.2782 16.53818 13.54782 15.19748 12.71426 11.00153 11.66628 12.78304 9.706326 3.131434 0.9184425 3.768258 6.269316 5.677735 2.824431 3.264333 2.720558 0.6076908 0.3646232 0 0 0.7568243 5.229947 10.4127 9.28668
6.748432 12.62632 10.32384 9.58493 12.21881 11.07989 10.80167 9.763425 7.739849 4.996825 1.789395 0.7303412 2.29668 1.202353 3.896828 4.49078 1.503601 2.22716 4.108877 6.770956 3.280314 2.358599 1.14074 1.948148 2.985477 5.598272 13.11917 14.66317 14.77609 13.60454 13.14381 8.459944 15.18579 16.4462 13.78344 14.30724 16.07347 15.08488 7.295187 17.42772 13.66716 8.004951 9.731189 12.59474 13.48201 12.09113 6.532476 6.489983 11.494 10.04853 7.914217 6.266481 5.49806 4.21829 3.884459 3.492588 2.752848 1.811248 1.612529 1.822526 0.9058504 6.278327 10.92392 5.131701
1.366458 11.18034 6.477291 7.516583 5.845253 2.151968 6.277427 8.090072 3.572566 2.125925 2.403647 0.8041318 1.775601 2.075224 3.601018 3.791571 1.05403 2.227528 1.376027 6.479284 7.484073 3.475242 1.409006 3.483692 4.719927 3.209802 8.52301 12.44177 14.04363 14.87773 16.38127 12.75226 9.688654 10.44747 6.431787 9.689877 12.88228 12.15494 6.37152 14.68242 8.735944 6.654156 5.913385 7.84057 7.86503 2.446189 10.58191 16.68461 15.60448 13.68966 13.38346 13.69854 12.24034 8.901115 7.392269 7.218031 6.481027 5.616912 4.407338 4.125506 3.813243 4.719927 9.792726 8.549608
6.662508 11.53404 4.494404 9.483574 5.244359 4.934649 5.657154 8.167418 3.415504 4.399757 4.49078 0.4363432 3.296961 4.290672 3.52123 3.302656 1.177538 3.773019 3.60917 0.7086735 4.249272 6.220551 4.073011 1.778368 1.096747 2.320447 6.032556 9.235081 12.86965 14.96686 16.86958 20.06866 13.56129 10.36053 10.95143 8.410419 8.770476 11.12789 6.770123 14.21407 7.46615 2.827036 3.671063 4.286684 3.697867 7.09097 14.20344 11.04319 11.59873 14.54596 14.2145 11.28856 10.01791 6.657789 6.155919 7.399974 9.038531 9.221423 5.477969 3.242228 6.039121 3.703821 9.645588 9.703072
6.683645 6.801459 2.675979 8.289281 7.51669 4.00458 6.824509 3.867412 0.1811846 4.250614 5.291189 2.81689 3.074262 1.72217 0.6532441 3.353717 4.299397 4.385668 3.246258 5.638219 4.154641 4.376189 6.948419 6.533587 4.832796 6.113628 9.518789 9.1918 8.315712 13.66438 19.31573 23.88791 16.15232 8.325685 8.211591 4.077212 3.619334 11.76173 13.23581 13.30829 2.376584 8.347503 12.6419 12.83743 11.39832 12.53412 14.11713 9.630504 4.290672 6.848537 9.341876 11.6724 10.21976 7.073371 4.938105 5.380888 6.215225 8.209159 6.030545 2.380714 7.069505 5.231808 4.940573 6.232099
6.19139 4.594689 2.361028 4.295226 8.580112 5.493635 3.098367 1.897863 3.553546 6.482894 4.810032 1.351978 1.33734 2.113945 3.34127 3.834791 3.817733 3.933907 3.396558 4.609364 6.380635 3.01654 3.936808 2.604376 5.542552 12.72694 13.50256 13.65737 14.08495 11.78438 17.99459 24.7266 19.16456 3.918744 5.291036 5.111248 3.370725 4.009464 9.44101 4.954205 5.887191 14.60648 12.437 13.60051 14.05532 14.27656 9.787566 3.808961 2.300955 4.338059 8.666716 10.48294 9.125991 6.054499 1.632739 1.035183 3.366845 7.567618 9.923624 5.185838 4.613775 6.864038 1.076363 1.945622
6.55417 3.33172 3.658591 6.710238 6.80501 5.804257 4.798355 3.690576 6.072233 4.48806 1.596177 4.876331 4.341062 1.872213 2.679646 1.827466 2.902135 4.866821 4.671078 3.012742 3.430299 7.700109 6.872478 6.729303 10.12541 12.77596 13.53658 14.85571 15.88685 14.70818 15.88708 23.89569 20.92818 6.174793 6.976157 7.603657 8.519738 7.930676 4.59398 8.47096 13.77374 14.87325 5.521306 5.206927 3.161052 0.6494648 7.465828 9.379436 6.801814 10.87385 14.90183 16.52048 17.2069 12.6779 9.055727 7.536296 9.900796 10.58857 10.37908 5.294102 4.299776 6.154737 2.191944 0.3241104
8.125352 0.7697241 7.971617 7.249683 5.16246 5.293642 5.26382 4.476801 2.158808 4.068005 8.722181 8.330761 7.333393 2.536551 4.527604 6.575789 7.932693 7.319803 4.395498 2.871535 5.558905 9.808507 9.753717 4.327532 9.780145 10.86946 13.37691 17.1662 13.21727 13.69416 16.93483 24.40216 21.95897 8.065834 6.420987 4.024686 8.066132 6.793283 9.427924 17.14925 16.73145 6.784741 6.34091 9.622622 10.54948 14.54389 15.20715 11.3441 7.468621 14.45626 14.62499 14.17404 12.45328 6.562409 7.552983 7.818794 9.718929 7.636474 6.08447 3.329758 4.469158 3.763274 1.271964 3.201389
7.383143 3.529799 7.394441 2.143194 3.651444 6.580815 6.048753 2.432428 3.699632 7.672383 8.10586 5.607528 9.308239 4.864984 8.32233 6.972927 7.458947 10.27233 11.26092 11.21835 10.50626 5.189594 6.531982 4.064797 9.752666 12.25697 13.49782 17.61495 14.21912 10.56878 17.96788 26.02948 20.70702 9.356022 8.618542 7.43125 11.2382 10.44093 16.09109 17.48141 9.406744 9.539289 13.45458 11.20145 12.79457 17.18447 14.25693 13.36521 9.710475 14.48327 11.61419 10.19781 8.594486 4.495853 6.584123 7.570267 7.562213 4.638396 4.062791 3.451188 2.486026 1.584319 2.176193 3.222508
3.948805 3.760888 5.941775 3.813243 5.293949 5.318109 1.409006 3.108114 6.128418 9.422465 11.04432 8.812086 11.43111 6.18081 8.455703 7.050026 11.12817 13.59688 14.23626 12.66189 5.372591 5.996656 1.624685 7.599861 9.86049 11.59793 13.76365 16.33446 15.5266 15.49075 21.34679 22.65129 11.69021 5.875083 8.470113 8.050757 11.37398 16.19265 18.61568 11.90756 8.495573 16.82516 16.97678 12.49458 13.99827 13.98788 9.707221 12.95572 15.10982 14.78548 10.26329 9.679111 8.25677 5.419336 6.257968 5.947898 4.222151 1.861678 1.898295 1.410751 1.239966 4.627861 2.529765 0.3241104
2.791216 2.814566 5.300688 5.702787 5.049705 3.584885 8.404349 9.378845 10.04618 14.66414 15.31757 14.31625 16.13022 9.23096 14.71399 18.05986 19.17427 14.66578 9.203094 10.15265 10.09684 3.5883 5.733944 8.842258 8.776641 6.229895 12.56264 16.66363 18.10881 20.68516 18.4953 9.374792 9.477565 7.956051 7.114176 7.371718 4.693488 7.252786 4.870327 1.863438 10.26245 18.65135 17.9482 11.0794 8.200206 7.419903 6.363153 10.79254 14.42433 12.91544 10.70844 9.763425 6.837241 2.713632 1.556123 1.393791 0.4382199 1.724548 3.507521 6.141066 5.920632 3.888656 1.145763 2.811949
5.740719 3.161052 5.319329 5.559051 4.0858 11.59015 13.45684 12.46076 13.74239 17.5498 14.17698 10.79319 14.18097 9.011086 18.8116 19.61475 18.37615 14.23653 11.61292 14.74259 11.11084 8.157731 7.16372 11.10494 8.786059 4.667071 7.024767 16.34422 20.94663 23.38769 20.208 16.25989 12.5359 11.82379 16.94735 18.53038 19.38338 19.97539 17.04049 17.48852 13.3789 14.8547 18.08632 12.91022 5.224823 3.810889 2.700635 7.097317 7.909161 6.407146 5.514255 4.6173 3.04245 1.093751 2.549426 3.528643 3.23491 5.147341 8.438527 9.245974 7.470017 1.503601 0.7568243 2.891122
7.26529 3.575307 1.719312 5.135339 6.510212 11.65263 10.82793 12.56061 16.45655 19.29519 10.28418 12.94578 8.629251 9.095949 17.85485 16.68456 12.75852 13.68078 16.41567 18.30093 12.30259 9.322865 10.95335 15.85492 12.50695 11.40869 4.203778 11.40057 18.69448 22.23322 21.12418 14.9308 9.704618 11.30311 16.61139 17.37057 19.70705 22.96414 20.98197 20.84709 18.40935 11.50232 15.59853 11.98925 5.927051 4.858463 4.00458 3.533268 2.8684 0.4878442 1.870023 2.233037 1.215919 1.542363 4.610246 6.966808 9.947109 11.16456 10.67621 6.083008 9.358815 3.725571 1.424633 1.718835
6.708917 3.419567 8.73813 8.307263 2.920115 9.023676 7.742745 5.624263 9.744648 10.33692 5.106321 15.60776 3.640922 15.16311 20.28093 15.80109 6.731817 3.890124 11.29463 15.61119 12.8659 10.06083 13.37092 18.01624 17.2381 19.23928 14.13142 6.733612 12.56925 16.83124 17.93639 8.273477 9.608815 14.36816 13.93715 12.23441 10.62744 15.16882 13.83614 11.89116 13.02141 10.4295 6.685091 12.10857 10.18005 6.620758 1.797621 6.914166 9.324819 8.264983 6.271763 3.084881 0.1718868 2.601546 5.905992 11.32954 15.51281 18.12641 14.2979 10.65917 10.90738 4.534609 0.3461496 0.4171122
3.663718 6.07862 6.089118 6.856409 5.713004 4.293519 7.416873 10.98647 14.03867 16.29813 9.067376 11.84579 3.089118 16.91052 16.13772 4.351555 5.670312 8.446081 8.855194 7.463463 8.98364 12.98236 16.4606 18.52116 15.40696 18.8555 21.79554 21.04734 22.65626 22.64699 14.35351 4.334866 14.27064 14.1026 12.06655 9.050554 5.009653 7.890526 5.977608 3.484864 4.910049 9.262159 5.016783 8.254063 13.82435 7.155974 7.857395 7.762269 7.802087 8.566176 9.927437 8.004251 1.847093 5.012571 8.596432 12.48373 9.176778 4.85612 4.99048 12.5879 10.17935 7.751429 5.11506 2.909172
1.584319 5.175026 6.770956 2.231569 6.012818 4.890977 1.406093 4.610246 7.623344 11.98732 5.82083 5.784557 5.554384 14.07931 12.64512 14.96241 15.82408 12.7101 9.36389 4.653805 4.546081 13.17657 18.1958 13.85395 3.673508 4.48806 11.24984 15.9082 13.7706 6.07862 11.04178 15.87567 16.21151 10.86867 9.177556 5.05501 4.184933 4.73747 3.808961 1.758438 2.734059 6.497809 8.071776 8.648879 10.80479 3.374359 3.913537 1.669972 2.631573 3.898921 7.495747 6.959413 2.748684 7.317499 10.85391 9.582704 4.633307 7.374876 10.03261 7.557122 6.339382 9.349756 8.067023 4.678734
3.988871 3.103903 6.851358 2.777995 2.996413 2.613786 3.430299 4.718549 7.669562 9.663182 6.352486 3.669061 6.254095 4.890977 10.64792 15.85539 14.60107 13.08362 10.34915 7.619663 9.62878 12.15011 9.569825 0.6090395 6.44144 6.610521 5.978826 7.188247 10.71202 16.42462 18.33317 14.93697 11.3824 5.348531 3.388129 5.473676 8.407479 5.663451 1.684634 1.630226 2.730465 5.350806 6.96981 8.622236 6.749148 3.359801 4.041868 4.049727 3.479469 5.279367 6.445323 3.768474 3.576448 8.497543 10.38816 5.564734 1.420021 6.039522 7.481607 5.701651 3.638904 4.385854 7.593529 5.22187
4.568403 4.465331 7.329888 5.576953 4.796999 4.479891 7.86503 11.83126 12.38485 8.495573 4.024686 1.604885 2.090564 4.590436 7.933903 7.934306 6.810925 7.00378 3.890124 5.273985 9.403125 14.39929 13.56606 9.781759 7.368669 5.177535 10.7183 16.26519 16.87723 16.51689 12.87972 9.748131 6.394157 3.471715 9.728674 11.55625 8.400173 3.092292 1.438381 1.002165 2.347812 3.552627 5.35732 2.112007 3.005405 2.65387 0.9629217 3.998671 4.674037 4.347623 4.48933 2.392037 2.071668 7.01239 7.319803 6.230025 6.586572 6.295284 3.762407 3.340292 5.476637 7.730322 6.896332 1.531159
10.53631 7.748432 8.092738 8.014134 8.726832 12.04686 15.44117 14.77183 9.431197 3.430299 3.722284 4.970088 4.669859 6.534575 7.771239 5.418139 3.539041 7.958765 4.540528 3.746758 6.477291 9.207485 8.638103 3.698529 1.438381 4.502547 10.28143 9.705594 10.1195 9.785954 6.966808 6.957099 3.585568 8.084538 12.00853 8.418852 2.876658 3.08276 3.910618 4.508328 5.53128 2.717248 3.288275 2.079562 2.549426 2.074435 2.636234 4.110662 4.118586 2.234137 2.330659 5.199595 5.768439 2.970649 5.293642 5.798676 2.441834 2.250209 2.652636 2.772099 2.251665 3.936187 1.720742 6.292333
