CHESS/sk/geo/sk.slope
ncols         140
nrows         157
xllcorner     776985.03882
yllcorner     2618396.05334
cellsize      250
NODATA_value  -9999
[rows 56 to 83 of 157, columns 64 to 127 of 140]
9.79619 11.59337 11.90938 9.246145 3.028173 4.639098 13.97835 11.7585 13.11113 13.30462 9.449472 6.200257 10.09434 16.32081 11.26853 3.33172 10.76858 16.23965 16.52488 11.85148 14.296 15.10428 8.975327 3.499829 3.38427 3.199601 1.739692 4.828925 8.345592 8.194458 2.401261 8.458059 11.05852 7.993656 5.104095 7.428658 14.01968 11.31214 3.740437 3.428155 8.813621 0.6898992 9.31972 9.803921 6.53877 5.594942 3.483692 2.486026 2.683613 5.144027 8.873217 3.620011 1.649225 3.893687 4.591146 1.782511 2.130544 5.074254 6.587673 7.557971 4.432391 11.31854 13.37668 19.01245
7.811419 7.989653 3.843079 3.651444 4.552521 11.89174 18.23723 14.68441 16.60571 14.36737 12.44028 8.958055 13.62381 8.668277 5.69426 12.82404 15.42044 16.49516 13.49675 9.947188 11.78965 11.3476 5.685719 2.11975 1.191388 0.6183989 1.77929 4.809187 9.137979 9.635753 3.439572 8.30928 6.164184 3.636211 4.378979 7.281523 14.7432 15.27645 1.844429 1.948148 8.014633 7.496709 11.98938 7.825753 1.718358 2.668936 3.359072 3.913537 3.369271 8.315136 7.580956 1.88443 1.450303 2.011878 3.476417 3.729293 1.994289 3.439572 4.803774 5.602034 4.770313 12.72676 12.71638 11.75764
11.99306 2.589247 9.521033 9.785389 5.86074 16.82004 16.59798 7.864725 9.177556 14.33689 14.507 13.26434 6.983649 9.706978 17.3408 18.29671 16.52687 11.17217 7.342693 8.859591 11.78511 8.7282 3.831172 2.686965 1.644745 1.487151 2.416557 4.426693 8.042414 9.133636 6.606129 8.505042 4.920135 3.699412 5.670741 9.635015 15.86542 13.76807 4.125309 7.038037 8.881811 12.20237 15.26771 11.99854 9.475144 6.408279 4.473891 2.977249 4.198541 9.088967 7.32682 4.246396 0.5642797 1.945622 3.906236 3.256061 1.266147 0.3266326 2.390325 2.715139 4.542678 13.75764 15.475 7.655026
6.067838 9.492911 11.18082 6.69232 11.20089 14.69295 15.30219 13.49573 5.552486 8.61272 8.295441 5.54065 9.719985 18.6727 18.20303 17.62069 14.48332 9.170295 7.134713 9.302791 10.49842 5.579713 2.113945 3.603737 1.507413 3.353961 2.286316 2.34851 5.212536 8.696508 10.20459 8.431154 5.566044 1.348333 8.104085 13.05182 14.62057 8.438527 8.264114 12.15843 13.49585 13.94558 12.89923 10.00997 11.09594 9.719985 8.859502 5.065443 1.689978 7.141019 7.618822 5.154906 2.079562 1.460445 2.084677 3.428393 5.626136 6.233396 6.862043 5.024064 0.9352607 11.34211 16.40529 9.265154
9.402367 12.50351 7.73664 8.445326 12.87263 12.43254 11.36282 11.94184 10.79928 9.892032 7.496496 10.58857 20.25679 22.54899 17.80302 13.24994 9.639032 7.982143 7.054587 4.950431 5.914616 1.489355 1.954866 4.598937 2.190075 4.376747 3.524011 1.580174 2.411129 4.189215 5.377571 6.380635 4.528323 3.006494 11.70248 12.10678 10.76029 5.710877 10.31988 9.340858 5.630742 5.949666 7.834033 6.56634 8.199135 9.573873 10.52081 6.820378 4.957648 6.822031 8.25996 5.558759 1.788021 2.090564 1.499232 5.106798 5.169532 2.625346 3.116781 5.305125 4.010684 9.22615 13.59688 9.685066
11.5998 5.858944 4.515363 9.991455 12.91396 11.18835 7.7733 7.222705 11.52049 14.4415 15.0076 17.92321 21.85423 20.43808 16.2061 11.78142 8.479987 7.314645 5.933736 4.16874 4.618181 3.239959 1.960726 3.756329 0.9798131 3.407362 4.21829 3.142639 0.9058504 1.41713 2.309481 3.097575 2.390325 6.114157 10.95742 9.587981 12.12458 11.26749 11.13125 5.974901 2.073249 3.67373 6.534328 4.622935 4.765708 8.107338 10.73064 10.44694 7.519677 7.091424 5.69426 3.44811 3.110217 0.4051356 5.045199 6.450453 3.166219 6.695812 7.925833 8.06296 5.735075 7.958062 10.74486 10.51365
6.308355 7.120841 13.99438 14.69464 13.14956 8.659089 3.192953 6.825925 10.22876 10.3147 11.41435 13.57229 15.80128 15.35725 11.69021 7.074622 4.934649 4.534609 2.720558 3.67373 5.056456 3.683714 1.296867 1.45876 2.230468 1.644745 2.602489 3.564329 2.40569 2.432765 2.381746 1.289256 4.521308 4.528323 7.20243 9.931565 10.97416 9.42213 8.867483 6.9251 6.774761 7.718398 7.709259 4.053751 4.907732 5.575355 8.548397 9.395966 5.293642 3.048892 3.359072 1.986055 3.04433 0.2291819 7.225152 7.424768 4.796999 10.40025 5.493044 4.243133 2.509623 4.745017 7.463571 5.132176
5.767597 12.96843 14.23711 8.609021 6.071168 4.433861 1.587937 6.429026 5.071853 5.801188 7.895594 10.55007 13.71157 13.78878 9.673722 4.653106 3.643388 2.770918 1.326874 2.646458 3.103903 2.164871 1.485496 1.307573 2.551994 0.7178765 1.366458 2.200522 3.764358 3.157171 2.068898 4.389566 3.689692 0.7739763 2.246202 5.234135 8.287741 8.408143 7.879566 7.557971 7.91452 6.337344 4.16874 2.266529 4.598406 3.718994 5.682869 8.081672 6.246988 0.9103675 4.175186 3.543422 3.428393 1.192076 7.238705 8.467007 5.733944 9.945207 6.531982 2.631573 0.3735175 0.858417 5.169532 8.653572
6.925333 11.57372 12.6461 10.53132 10.48496 8.111378 5.867916 6.283728 5.82083 6.848654 6.592445 9.186537 11.97059 11.40016 7.651571 4.745017 3.839893 0.9756176 1.286709 2.652327 1.865636 1.346508 1.485496 2.717248 3.074262 1.58173 1.339179 0.8893982 2.808455 2.674756 1.196197 5.846221 3.095727 3.352986 2.044198 3.095463 6.973388 8.988853 7.536828 5.620517 4.448343 4.128074 3.31377 2.488659 3.831172 2.520039 2.986573 6.504882 9.035633 6.266095 1.286709 3.837768 3.941984 2.182957 4.135767 9.626564 6.350198 6.55909 6.433041 2.231569 3.374359 5.378476 3.890544 5.827918
12.58338 6.164184 7.381077 9.526098 13.39792 16.43512 15.42917 12.40996 11.49049 8.214895 5.834719 7.757626 9.901911 10.70983 7.548204 5.381491 2.844345 0.8351632 1.641253 3.293986 3.116781 3.12307 1.542363 1.160699 0.9964179 1.090747 1.341015 1.564531 2.131313 2.731364 1.503601 4.148555 2.447193 2.548142 2.134001 1.813509 2.631573 4.061788 3.457335 1.908628 1.730243 1.959053 2.897904 1.708791 4.16874 2.976699 2.777112 4.599468 8.196017 9.648046 5.458843 4.345562 2.752848 3.21794 2.55584 4.3538 8.098266 7.092444 10.31988 3.474537 2.914789 3.414547 3.089118 3.710206
17.59264 16.2062 10.63466 3.258068 8.715155 15.16651 17.6678 17.17123 13.86298 9.179629 7.430818 8.116302 5.426065 9.976539 8.793569 7.562213 4.588841 0.494527 1.522567 0.5898753 1.595663 2.351645 3.449057 1.718358 0.8921614 0.858417 1.002983 1.346508 1.304434 0.8202947 2.219793 2.046602 0.7865947 0.128117 0.8921614 1.10197 0.9326254 2.513208 1.52472 1.01356 2.390325 2.196051 1.239966 1.9253 3.507521 3.919576 3.998671 4.508328 5.554676 5.868605 3.62902 1.280959 1.804448 5.137236 3.522389 5.524388 11.91477 2.921795 11.50671 5.407951 6.2466 8.938881 9.007561 6.560442
8.991944 13.03604 14.53292 13.44172 11.6509 6.402231 10.19912 13.42265 12.48724 11.56311 10.62117 8.034557 3.017353 6.602344 10.33928 9.930216 7.830354 2.896775 1.588454 2.218317 1.835074 0.9352607 3.720749 2.549426 0.5671808 0.8593723 0.7303412 1.090747 0.4619233 2.204984 2.065331 0.2562328 1.678296 0.3437706 0.8921614 0.6887088 1.831498 1.576017 0.8949159 1.498685 2.376584 0.7739763 1.954447 3.890963 2.265444 0.724702 3.104166 8.069499 6.147774 2.551031 1.382567 2.771804 2.311253 6.289638 1.088489 9.163287 10.8936 4.03763 12.88091 7.227042 4.172062 5.574628 5.669169 2.390325
6.537907 3.16751 5.998409 12.36791 15.15942 10.99841 5.933736 1.669972 3.314756 8.131741 10.54613 8.5592 8.306495 2.011063 6.445949 9.373356 9.31428 4.759391 2.24036 0.4878442 1.9253 1.377814 3.249026 2.663719 0.05729576 0.04051423 1.550317 2.959341 3.637109 2.950762 0.8847739 1.5333 2.316915 1.758438 0.4529535 1.486048 0.5800557 1.661112 1.301916 1.946043 1.404342 4.198541 8.900044 8.952377 7.209343 5.863363 4.00458 7.216362 3.893687 0.8545853 0.3266326 1.38553 1.234663 5.204276 1.230004 9.095861 8.90754 8.035552 9.618926 6.544811 5.101548 2.710011 2.908047 4.930695
10.91282 11.60014 6.318332 9.237741 11.93172 10.35029 10.70961 12.84848 11.12045 7.62061 3.041912 5.994363 10.64681 10.5546 6.120103 7.134037 8.278395 5.975578 4.568581 3.023849 1.572893 2.811949 2.515487 2.034959 1.537038 2.627527 3.397279 3.322389 1.318815 1.063328 1.090747 1.526869 2.8684 4.692795 5.05501 3.638904 2.730465 0.7535649 0.9864886 2.004534 0.494527 7.192382 8.595877 5.411249 6.286812 8.549889 6.356552 3.993774 3.9585 2.101508 0.9483273 1.866953 3.376295 5.638937 6.156706 9.508897 14.43159 13.55001 9.303387 5.887191 4.977929 3.533268 3.027363 7.751842
8.382973 13.37622 12.0075 10.73188 7.709259 4.424118 4.716997 6.390748 7.995456 10.44341 7.998855 5.745232 8.59708 10.54293 8.803511 6.418347 3.715481 5.224823 5.014353 4.34856 1.632739 1.454256 1.35803 0.4619233 1.1529 0.8884753 1.247878 3.240211 4.118586 2.852099 2.056187 3.324601 4.474982 5.376364 3.300924 2.192692 2.447193 1.826568 2.354082 1.798533 2.461869 6.733612 7.925833 2.386554 0.128117 0.9798131 4.03763 3.936187 3.802959 0.9103675 2.432765 1.768199 1.539703 6.622827 9.972747 4.542678 6.356552 7.248686 7.915228 7.321558 4.701107 1.624685 1.910344 3.279816
7.969811 8.70931 15.26922 12.271 6.318971 2.41079 2.931576 8.106155 11.31716 11.8834 10.53043 5.91571 5.388871 6.415706 5.166234 6.704111 7.724207 7.302119 5.355503 4.051941 1.025629 0.5266702 0.4583565 0.4529535 1.328727 2.599343 2.867544 2.01554 0.9560815 2.227528 3.967348 1.745806 1.472746 2.712425 3.302656 2.954916 2.827904 2.394432 2.146632 2.077986 4.070809 4.037024 6.44144 4.341062 4.874331 4.03864 0.9255611 2.446189 2.673225 3.179871 3.803602 5.921042 4.024078 4.791063 8.476979 5.311697 0.9789754 1.678296 1.39673 1.158577 1.015178 0.6934581 2.484049 6.021017
11.63696 10.3427 7.845162 12.22229 10.38907 4.74296 8.990885 10.39904 9.278998 7.683757 8.91396 5.330299 4.735581 5.693833 5.318109 6.586572 6.712039 5.444565 3.539502 2.788284 0.9352607 0.664453 0.6341222 0.6405596 0.3437706 0.5800557 0.9483273 2.763526 3.85664 4.685857 2.702755 0.3266326 1.614054 2.416557 3.62632 3.270085 2.753145 2.436128 0.5686257 3.928721 3.637333 3.10074 4.101133 3.078514 2.643674 4.38344 2.571166 0.7212973 2.881204 6.613081 4.195046 5.774471 2.918154 4.7232 10.36356 9.908677 1.25835 0.6482001 0.243084 0 1.550846 1.414814 4.403457 8.053934
12.56833 13.1703 9.395544 8.684146 14.6602 12.18077 12.45779 8.320412 7.948709 7.685738 7.273025 5.545475 2.521987 4.678734 5.789594 4.887652 2.316208 1.685607 2.191944 1.624685 0.9448605 0.1718868 0.1215425 1.072546 1.648728 1.46325 1.518253 2.413845 3.698529 4.6573 2.80058 2.381746 2.152729 1.298763 1.90648 2.527823 3.279068 1.032802 2.596192 4.887652 4.509772 2.66249 1.754704 0.9326254 3.871628 4.544828 2.180705 5.255334 7.1023 7.503447 3.034377 4.809863 6.310787 4.997476 9.934025 11.31874 2.005351 0.3437706 0 0.8507364 3.967348 5.76886 7.281854 9.199302
12.81291 11.96282 8.587349 4.574811 7.432114 11.97673 9.48691 5.480189 5.815265 6.316926 5.132967 3.557909 0.8429857 1.938026 2.042995 1.493753 1.758438 0.9603623 1.06564 0.7792588 0.4861591 0.1718868 0.04051423 2.044198 1.33734 1.988116 1.105686 1.505236 4.078811 4.918814 3.293986 3.859811 1.910344 1.833734 3.002139 1.758438 0.6898992 2.917033 2.29668 3.590119 3.424579 0.4529535 0.6341222 2.213881 3.230107 4.198347 6.834531 6.215875 4.290672 3.174984 2.675979 4.898781 7.579263 3.762407 12.60682 9.534728 1.621149 0.128117 0.8593723 3.883409 9.63198 10.31493 9.508897 14.39672
11.98925 10.65593 6.597702 7.261087 4.943861 6.224187 7.529909 4.787498 5.175653 5.300841 3.297952 0.7611486 1.12845 0.4474852 0.6791105 0.2025703 0.7824112 0.7212973 0.8660294 0.1215425 0 0.1718868 0.128117 1.723122 1.847093 0.6922739 1.13425 0.807187 3.708446 5.442032 1.883995 3.905192 1.041503 2.986847 3.254304 1.318815 3.202155 1.543957 0.6197245 3.424579 3.805533 1.518253 2.042995 1.433241 2.590195 4.793778 5.558905 4.419146 2.525231 0.6197245 3.078514 3.72995 6.762861 6.48588 10.2429 4.370043 3.662381 4.346499 4.649083 8.016129 14.10561 12.95241 12.73756 17.91069
12.979 9.749832 3.792432 5.54065 8.311584 5.720795 4.314904 4.952401 5.381491 3.334172 0.8660294 3.11048 3.485098 2.524907 1.487151 0.7292168 0.2835973 0.4010639 0.2835973 0 0 0.1215425 0.3735175 0.9246743 1.924022 0.8312243 1.516632 0.6898992 1.208477 3.561579 2.647386 3.460169 2.46486 1.45876 0.4724624 2.425687 2.567343 2.158808 1.797621 5.153016 3.200367 1.286709 1.218615 1.617098 1.505236 2.833684 3.277822 1.620137 2.06969 3.95087 4.113635 0.6405596 4.058575 4.564304 2.968446 9.033963 13.10908 13.06255 11.00686 11.36659 15.23088 15.58224 18.02754 19.92951
15.23499 11.20785 8.804503 8.79827 7.470984 6.955943 1.612529 2.686965 2.397166 1.287346 2.74153 1.147194 1.903899 1.518253 1.537038 1.789395 0.9237866 0.243084 0 0.2025703 0.3822049 0.3461496 0.4306641 1.666532 1.866953 0.0905925 0.6405596 1.032802 0.949192 1.33734 3.445503 2.875236 1.292432 1.105686 1.348333 1.145763 1.489355 0.7535649 3.961794 4.032781 2.61629 2.890274 2.270861 0.9789754 1.078647 3.008668 3.366603 0.366867 3.352986 4.6573 1.280959 1.986055 0.528226 3.801242 5.373195 8.756409 11.66149 12.67796 11.95214 11.90756 16.36597 19.90799 19.13876 18.25482
11.41796 9.570486 8.511785 8.367068 7.662873 6.033762 1.858594 1.887906 0.949192 1.960726 1.089995 1.120425 1.271319 1.307573 0.9457284 1.078647 0.9166542 0.3437706 0 0.9139653 1.056362 1.024829 1.257698 2.810494 1.672914 1.562958 0.4724624 1.268736 1.318815 1.35803 2.186706 2.084677 1.38553 1.624685 2.179578 1.804448 2.038177 2.303445 3.411914 1.745806 2.567343 2.517114 2.13822 2.245108 2.643674 3.166219 2.192692 1.112343 2.871535 4.420619 3.333681 1.020015 4.725438 5.393535 4.246012 7.756387 9.262416 6.545427 7.672383 7.562213 13.29498 17.30246 14.0635 8.445892
8.762946 7.194951 5.57041 4.604065 3.457335 0.8698107 1.992234 1.493753 0.2864765 1.33734 1.577577 1.25116 1.962814 2.29668 2.233403 1.499232 0.9237866 0.08102842 0.3266326 1.112343 0.6289248 1.069482 2.184083 2.245108 0.3241104 2.369683 0.7167326 0.6076908 1.558229 1.889207 1.54767 1.287346 1.472746 0.04051423 2.84923 3.020874 1.613037 0.858417 2.152348 0.9255611 2.191571 2.876658 1.432096 0.9856566 1.938026 1.70158 0.4382199 2.29061 2.10929 1.804448 1.494301 5.394287 7.20611 4.061185 3.539041 11.30284 11.6995 6.880556 8.610315 6.703029 9.048713 17.82843 17.36018 4.678387
4.934155 2.551031 1.230004 2.121682 0.2181748 2.502764 1.644745 0.5435392 1.307573 1.626702 0.8312243 1.929127 2.462867 3.116519 2.769441 0.9422521 0.3646232 1.192076 1.318815 0.2594159 1.056362 1.558229 1.62216 0.8351632 2.664026 2.365532 1.242609 0.8202947 1.375431 0.7212973 0.4456476 0.08102842 1.015985 1.938026 2.304867 1.974469 1.758438 1.289256 2.028507 2.280577 1.286709 3.819015 1.159993 2.702755 1.250504 0.6791105 2.130544 2.996413 3.231625 3.678393 3.813029 8.144207 6.593913 2.946047 4.447611 12.9472 13.14468 10.49932 10.26927 7.442579 7.083142 21.64354 20.09627 5.117758
1.691917 2.104624 0.2921498 2.210549 0.6742601 2.392037 0.9457284 1.106428 1.691433 0.8967476 3.474537 3.97351 3.362718 2.937429 1.552431 0.4071562 0.7086735 1.056362 0.3461496 0.6328269 1.268736 2.024868 1.183097 2.833972 1.730243 0.6934581 0.6969988 1.260304 0.8912413 0 0 0.1145914 0.9603623 1.878768 2.311253 1.513385 1.037557 0.8507364 1.236654 1.769126 1.358634 4.289533 1.771441 4.141281 2.236335 1.685607 0.6405596 3.122808 5.392933 6.737679 7.099583 7.768766 1.924022 3.043256 5.191939 11.11982 13.78807 6.763456 5.058062 5.455277 7.132121 23.7918 18.66049 5.23367
0.8669763 1.863438 0.6934581 2.042995 0.3164231 2.429397 2.033751 0.128117 1.489355 2.915911 3.045404 1.361046 1.239966 0.7707894 0.2291819 0.05729576 0.654499 1.076363 0.949192 0.1718868 1.002983 1.432096 2.767077 2.003716 0.6183989 0.4583565 0.3241104 0 0 0 0 0.08102842 0.5266702 1.181015 2.469837 2.643674 2.592406 2.631573 1.866953 1.239966 2.249117 3.60736 2.875236 2.228631 3.12464 1.604885 0.1811846 3.833088 7.069505 3.137693 1.392025 2.354082 6.726069 7.620084 9.419862 12.2094 15.83446 14.51696 8.844505 6.283085 9.572716 24.86496 20.39278 4.469704
0.8312243 1.256393 1.733556 1.668498 0.1718868 2.874951 1.577577 1.959053 2.526203 1.602329 1.147194 0.5800557 0.167044 0.2025703 0.2025703 0.04051423 0.243084 0.3437706 0.5981638 0.4456476 1.291798 1.685607 0.9730917 0.04051423 0 0 0 0 0 0 0 0 0.08102842 0.1145914 0.7337039 1.487151 1.95067 2.589247 2.744811 2.372791 3.120713 4.302805 4.48425 2.421972 3.369271 1.754704 0.4895234 2.769441 7.06336 7.805678 7.867166 8.160667 6.836298 3.747629 5.860878 9.514801 12.04385 12.20516 6.657789 3.69588 9.789179 22.53206 25.22223 9.321506
