CHESS/lxh_sk/geo/lxh_sk.dem
ncols         392         
nrows         434         
xllcorner     775806.62903  
yllcorner     2617280.34204 
cellsize      90.00000    
NODATA_value  -9999.00000 
[rows 0 to 31 of 434, columns 142 to 212 of 392]
208.00 228.00 216.00 196.00 197.00 212.00 209.00 181.00 174.00 170.00 165.00 169.00 172.00 182.00 179.00 177.00 191.00 214.00 223.00 235.00 231.00 211.00 217.00 214.00 194.00 188.00 189.00 193.00 200.00 193.00 193.00 203.00 219.00 241.00 239.00 242.00 242.00 221.00 210.00 232.00 259.00 265.00 277.00 279.00 289.00 302.00 321.00 347.00 376.00 399.00 434.00 459.00 450.00 454.00 455.00 448.00 472.00 483.00 453.00 408.00 369.00 336.00 331.00 320.00 328.00 335.00 309.00 289.00 280.00 266.00 252.00
209.00 211.00 194.00 172.00 176.00 205.00 217.00 200.00 204.00 208.00 196.00 181.00 175.00 174.00 196.00 204.00 204.00 229.00 232.00 226.00 223.00 200.00 201.00 202.00 188.00 184.01 186.00 184.03 185.00 194.00 204.00 204.00 228.00 227.00 214.00 232.00 246.00 223.00 210.01 235.00 269.00 294.00 307.00 301.00 297.00 310.00 319.00 337.00 358.00 390.00 422.00 431.00 435.00 447.00 472.00 482.00 482.00 477.00 443.00 403.00 371.00 344.00 359.00 347.00 344.00 342.00 296.00 259.00 258.01 258.00 255.00
180.00 198.00 181.00 165.02 177.00 198.00 207.00 213.00 229.00 243.00 222.00 210.00 190.00 179.00 205.00 216.00 218.00 212.00 205.00 201.00 218.00 202.00 184.00 185.00 184.00 184.01 184.02 189.00 195.00 209.00 219.00 216.00 233.00 211.00 206.00 228.00 234.00 211.00 212.00 245.00 275.00 295.00 311.00 320.00 326.00 345.00 349.00 360.00 378.00 396.00 401.00 394.00 398.00 417.00 467.00 485.00 489.00 459.00 420.00 386.00 362.00 359.00 361.00 336.00 319.00 316.00 283.00 258.02 268.00 288.00 282.00
166.00 182.00 177.00 165.01 168.00 179.00 204.00 227.00 227.00 232.00 227.00 215.00 187.00 179.01 181.00 196.00 193.00 191.00 197.00 193.00 210.00 197.00 180.01 183.00 193.00 198.00 199.00 206.00 215.00 226.00 234.00 228.00 223.00 199.00 202.00 217.00 210.00 199.02 217.00 248.00 266.00 278.00 294.00 313.00 342.00 359.00 367.00 387.00 399.00 394.00 374.00 364.00 362.00 388.00 424.00 459.00 479.00 463.00 415.00 375.00 357.00 343.00 332.00 312.00 298.00 295.00 284.00 275.00 295.00 315.00 303.00
162.02 162.02 165.00 165.01 170.00 185.00 207.00 207.00 195.00 215.00 204.00 192.00 187.00 179.02 179.02 179.03 179.04 188.00 194.00 189.00 195.00 180.00 184.00 202.00 217.00 225.00 218.00 213.00 234.00 246.00 234.00 219.00 212.00 198.00 196.00 199.00 199.01 199.02 215.00 234.00 248.00 276.00 303.00 321.00 337.00 336.00 354.00 378.00 383.00 372.00 353.00 343.02 346.00 370.00 400.00 437.00 468.00 466.00 431.00 408.00 375.00 349.00 332.00 326.00 316.00 329.00 308.00 281.00 306.00 329.00 314.00
162.01 167.00 177.00 178.00 183.00 198.00 193.00 180.00 197.00 216.00 200.00 187.00 187.00 179.03 179.03 179.03 179.04 179.05 179.06 179.07 179.08 182.00 211.00 224.00 230.00 222.00 208.00 216.00 234.00 235.00 209.00 194.00 191.02 193.00 206.00 214.00 212.00 210.00 223.00 240.00 253.00 283.00 316.00 320.00 322.00 315.00 330.00 347.00 351.00 343.00 343.01 343.02 343.03 356.00 381.00 425.00 466.00 469.00 439.00 406.00 362.00 341.00 352.00 365.00 346.00 339.00 312.00 289.00 315.00 330.00 319.00
168.00 176.00 195.00 188.00 180.00 182.00 176.00 192.00 215.00 205.00 182.00 179.05 179.04 179.04 187.00 179.04 179.04 179.05 179.06 179.07 179.08 179.09 204.00 221.00 223.00 207.00 191.00 197.00 207.00 204.00 191.00 191.01 191.02 195.00 217.00 237.00 243.00 230.00 238.00 264.00 281.00 300.00 319.00 309.00 300.00 295.00 302.00 315.00 323.00 343.00 346.00 343.02 350.00 368.00 393.00 431.00 465.00 473.00 440.00 399.00 365.00 358.00 381.00 376.00 340.00 325.00 315.00 318.00 331.00 334.00 343.00
187.00 180.00 191.00 175.00 174.00 174.01 185.00 201.00 210.00 207.00 194.00 179.05 187.00 185.00 187.00 194.00 179.05 179.05 179.06 179.07 179.08 179.09 179.10 185.00 185.00 180.00 179.14 180.00 181.00 181.00 196.00 208.00 207.00 205.00 213.00 233.00 252.00 256.00 259.00 281.00 307.00 311.00 308.00 295.00 286.02 288.00 303.00 322.00 341.00 371.00 380.00 377.00 380.00 402.00 417.00 430.00 445.00 457.00 457.00 428.00 385.00 379.00 391.00 370.00 331.00 335.00 341.00 342.00 355.00 357.00 366.00
181.00 179.00 180.00 172.02 175.00 181.00 188.00 188.00 198.00 192.00 182.00 180.00 198.00 196.00 185.01 195.00 199.00 189.00 179.06 188.00 188.00 182.00 179.10 179.11 179.12 179.13 181.00 182.00 180.01 186.00 206.00 225.00 231.00 221.00 220.00 238.00 262.00 267.00 274.00 292.00 302.00 291.00 286.00 286.01 298.00 318.00 334.00 348.00 377.00 392.00 380.00 383.00 386.00 400.00 403.00 405.00 408.00 424.00 451.00 441.00 401.00 398.00 400.00 380.00 355.00 361.00 374.00 369.00 386.00 380.00 389.00
170.01 172.00 172.01 188.00 193.00 177.00 180.00 196.00 197.00 191.00 206.00 194.00 200.00 201.00 196.00 206.00 218.00 208.00 181.00 194.00 201.00 200.00 180.00 181.00 188.00 199.00 202.00 192.00 195.00 203.00 220.00 241.00 261.00 231.00 228.00 258.00 277.00 262.01 266.00 275.00 276.00 276.00 287.00 305.00 335.00 356.00 357.00 369.00 395.00 384.00 351.00 357.00 357.00 374.00 374.00 371.00 380.00 415.00 447.00 454.00 432.00 434.00 438.00 415.00 393.00 394.00 407.00 408.00 406.00 381.00 386.00
177.00 177.00 176.00 189.00 199.00 187.00 195.00 206.00 204.00 211.00 225.00 207.00 203.00 205.00 204.00 222.00 235.00 211.00 204.00 212.00 205.00 212.00 191.00 189.00 207.00 221.00 216.00 202.00 211.00 227.00 236.00 261.00 272.00 239.00 237.00 260.00 283.00 266.00 266.00 272.00 273.00 282.00 304.00 329.00 343.00 345.00 347.00 367.00 394.00 372.00 330.00 323.00 335.00 356.00 345.00 344.00 373.00 413.00 443.00 460.00 452.00 448.00 444.00 430.00 423.00 423.00 424.00 401.00 379.00 350.00 356.00
187.00 190.00 191.00 179.00 191.00 205.00 194.00 191.00 202.00 221.00 235.00 226.00 234.00 220.00 221.00 240.00 223.00 207.00 225.00 229.00 217.00 204.00 209.00 195.00 198.00 222.00 231.00 219.00 222.00 240.00 257.00 279.00 275.00 268.00 264.00 263.00 288.00 277.00 278.00 298.00 305.00 293.00 305.00 326.00 332.00 340.00 349.00 360.00 388.00 374.00 332.00 306.00 320.00 325.00 325.00 345.00 372.00 407.00 440.00 448.00 435.00 430.00 417.00 401.00 408.00 426.00 421.00 395.00 365.00 336.00 327.00
187.00 201.00 198.00 186.00 187.00 202.00 189.00 172.00 187.00 219.00 236.00 241.00 253.00 237.00 236.00 244.00 225.00 225.00 233.00 223.00 205.00 201.00 226.00 217.00 203.00 219.00 234.00 235.00 229.00 237.00 268.00 289.00 290.00 301.00 302.00 285.00 308.00 300.00 297.00 313.00 323.00 301.00 302.00 322.00 344.00 370.00 376.00 374.00 385.00 377.00 345.00 301.00 297.00 307.00 329.00 358.00 386.00 422.00 444.00 423.00 399.00 400.00 388.00 377.00 390.00 403.00 402.00 396.00 358.00 315.00 297.00
191.00 193.00 193.00 201.00 197.00 199.00 183.00 170.03 183.00 197.00 214.00 238.00 241.00 230.00 226.00 220.00 216.00 230.00 229.00 211.00 189.00 204.00 228.00 232.00 211.00 217.00 231.00 246.00 234.00 232.00 254.00 265.00 283.00 301.00 296.00 299.00 320.00 319.00 308.00 308.00 297.00 285.00 295.00 321.00 347.00 370.00 374.00 374.00 362.00 359.00 344.00 292.00 280.00 305.00 336.00 360.00 384.00 420.00 440.00 409.00 377.00 377.00 376.00 356.00 358.00 370.00 365.00 357.00 338.00 301.00 277.00
176.00 169.00 183.00 196.00 191.00 198.00 182.00 170.02 170.02 178.00 200.00 238.00 232.00 210.00 207.00 195.00 199.00 219.00 222.00 200.00 187.00 210.00 227.00 236.00 232.00 239.00 237.00 233.00 225.00 226.00 226.00 238.00 255.00 269.00 258.00 264.00 290.00 295.00 279.00 273.00 265.00 260.00 279.00 295.00 318.00 334.00 334.00 346.00 330.00 329.00 335.00 292.00 278.04 302.00 323.00 346.00 369.00 402.00 417.00 401.00 366.00 351.00 357.00 340.00 338.00 353.00 333.00 326.00 316.00 285.00 278.00
155.01 156.00 170.00 185.00 177.00 189.00 175.00 170.01 180.00 194.00 212.00 237.00 235.00 204.00 194.00 186.00 199.00 214.00 200.00 185.01 189.00 201.00 219.00 242.00 245.00 247.00 225.00 218.00 218.00 210.00 214.00 237.00 231.00 240.00 233.00 252.00 280.00 269.00 247.00 249.00 248.00 252.00 260.00 267.00 288.00 304.00 298.00 306.00 300.00 303.00 316.00 286.00 278.03 287.00 303.00 322.00 348.00 376.00 404.00 394.00 354.00 334.00 329.00 318.02 318.01 318.00 313.02 313.01 313.00 310.00 301.00
155.01 155.02 157.00 167.00 165.00 176.00 170.00 187.00 207.00 213.00 227.00 244.00 237.00 217.00 208.00 188.00 184.00 192.00 185.00 192.00 205.00 200.00 225.00 232.00 229.00 241.00 221.00 207.00 205.00 205.00 227.00 241.00 213.00 218.00 227.00 258.00 276.00 258.00 228.00 237.00 241.00 241.00 240.00 249.00 272.00 290.00 273.00 268.00 271.00 278.00 279.00 278.02 278.03 278.04 290.00 308.00 336.00 366.00 405.00 400.00 371.00 347.00 321.00 318.02 320.00 325.00 331.00 324.00 333.00 346.00 320.00
167.00 158.00 155.03 155.04 156.00 163.00 166.00 180.00 201.00 204.00 213.00 238.00 243.00 226.00 215.00 204.00 187.00 183.01 193.00 204.00 221.00 222.00 231.00 216.00 216.00 235.00 220.00 198.00 200.00 209.00 223.00 236.00 212.00 210.01 229.00 260.00 263.00 246.00 228.00 225.00 229.00 226.00 226.00 235.00 257.00 263.00 255.00 255.01 262.00 281.00 278.01 278.02 285.00 282.00 300.00 323.00 350.00 381.00 411.00 402.00 374.00 352.00 332.00 329.00 345.00 361.00 364.00 358.00 364.00 354.00 322.00
175.00 162.00 155.04 155.04 155.05 158.00 162.00 164.00 170.00 176.00 193.00 225.00 236.00 225.00 203.00 203.00 188.00 183.00 187.00 196.00 206.00 213.00 219.00 198.00 212.00 222.00 203.00 197.00 208.00 224.00 233.00 233.00 210.00 212.00 236.00 245.00 234.00 227.00 216.00 215.00 218.00 218.01 218.02 220.00 236.00 249.00 263.00 277.00 280.00 307.00 310.00 295.00 311.00 307.00 333.00 361.00 388.00 412.00 421.00 389.00 352.00 329.00 320.00 325.00 347.00 367.00 372.00 376.00 374.00 347.00 307.00
190.00 174.00 166.00 161.00 158.00 158.00 165.00 172.00 164.01 164.02 186.00 213.00 211.00 206.00 191.00 188.00 181.00 176.01 176.02 176.03 182.00 189.00 195.00 192.00 210.00 208.00 196.00 202.00 221.00 226.00 220.00 209.00 200.00 208.00 222.00 219.00 217.00 213.00 213.00 232.00 244.00 246.00 243.00 234.00 226.00 255.00 295.00 306.00 302.00 320.00 324.00 308.00 324.00 332.00 364.00 397.00 417.00 423.00 422.00 393.00 350.00 314.00 300.00 300.00 322.00 332.00 342.00 351.00 356.00 349.00 317.00
198.00 192.00 183.00 168.00 170.00 166.00 181.00 195.00 177.00 164.02 184.00 195.00 191.00 195.00 188.00 180.00 176.00 176.01 177.00 189.00 187.00 184.00 184.01 192.00 192.00 187.00 188.00 197.00 209.00 209.00 197.00 192.00 193.00 201.00 206.00 201.02 204.00 207.00 222.00 249.00 268.00 279.00 270.00 243.00 227.00 250.00 294.00 319.00 317.00 332.00 338.00 326.00 338.00 345.00 375.00 412.00 416.00 405.00 405.00 391.00 355.00 314.00 289.00 282.04 293.00 304.00 312.00 313.00 327.00 333.00 308.00
182.00 197.00 184.00 179.00 189.00 180.00 191.00 209.00 192.00 165.00 171.00 178.00 182.00 185.00 178.00 171.05 176.00 192.00 207.00 214.00 207.00 202.00 184.01 184.02 184.03 184.04 185.00 190.00 195.00 191.00 190.03 194.00 202.00 201.00 201.01 201.02 209.00 218.00 242.00 240.00 251.00 261.00 271.00 270.00 239.00 239.00 277.00 309.00 313.00 316.00 325.00 325.00 338.00 343.00 362.00 396.00 404.00 388.00 376.00 383.00 364.00 333.00 309.00 284.00 282.03 282.02 285.00 282.02 307.00 323.00 289.00
183.00 193.00 180.00 199.00 210.00 193.00 189.00 216.00 200.00 178.00 172.00 171.01 171.02 171.03 171.04 171.05 176.00 197.00 220.00 223.00 219.00 223.00 193.00 185.00 186.00 188.00 199.00 195.00 190.01 190.02 192.00 213.00 230.00 219.00 218.00 234.00 245.00 255.00 255.00 240.01 244.00 260.00 278.00 275.00 243.00 239.01 252.00 276.00 279.00 288.00 302.00 307.00 331.00 346.00 352.00 378.00 387.00 371.00 361.00 381.00 377.00 348.00 319.00 289.00 282.03 282.02 282.01 282.01 297.00 321.00 303.00
201.00 202.00 193.00 215.00 225.00 203.00 189.01 214.00 213.00 204.00 188.00 171.02 171.02 171.03 171.04 174.00 187.00 192.00 203.00 212.00 225.00 235.00 215.00 216.00 196.00 197.00 212.00 219.00 218.00 210.00 203.00 224.00 247.00 238.00 224.00 242.00 266.00 264.00 267.00 257.00 264.00 288.00 282.00 259.00 256.00 252.00 240.00 264.00 279.00 290.00 319.00 319.00 343.00 368.00 361.00 379.00 371.00 357.00 362.00 389.00 388.00 355.00 323.00 301.00 291.00 294.00 297.00 282.00 284.00 308.00 306.00
221.00 226.00 213.00 231.00 225.00 211.00 202.00 200.00 215.00 224.00 201.00 171.03 171.03 171.03 171.04 178.00 184.00 183.00 187.00 197.00 226.00 249.00 245.00 227.00 213.00 214.00 202.00 216.00 229.00 225.00 220.00 226.00 248.00 252.00 239.00 245.00 268.00 277.00 280.00 269.00 283.00 304.00 269.00 260.00 284.00 275.00 248.00 281.00 316.00 318.00 338.00 342.00 349.00 366.00 368.00 373.00 356.00 349.00 364.00 390.00 393.00 367.00 345.00 333.00 336.00 331.00 318.00 288.00 270.00 277.00 293.00
228.00 249.00 247.00 249.00 233.00 238.00 225.00 200.01 210.00 236.00 217.00 186.00 174.00 171.04 171.04 172.00 178.00 187.00 191.00 199.00 220.00 239.00 248.00 240.00 239.00 222.00 212.00 213.00 236.00 253.00 243.00 237.00 249.00 261.00 264.00 252.00 270.00 293.00 297.00 287.00 306.00 306.00 276.00 293.00 314.00 288.00 255.00 286.00 315.00 313.00 318.00 339.00 349.00 345.00 347.00 352.00 343.00 358.00 373.00 387.00 387.00 376.00 365.00 360.00 349.00 322.00 296.00 269.00 260.02 260.01 262.00
244.00 274.00 274.00 259.00 260.00 261.00 235.00 205.00 215.00 244.00 227.00 205.00 192.00 173.00 171.05 171.05 172.00 188.00 196.00 201.00 207.00 211.00 234.00 243.00 242.00 237.00 241.00 233.00 248.00 249.00 244.00 236.00 235.00 257.00 277.00 267.00 259.00 281.00 305.00 314.00 326.00 312.00 310.00 323.00 326.00 288.00 262.00 269.00 285.00 291.00 299.00 320.00 323.00 324.00 328.00 342.00 361.00 381.00 381.00 376.00 373.00 371.00 361.00 354.00 330.00 296.00 280.00 265.00 271.00 272.00 260.00
262.00 291.00 281.00 273.00 293.00 276.00 237.00 212.00 214.00 243.00 222.00 199.00 188.00 177.00 171.06 179.00 175.00 177.00 183.00 184.00 188.00 201.00 225.00 225.00 218.00 231.00 237.00 236.00 239.00 222.00 216.00 216.00 224.00 247.00 266.00 271.00 272.00 286.00 307.00 329.00 338.00 343.00 357.00 364.00 338.00 306.00 279.00 263.00 297.00 317.00 305.00 299.01 310.00 335.00 354.00 367.00 376.00 377.00 357.00 345.00 351.00 353.00 341.00 335.00 323.00 308.00 303.00 292.00 305.00 291.00 265.00
276.00 296.00 300.00 295.00 311.00 274.00 236.00 216.00 222.00 243.00 218.00 186.00 177.01 179.00 191.00 206.00 196.00 175.01 175.02 175.03 175.04 193.00 208.00 203.00 195.00 208.00 217.00 221.00 233.00 228.00 215.00 221.00 231.00 240.00 264.00 282.00 292.00 291.00 298.00 328.00 347.00 357.00 371.00 384.00 375.00 336.00 291.00 274.00 296.00 328.00 330.00 326.00 327.00 351.00 380.00 385.00 361.00 346.00 331.00 319.00 335.00 348.00 327.00 325.00 330.00 324.00 322.00 312.00 308.00 296.00 280.00
279.00 301.00 304.00 310.00 310.00 283.00 249.00 219.00 239.00 250.00 217.00 194.00 185.00 190.00 207.00 219.00 202.00 181.00 185.00 185.00 175.04 176.00 182.00 181.00 179.00 188.00 193.00 200.00 212.00 212.00 212.00 238.00 253.00 255.00 257.00 271.00 284.00 267.00 284.00 325.00 320.00 340.00 366.00 370.00 375.00 362.00 329.00 289.00 283.00 317.00 341.00 350.00 346.00 355.00 386.00 373.00 341.00 325.00 310.00 301.00 328.00 338.00 312.00 313.00 321.00 311.00 312.00 307.00 289.00 292.00 290.00
306.00 321.00 318.00 319.00 313.00 287.00 248.00 229.00 252.00 246.00 215.00 202.00 212.00 209.00 216.00 210.00 185.00 186.00 208.00 211.00 185.00 175.05 176.00 176.01 176.02 180.00 186.00 189.00 194.00 194.01 206.00 239.00 252.00 239.00 243.00 267.00 263.00 253.00 275.00 302.00 313.00 345.00 360.00 342.00 349.00 352.00 346.00 303.00 283.01 304.00 332.00 350.00 368.00 367.00 383.00 368.00 345.00 309.00 295.00 291.03 310.00 326.00 315.00 298.00 307.00 301.00 291.00 282.00 270.00 280.00 282.00
334.00 351.00 342.00 323.00 299.00 267.00 247.00 243.00 246.00 237.00 221.00 211.00 229.00 229.00 216.00 194.00 185.01 188.00 215.00 214.00 191.00 186.00 184.00 180.00 195.00 192.00 200.00 210.00 216.00 197.00 194.02 216.00 225.00 225.00 249.00 262.00 246.00 251.00 276.00 280.00 286.00 321.00 332.00 322.00 333.00 360.00 359.00 315.00 283.02 290.00 316.00 331.00 351.00 366.00 380.00 362.00 338.00 304.00 291.02 291.02 304.00 327.00 321.00 294.00 291.00 303.00 288.00 263.00 253.01 263.00 278.00
