CHESS/lxh_sk/geo/lxh_sk.acc
ncols         392
nrows         434
xllcorner     775806.62903
yllcorner     2617280.34204
cellsize      90
NODATA_value  -9999
[rows 132 to 197 of 434, columns 192 to 287 of 392]
0 0 0 0 0 0 0 0 0 0 0 0 0 1 67 8 1 61 2 2 0 0 3 0 14 5 1 2 0 0 117 3 2 1 0 0 0 0 2 1 0 203 5 11 1 0 2 1 0 13 0 6 2 4 1 0 21 0 15 2 0 0 0 0 0 1 4 7 4 0 0 1 5 212 5 0 1 3 0 31 2 0 0 51 0 0 1 0 1 0 2 3 1 0 2 11
1 0 0 0 0 1 0 0 1 8 9 11 0 50 15 7 0 51 8 1 0 2 0 8 3 4 0 0 0 0 94 16 4 2 0 0 0 2 0 3 2 195 1 2 10 0 1 0 11 0 4 1 1 1 0 19 0 13 0 0 0 0 0 0 1 3 7 13 1 0 0 0 0 219 10 2 0 0 42 4 0 0 0 54 7 5 1 0 4 0 0 7 2 0 1 15
1 0 1 9 6 2 0 1 4 0 0 2 49 11 0 1 6 50 1 5 0 1 3 2 2 2 0 0 1 74 17 8 1 0 0 0 1 0 3 9 185 1 6 0 1 9 0 0 10 1 1 0 0 0 3 14 0 12 0 0 0 1 1 0 1 2 12 14 3 1 0 0 1 232 2 1 0 1 44 0 0 0 58 11 1 0 0 0 6 0 0 11 3 0 1 4
88 63 15 3 1 0 0 0 1 0 1 23 9 9 0 0 5 39 9 0 4 0 2 1 1 0 0 0 71 14 1 0 6 0 0 1 0 2 4 167 3 2 0 5 0 6 0 5 3 0 0 0 1 2 13 0 8 1 0 2 1 3 2 0 1 0 4 28 6 1 0 0 1 240 0 1 0 47 0 2 0 0 72 0 0 0 0 11 1 0 0 0 17 0 1 2
23 7 36 0 0 0 0 0 0 0 22 6 1 3 4 0 3 37 0 8 2 0 1 0 0 0 0 3 65 6 6 0 0 4 0 4 1 0 149 7 3 2 1 0 3 2 2 4 0 1 0 1 6 11 0 0 5 0 0 1 5 12 0 3 3 0 0 42 3 0 0 2 0 2 246 1 0 49 4 0 0 1 75 0 0 1 15 0 0 0 0 0 0 18 1 0
15 0 5 35 29 7 2 0 0 1 18 5 0 2 1 1 2 35 0 7 0 1 0 0 1 2 1 63 0 5 4 0 0 2 0 1 7 143 3 3 2 2 1 0 2 1 1 2 0 0 1 3 2 0 0 3 0 0 0 0 1 2 13 1 8 1 0 47 0 0 1 6 0 0 251 1 0 57 1 0 1 80 0 0 21 17 0 0 0 1 1 1 0 1 21 0
1 12 4 2 1 20 2 0 0 16 0 3 0 1 0 0 0 0 34 2 2 0 0 1 3 4 55 6 0 4 2 0 0 0 0 1 112 15 3 2 2 1 1 0 1 0 0 0 0 0 0 0 0 0 1 0 0 0 1 1 0 0 4 21 9 0 51 2 0 0 0 8 0 0 0 254 62 2 0 0 83 0 0 28 5 2 1 0 0 3 2 2 0 1 25 0
0 11 3 1 0 0 18 0 9 2 1 1 0 0 0 1 2 24 8 2 1 0 0 0 0 10 35 1 2 3 0 0 0 0 0 99 9 9 4 2 1 1 0 0 0 0 0 0 0 0 0 0 0 0 0 0 1 1 1 4 1 0 0 1 34 0 57 0 0 1 0 0 9 1 2 320 1 0 0 1 117 31 30 0 0 0 0 0 0 1 10 0 0 1 29 0
4 5 1 0 0 0 15 0 6 1 1 0 0 0 2 3 16 3 2 1 1 0 0 0 8 28 5 0 1 1 0 0 1 3 97 4 0 2 8 3 1 0 0 0 0 0 2 2 0 0 1 1 2 0 1 1 1 4 7 15 0 2 1 0 1 35 0 59 1 3 0 0 2 15 477 147 0 0 0 125 4 3 2 1 0 0 1 1 0 3 11 0 2 6 30 2
1 2 1 0 0 7 6 0 2 2 0 0 0 0 0 2 8 2 2 1 0 0 0 6 26 0 3 0 0 0 0 0 0 1 89 2 0 1 2 4 2 0 0 1 0 1 4 4 0 1 0 2 5 1 0 2 2 3 4 5 22 24 28 31 33 36 36 143 146 6 0 0 1 497 0 4 145 144 142 12 10 8 3 2 0 0 3 2 1 16 0 0 0 1 167 126
0 0 0 0 0 4 2 1 1 0 0 0 1 0 0 0 1 2 1 1 0 0 3 7 11 5 1 0 0 1 0 1 10 73 11 2 1 0 1 3 1 0 1 5 1 0 2 10 1 2 0 1 9 2 0 4 0 0 0 1 2 3 4 0 0 2 42 1 0 156 0 0 1 499 0 0 2 0 0 0 0 0 3 0 0 0 2 4 22 0 1 1 0 1 169 0
0 0 0 0 1 1 0 0 0 0 0 1 3 2 0 1 0 0 1 0 0 1 5 0 10 3 0 0 0 1 4 6 56 3 0 10 1 0 0 2 0 1 3 4 6 2 1 16 2 3 0 1 15 0 0 6 0 1 3 4 0 1 15 0 0 0 0 0 0 159 0 0 0 504 1 0 0 0 0 0 0 0 0 0 0 1 2 11 24 0 0 5 0 173 1 0
0 1 5 2 0 0 0 0 0 0 0 0 7 4 7 4 3 2 1 0 0 3 0 4 4 1 0 0 1 2 13 52 1 0 2 8 0 0 0 0 0 0 0 1 7 15 19 20 38 7 0 3 17 0 0 1 8 0 0 0 6 7 0 19 0 0 0 0 0 160 0 0 511 2 0 0 0 24 22 3 1 0 1 0 0 1 3 5 44 0 0 0 6 181 3 0
1 14 3 1 0 0 0 0 1 2 1 0 9 26 5 4 3 2 0 0 1 0 0 2 3 0 0 1 2 9 11 23 1 0 1 6 0 0 0 0 0 0 0 0 1 2 3 0 0 48 0 2 22 1 0 1 4 9 1 1 0 1 2 23 0 0 2 8 162 0 0 2 514 0 0 0 29 0 1 13 8 4 1 0 0 0 0 0 1 54 1 3 0 0 186 0
19 1 1 0 0 0 2 1 0 5 0 2 37 0 6 4 2 0 0 2 0 0 0 0 1 0 0 1 5 6 3 20 1 0 0 4 0 0 2 1 1 1 0 1 0 0 0 5 7 49 0 0 4 26 0 0 1 5 10 4 0 0 1 27 1 0 2 1 176 0 0 582 62 0 0 32 0 0 0 0 2 1 0 1 0 0 1 2 5 0 56 4 0 1 188 3
1 1 0 0 0 0 1 6 0 0 6 42 4 2 1 0 0 0 4 0 0 0 0 0 0 0 1 2 5 2 8 8 1 0 0 2 0 0 2 5 2 2 1 0 2 2 0 0 0 58 0 1 0 33 0 0 0 2 9 27 0 0 0 0 31 0 0 0 1 767 586 1 0 61 58 21 0 0 0 0 0 0 0 3 0 0 0 0 0 0 1 64 0 4 263 64
1 0 0 0 0 1 3 7 0 1 8 53 4 2 0 0 0 5 0 0 0 1 2 1 0 0 1 4 1 1 5 5 1 0 1 0 0 1 0 4 14 3 0 2 4 3 0 1 2 0 59 1 5 35 0 0 1 1 0 0 30 0 0 0 0 33 0 0 0 771 1 0 0 1 0 0 19 1 2 0 0 0 0 6 0 1 1 0 0 1 2 65 0 0 264 0
0 0 0 0 2 4 2 12 0 1 67 1 0 0 0 0 1 10 2 0 1 2 7 1 0 0 1 0 0 1 2 2 1 0 0 0 1 3 6 7 8 19 0 1 3 9 0 1 5 1 60 0 0 42 1 0 1 6 0 3 32 0 0 3 0 35 0 0 1 782 7 0 0 0 0 3 15 9 3 2 0 0 2 7 1 2 3 0 0 0 1 71 0 1 305 36
0 0 0 1 0 0 5 16 0 3 71 2 1 0 0 3 14 2 1 0 2 11 2 1 0 0 0 0 0 0 0 0 0 0 0 0 1 2 3 4 5 15 21 0 2 7 22 26 6 0 63 1 0 1 47 1 0 0 7 8 39 0 0 5 6 46 0 0 0 785 0 5 1 0 0 0 0 0 0 0 0 0 5 10 0 0 7 2 0 0 0 1 75 326 0 0
0 0 1 1 3 1 0 6 18 79 2 1 0 0 1 24 4 2 0 0 15 5 1 0 0 1 0 2 0 0 0 0 0 0 0 1 1 0 0 0 1 2 19 22 1 2 0 0 28 37 102 105 0 2 3 53 57 1 0 0 51 1 0 0 0 0 50 0 788 0 0 1 0 0 0 0 0 0 0 1 1 0 1 23 2 0 0 15 1 0 0 0 408 4 16 4
1 0 1 4 6 0 0 1 115 6 5 3 2 0 29 1 0 0 0 1 25 2 1 0 1 2 0 4 1 0 2 2 0 0 1 1 2 2 1 1 0 0 1 20 23 0 0 0 0 0 0 0 106 0 0 0 4 64 68 71 53 0 0 1 0 0 0 52 845 0 0 0 0 0 3 2 0 0 3 5 0 0 1 26 1 0 0 18 0 0 1 413 1 0 2 10
0 2 3 12 0 0 1 1 118 1 0 0 0 34 3 2 0 0 0 31 2 1 0 0 2 3 1 5 2 0 4 4 0 0 1 2 2 3 3 2 2 1 0 3 45 1 1 0 2 0 1 1 109 0 0 0 1 0 0 0 128 0 0 5 1 0 0 1 850 1 4 2 0 0 11 1 0 0 0 10 0 0 0 28 3 0 0 21 0 0 421 2 0 0 0 0
2 4 12 13 1 0 1 264 140 1 0 97 96 56 54 0 0 1 36 2 1 0 0 0 4 4 2 0 9 0 6 5 0 1 1 4 6 4 0 4 6 2 0 0 4 50 0 0 2 7 2 2 0 112 0 0 0 0 0 1 132 0 0 0 9 1 0 0 859 6 0 0 0 15 1 0 0 2 12 0 0 2 0 1 35 0 0 22 0 0 424 0 0 0 0 2
0 0 1 29 0 0 270 0 2 134 119 16 1 2 0 52 50 49 5 3 1 0 0 2 5 8 0 0 11 1 7 6 0 1 2 3 9 17 24 0 13 3 0 1 1 56 1 0 0 0 8 15 1 114 1 0 0 0 1 0 133 0 0 0 0 11 23 24 885 1 0 1 19 1 0 0 0 1 17 0 0 6 0 0 15 53 24 0 0 1 428 0 0 1 7 2
1 0 0 3 35 277 2 0 1 2 10 3 13 0 1 0 0 2 0 0 0 0 0 4 6 9 1 1 0 14 8 7 0 1 2 0 1 2 3 29 30 45 51 2 0 59 2 1 3 1 0 0 19 120 4 0 0 3 12 13 150 1 0 0 3 6 0 0 887 3 0 0 23 0 0 0 0 0 23 1 0 0 11 12 0 0 80 0 2 0 432 2 0 16 2 1
2 1 0 0 315 0 1 1 0 1 6 2 2 12 9 6 0 0 0 0 0 0 2 0 12 0 14 0 0 16 0 9 8 1 5 0 0 1 2 0 1 0 1 55 61 125 0 0 0 5 10 0 141 0 0 0 3 5 0 1 3 159 0 0 0 0 0 0 4 897 1 24 0 0 3 0 1 1 25 0 0 0 0 0 0 0 0 83 471 466 31 29 19 1 2 0
3 0 0 322 3 2 1 0 0 0 0 4 1 1 1 1 4 1 0 0 2 1 0 3 14 1 16 0 0 18 0 2 13 23 8 0 1 0 0 4 7 0 0 0 0 1 128 0 0 0 0 13 160 3 0 0 0 0 0 0 0 162 1 0 0 0 0 2 1 900 40 12 9 8 0 0 2 29 0 0 0 0 0 0 2 0 1 562 1 0 0 3 4 0 0 0
0 0 332 7 4 2 0 0 0 3 1 0 2 0 0 0 0 1 0 0 5 2 0 1 19 19 0 0 2 19 0 0 1 2 36 0 2 5 1 0 0 8 1 0 0 1 135 137 1 0 0 1 166 2 1 0 0 0 1 0 0 0 167 1 2 0 0 0 0 902 42 0 0 0 0 0 4 38 6 3 1 0 2 4 9 571 569 1 3 0 0 1 1 0 0 4
0 338 3 1 1 0 0 1 7 1 0 0 0 0 0 2 0 0 0 4 0 9 0 3 41 0 0 2 4 20 0 1 0 0 1 37 0 0 7 3 0 1 9 3 0 0 0 0 138 3 0 0 168 1 0 0 0 3 9 2 0 0 1 177 1 0 0 0 0 1 949 0 0 0 0 2 45 0 0 1 0 0 1 2 586 0 0 0 0 2 0 0 0 0 1 0
340 2 0 0 0 0 13 10 0 0 0 0 0 0 6 0 0 0 1 0 7 9 25 32 75 0 0 0 9 21 0 2 3 0 0 2 41 43 45 58 0 2 78 167 170 171 0 0 323 331 333 0 517 2 1 0 0 0 11 0 0 0 1 180 1 0 1 1 0 1 957 4 2 0 0 50 1 0 0 0 1 0 0 1 588 0 0 0 0 0 0 0 0 0 0 0
4 0 0 0 0 17 2 0 0 0 0 1 1 9 0 0 0 0 0 0 0 3 0 0 0 77 1 0 1 34 0 37 41 4 1 1 2 0 0 1 61 62 83 0 0 1 174 181 1 0 1 344 0 521 0 1 0 1 0 12 2 0 0 183 3 0 2 5 0 1 961 2 0 0 0 1 53 0 1 5 1 0 0 1 591 0 6 4 1 0 0 0 2 3 0 1
146 0 0 2 20 1 0 0 0 1 1 4 10 0 0 0 1 2 0 0 1 0 0 0 0 2 80 0 1 2 35 0 1 44 50 53 54 3 0 1 77 81 0 0 0 0 2 1 0 0 6 0 0 524 1 2 1 2 0 14 5 0 0 0 190 0 0 1 6 9 963 0 0 2 0 0 58 11 7 0 0 0 0 1 606 8 0 0 8 2 0 0 0 8 1 4
0 144 139 26 2 1 0 0 1 2 7 0 11 4 1 0 5 0 0 1 0 0 1 2 0 0 84 0 0 4 0 0 1 2 4 6 7 63 68 74 0 2 0 0 2 0 0 0 0 1 3 0 0 4 532 536 539 561 570 588 595 0 0 0 193 1 0 0 3 14 966 1 0 3 0 0 0 76 3 2 0 1 0 1 610 0 1 12 1 3 2 0 0 1 17 0
2 2 0 107 1 0 0 1 2 11 0 13 6 0 0 7 0 1 3 0 0 1 5 9 0 1 87 0 0 0 5 1 0 0 0 0 1 2 3 0 0 0 0 2 5 0 0 0 0 0 0 0 0 1 0 16 20 0 2 1 0 597 611 1 196 1 0 0 1 984 1 0 0 0 6 0 0 77 0 0 0 0 3 0 630 17 14 0 0 0 0 0 0 3 20 0
1 1 0 10 95 74 3 0 15 0 24 8 0 0 1 9 0 2 4 1 1 0 0 0 10 12 91 1 0 1 0 6 2 1 0 1 2 3 0 0 1 0 2 3 37 39 1 3 92 0 0 0 0 0 1 14 1 0 1 0 0 10 0 615 197 1 0 0 1 987 5 2 0 0 9 0 0 87 6 2 0 0 0 4 638 1 0 0 0 0 0 3 0 26 0 0
0 0 1 6 11 7 69 53 30 27 0 0 0 1 2 10 1 8 2 0 2 1 0 2 0 0 105 3 0 0 2 1 12 2 0 1 3 4 10 17 18 21 22 23 34 36 83 85 1 96 4 1 0 0 6 0 3 0 0 0 7 0 0 619 198 2 0 0 1 996 1 0 0 2 10 0 0 91 1 0 0 0 1 1 654 14 12 4 1 0 0 0 35 1 0 0
0 0 5 0 9 6 2 10 5 0 0 1 1 2 3 11 2 9 3 4 0 2 1 0 4 1 106 6 0 0 5 0 0 16 0 0 0 1 5 0 1 0 1 33 0 3 1 0 0 0 104 0 0 1 2 0 0 1 0 4 0 0 1 4 824 3 1 0 3 999 1 0 0 1 117 101 99 1 0 0 0 2 6 666 1 0 0 6 4 1 0 0 40 3 1 0
0 1 2 0 7 5 1 9 2 1 0 1 6 12 4 12 13 4 0 6 0 3 0 3 8 0 114 1 0 0 1 6 1 19 0 0 1 2 0 1 2 22 28 1 1 0 0 0 0 0 106 0 0 0 0 0 0 0 0 0 0 0 3 0 1 831 2 0 4 1001 0 0 0 121 0 0 2 0 0 0 0 0 0 673 5 2 0 0 0 0 2 45 2 0 0 0
0 0 1 6 2 1 0 8 1 0 0 1 0 1 15 34 19 0 1 7 1 4 1 14 0 0 117 1 0 0 0 2 29 1 0 0 0 2 4 5 16 2 1 0 0 0 0 34 39 41 151 0 1 2 3 2 0 0 0 0 0 0 0 0 2 835 3 1 5 1003 0 0 3 123 0 0 0 0 0 0 1 679 676 0 0 0 0 0 0 0 52 0 0 0 0 1
0 0 3 1 1 0 5 1 0 0 1 10 11 18 25 33 92 1 2 8 0 7 17 0 0 1 120 0 0 0 1 4 32 1 1 0 0 0 0 4 4 1 0 0 1 2 32 1 0 0 2 156 168 5 0 0 0 1 1 0 3 5 0 0 1 838 4 2 6 1005 0 0 5 128 3 0 0 0 0 1 696 12 11 4 3 1 0 0 2 59 0 1 0 0 0 0
0 0 1 0 0 2 1 0 0 1 7 2 5 5 6 2 1 98 99 12 1 26 1 0 0 127 2 0 0 1 3 38 8 7 4 0 0 0 2 2 0 0 0 1 2 3 23 0 0 1 0 1 171 0 0 1 0 7 1 0 0 7 0 0 0 1 846 3 7 1007 0 0 136 0 0 0 0 2 713 711 9 1 2 2 0 0 0 0 1 61 0 0 0 1 1 0
1 0 0 0 0 0 0 0 2 4 1 1 4 5 1 0 0 0 0 137 153 183 3 0 129 0 0 0 0 3 4 48 0 0 0 2 0 0 0 0 0 0 1 2 3 22 0 1 9 10 11 12 47 221 3 0 9 1 0 0 1 4 15 0 0 2 850 4 1017 0 0 141 1 0 0 1 724 722 4 1 6 0 0 0 0 0 0 1 4 64 1 0 1 0 5 0
6 2 0 0 0 0 0 0 0 0 0 3 4 0 0 1 0 1 35 1 0 1 215 217 348 2 0 1 1 4 54 1 0 1 4 1 0 0 0 1 0 2 0 14 17 0 1 5 0 0 0 33 1 2 229 1 14 0 0 0 1 0 0 17 0 0 852 5 1018 0 0 143 0 0 736 734 6 1 0 2 0 5 0 0 0 1 0 2 70 0 0 0 3 0 0 307
0 0 1 0 0 2 1 0 0 1 2 1 1 0 1 2 5 29 1 0 0 20 3 1 4 357 359 2 2 5 58 0 0 13 3 0 1 0 0 1 4 6 12 1 0 1 2 0 0 1 28 2 0 0 7 239 255 3 0 0 0 0 0 20 0 0 854 6 1019 1 889 743 742 741 2 1 1 1 0 1 1 0 0 0 6 2 0 74 0 0 2 1 4 1 323 13
0 1 3 0 0 4 4 0 0 1 0 0 0 1 2 6 19 2 0 0 5 12 2 0 1 3 15 381 386 452 0 0 15 0 0 2 1 0 0 0 0 0 0 0 0 1 6 7 19 23 0 1 0 1 5 0 0 262 0 0 3 0 0 2 25 0 855 7 1020 899 6 5 4 3 2 0 0 0 0 0 0 0 1 2 0 8 88 0 0 389 386 352 347 340 12 7
1 6 1 0 1 13 2 0 0 0 2 0 0 1 2 9 1 1 0 3 9 1 1 0 2 6 3 1 0 2 458 476 1 0 0 5 1 1 0 0 1 0 0 0 0 3 0 2 6 1 0 0 0 1 0 0 266 0 0 0 9 1 0 0 0 28 856 8 1939 17 15 11 9 7 1 0 0 0 0 1 0 0 0 0 0 0 487 397 394 0 29 1 0 0 3 0
4 9 0 1 18 1 0 0 0 2 4 0 1 2 5 2 0 0 1 3 4 0 0 1 5 1 0 0 0 0 0 0 480 2 0 6 2 3 1 0 2 1 0 3 0 0 0 0 1 2 0 0 0 1 0 1 270 0 0 1 13 0 0 0 0 29 857 1951 1 0 2 0 0 3 0 0 0 3 2 0 0 0 3 0 1 494 1 0 0 0 0 27 0 0 1 1
4 15 1 21 1 0 0 0 0 1 10 0 1 0 0 0 0 0 0 1 2 0 0 2 1 0 0 0 0 0 0 0 0 485 0 0 14 4 1 3 0 2 0 0 4 0 1 0 0 0 0 0 2 5 0 1 273 0 0 0 15 0 0 1 2 30 2812 1 0 0 0 0 0 0 0 0 1 10 1 0 1 0 0 6 499 1 1 0 0 1 23 2 1 0 0 0
0 6 40 2 0 0 2 0 0 0 0 11 3 0 0 0 0 0 0 0 0 0 0 0 0 0 0 1 1 3 2 0 1 489 0 0 30 7 6 1 0 0 4 0 6 0 0 3 0 0 0 2 3 4 6 0 275 3 0 0 17 1 0 4 3 2848 3 0 0 0 0 0 0 0 0 0 0 14 1 0 3 0 0 509 501 0 0 0 0 12 7 3 1 0 0 0
8 16 48 4 0 4 1 0 0 1 2 12 0 5 0 1 8 5 2 0 0 0 0 0 0 0 1 5 0 0 7 1 493 0 0 0 32 0 0 0 0 2 5 0 9 1 0 0 5 1 1 0 0 1 7 29 306 5 0 0 2 21 2 5 2854 0 1 0 3 5 2 0 0 2 2 0 0 17 0 0 5 1 521 9 8 2 0 0 2 10 2 0 0 0 0 4
6 9 32 87 1 5 3 0 0 3 17 0 0 2 7 16 4 2 0 0 0 1 2 1 0 1 1 2 9 1 31 536 0 0 1 0 39 4 2 0 0 6 6 0 13 0 0 0 1 6 2 6 0 0 13 1 3 317 1 0 0 0 27 6 2856 0 0 0 0 7 3 3 0 3 4 0 1 18 0 549 546 539 14 0 0 3 0 0 2 1 1 0 0 0 11 7
8 4 4 6 101 110 5 1 0 22 1 0 0 1 28 2 0 0 0 0 0 1 5 2 0 1 4 5 6 27 0 1 539 0 0 44 2 1 0 0 0 0 9 18 15 1 0 0 0 2 7 0 8 11 0 0 0 319 2 0 0 0 0 36 2858 0 0 0 0 0 13 5 0 0 10 607 605 602 582 30 28 1 12 5 0 1 0 0 0 0 0 0 1 0 13 1
3 3 0 5 1 5 125 2 24 2 0 0 0 0 35 0 0 0 0 0 1 3 12 3 0 1 2 3 6 2 0 2 547 0 0 52 2 1 0 2 0 0 0 3 39 2 1 1 0 4 8 0 0 0 0 0 0 321 3 3 0 0 0 38 2860 0 0 3 1 0 21 0 0 0 623 3 2 1 0 0 25 0 2 2 3 0 0 0 0 0 0 0 5 0 0 16
2 2 4 0 2 1 0 126 34 2 0 1 0 38 1 0 0 0 1 2 0 0 14 5 0 0 0 1 0 0 0 0 549 0 0 55 1 0 3 0 0 0 0 0 0 41 47 4 0 0 18 1 0 0 2 2 0 2 329 4 0 0 2 2901 0 0 0 1 6 660 636 635 634 632 6 5 4 3 0 0 24 0 0 0 1 1 0 0 3 3 0 0 7 0 0 2
1 0 0 1 0 0 1 6 172 0 2 0 0 44 1 0 0 1 1 5 1 0 0 23 0 0 1 0 0 0 1 2 3 551 57 1 0 0 4 2 0 0 1 0 0 0 1 55 0 0 21 0 0 0 1 9 0 0 0 336 1 0 2906 0 0 1 0 2 823 154 153 152 9 8 7 6 1 0 0 0 21 7 1 0 0 0 0 0 10 0 0 2 11 0 0 1
0 0 0 1 0 1 2 2 1 179 0 1 1 47 1 0 0 2 4 6 2 0 27 0 0 0 2 3 1 0 0 1 2 559 61 0 1 0 0 8 1 1 0 4 0 0 0 1 60 61 84 0 1 0 0 11 0 0 0 338 2 2909 0 0 1 2 1 834 6 3 1 0 140 1 0 3 0 0 0 6 2 1 4 3 0 0 2 17 0 0 1 2 3 17 0 33
0 2 4 0 2 0 1 0 0 1 181 4 50 1 0 0 0 1 10 7 3 0 30 0 0 1 2 6 7 0 0 0 1 562 62 0 4 0 0 10 2 2 0 1 6 1 0 0 0 1 88 92 0 1 0 0 13 1 0 339 3 2911 0 0 3 3 839 1 1 0 0 0 25 111 0 0 0 1 3 0 0 0 0 0 0 0 3 22 0 0 0 0 0 1 21 34
0 0 1 7 4 0 0 1 0 1 186 57 0 0 1 0 0 0 1 21 4 0 31 0 2 0 0 0 16 1 0 2 5 569 63 9 2 0 1 4 23 0 1 0 9 4 0 0 0 0 0 3 98 101 103 1 14 2 1 340 4 2913 0 1 4 845 0 0 0 0 2 6 23 109 2 1 0 0 0 0 0 4 3 0 0 1 0 0 26 0 0 1 0 0 23 35
0 1 0 1 82 84 0 0 2 0 1 247 1 0 2 1 1 0 0 0 27 1 0 32 4 1 0 1 70 73 0 0 0 0 635 11 0 0 1 0 0 26 31 1 0 18 2 0 1 0 0 1 0 0 104 2 15 5 0 341 5 2915 0 2 5 849 1 0 0 0 1 2 15 0 104 1 0 0 0 9 6 0 0 0 0 1 2 2 27 0 0 5 0 0 25 36
0 1 4 64 1 1 90 91 93 99 133 382 0 1 3 2 2 1 0 1 35 1 0 1 35 45 49 50 1 0 75 0 0 0 637 14 1 0 0 0 0 1 34 0 1 20 0 0 3 0 0 0 0 107 0 0 20 6 1 342 2923 0 0 3 858 0 0 1 0 0 0 10 3 0 100 0 0 1 14 2 1 0 0 0 0 1 2 11 29 0 7 0 0 0 0 64
43 53 58 0 0 0 0 0 1 29 0 1 385 389 8 0 3 3 0 0 37 0 0 0 1 0 0 0 0 2 80 3 0 0 1 654 0 0 0 0 1 0 36 1 24 0 0 6 0 0 4 0 1 108 1 0 21 7 2 3268 0 0 1 864 0 0 0 7 2 0 0 8 2 0 0 97 1 19 1 0 0 1 0 1 0 0 1 6 52 57 66 1 3 0 0 66
7 2 0 0 1 0 0 1 26 1 0 0 3 395 9 0 8 0 1 40 0 0 0 1 0 0 0 0 0 2 3 89 0 0 3 659 1 0 0 2 5 0 37 28 0 0 10 1 0 0 7 1 2 109 2 1 22 8 3273 0 0 1 868 0 0 0 10 0 0 0 0 2 2 0 0 3 90 2 0 0 1 2 1 4 0 0 5 0 1 2 0 74 1 0 0 69
1 1 1 2 3 6 8 20 2 0 0 1 0 6 413 0 1 10 43 0 0 0 3 2 1 0 1 2 0 1 2 133 228 230 233 234 897 899 901 902 903 911 38 29 0 1 11 0 0 0 0 11 3 110 3 2 23 3284 0 0 1 872 0 0 3 12 0 0 0 0 0 0 0 0 0 1 66 0 0 0 24 2 5 1 0 0 2 0 0 0 0 1 78 0 0 1
0 0 0 1 2 4 7 2 0 0 0 1 5 0 0 414 432 492 1 1 1 0 0 5 6 0 0 6 0 0 128 0 2 0 1 0 15 16 17 18 19 20 972 30 1 2 12 1 1 0 1 12 4 111 4 3 3310 0 0 1 937 61 1 0 45 40 0 1 2 0 0 0 0 1 3 6 57 0 0 27 0 14 12 1 0 0 0 0 1 0 0 1 85 0 0 0
0 0 0 1 0 0 0 0 0 0 1 2 0 0 10 15 0 495 6 3 0 0 0 1 17 0 0 1 10 117 8 1 0 0 0 0 13 0 4 6 10 12 13 1018 2 3 13 2 2 0 2 13 5 112 5 3316 0 0 1 942 1 0 58 47 0 0 24 22 13 5 1 0 0 0 0 1 55 0 35 5 0 0 1 0 0 0 0 0 3 1 0 1 0 89 0 0
1 0 1 0 2 0 0 0 0 0 0 1 3 7 1 0 0 0 507 2 1 0 0 0 20 0 0 1 103 1 0 4 0 0 1 8 2 0 1 0 2 0 0 1 1024 4 14 3 3 1 3 14 6 113 3324 0 0 2 948 2 1 0 0 8 2 0 0 5 2 0 1 1 3 0 0 3 5 43 0 2 0 0 0 1 1 0 0 1 0 9 0 0 0 1 91 1518
