CHESS/lxh_sk/geo/lxh_sk.acc
ncols         392
nrows         434
xllcorner     775806.62903
yllcorner     2617280.34204
cellsize      90
NODATA_value  -9999
[rows 198 to 263 of 434, columns 192 to 287 of 392]
2 1 0 2 4 1 1 1 1 1 0 0 0 0 0 0 0 0 511 1 0 0 2 0 0 23 0 0 99 0 0 1 1 0 3 1 0 0 0 0 0 0 1 8 10 1041 15 4 4 2 4 15 7 114 3325 0 0 1023 70 2 1 0 0 4 0 0 0 0 2 0 0 0 5 1 0 1 4 4 0 0 0 0 5 3 0 0 3 2 0 12 0 0 1 4 1612 0
6 2 0 1 8 2 2 2 0 5 0 0 0 0 0 1 0 1 513 0 0 0 5 0 0 1 27 91 1 3 0 0 0 0 0 0 0 1 0 1 0 0 2 2 0 0 1059 5 5 3 5 16 8 115 3326 1046 1044 17 0 66 64 1 0 0 0 1 0 0 0 0 0 0 0 9 0 0 2 0 2 0 0 0 1 16 0 0 1 6 25 0 0 0 1 2 1622 0
8 3 1 0 12 3 3 0 4 7 0 1 1 0 1 1 2 520 0 3 1 0 0 8 0 0 55 6 0 0 1 0 0 0 0 0 0 1 7 1 0 0 0 0 0 0 1069 6 6 4 6 17 9 116 4375 0 0 15 0 0 0 60 0 0 2 0 0 0 0 0 4 0 0 0 12 0 0 0 0 1 0 0 3 0 19 0 0 1 29 0 1 0 0 1 1628 4
10 0 6 0 0 17 4 0 2 13 1 2 2 1 0 3 6 529 7 1 0 0 0 0 10 50 2 1 2 0 0 0 3 0 2 1 0 3 56 0 0 0 0 0 2 7 0 1078 7 5 7 18 10 117 4377 0 0 0 11 0 0 58 0 0 4 21 9 2 0 0 1 10 20 35 0 0 0 0 0 5 0 0 0 0 0 21 0 1 37 4 1 0 0 3 1630 0
0 11 1 9 0 0 23 0 0 4 21 6 0 2 0 0 0 0 540 0 0 0 1 11 37 0 0 0 0 0 0 0 1 6 24 26 41 43 0 59 62 3 0 0 2 0 0 1 1087 6 8 19 11 4500 1 0 0 1 6 0 0 55 0 1 29 1 9 3 0 0 2 5 0 0 44 5 2 0 0 7 0 0 1 0 2 22 0 1 42 1 0 0 0 5 1632 0
0 1 12 13 0 0 25 1 0 0 1 30 0 0 4 1 0 0 550 8 4 0 5 0 0 23 0 0 0 0 0 2 8 10 1 0 11 0 0 0 1 69 0 0 0 0 0 2 1088 7 9 20 4514 0 1 0 0 2 5 0 0 11 40 37 1 0 8 1 0 0 0 3 0 2 48 0 0 0 0 9 0 0 0 3 32 0 0 1 44 0 0 1 0 7 1983 349
0 1 2 27 1 0 29 0 1 0 0 34 1 0 8 0 0 555 1 0 1 1 1 2 0 0 19 3 1 1 0 1 2 0 0 0 7 2 0 0 0 1 72 0 0 0 3 3 1089 8 10 4536 0 0 4 2 0 0 0 0 8 0 1 2 0 0 3 3 0 0 1 0 0 0 0 54 2 0 0 13 16 0 0 0 34 0 0 0 49 0 1 2 0 2002 9 8
0 3 3 0 30 0 32 1 2 1 0 1 39 1 0 575 564 6 3 0 0 0 0 0 0 0 1 12 10 8 1 0 0 0 0 2 5 0 0 1 3 6 80 1 1 0 4 4 1090 9 11 4537 2 0 8 2 0 0 0 2 3 0 0 0 0 0 0 0 0 0 0 0 0 0 60 1 0 0 0 0 0 19 0 0 0 38 1 0 2067 2016 2015 2012 2008 3 2 1
1 0 8 1 31 0 0 34 40 2 0 0 0 42 580 2 1 1 0 0 0 0 0 0 0 0 0 0 0 1 0 0 0 0 0 0 0 0 0 1 3 4 12 96 2 1 5 5 1091 10 12 4568 26 10 0 0 0 2 0 0 0 0 0 1 0 0 0 0 1 1 0 1 2 0 64 2 0 0 3 0 0 21 0 2129 2126 2085 2084 2083 13 12 11 6 5 4 1 0
86 0 0 43 0 2 0 0 3 48 50 0 2 631 6 4 1 0 0 0 2 8 6 3 0 0 4 0 0 0 0 0 0 2 1 0 0 0 0 0 0 4 1 0 101 2 6 6 1092 11 4583 0 0 13 1 0 0 5 0 0 0 0 3 0 0 0 2 0 1 4 7 12 16 1 66 0 0 0 7 9 1 2162 2139 7 6 5 4 3 2 1 0 3 1 0 0 0
97 3 0 44 4 0 0 0 0 0 1 52 637 1 0 0 0 0 0 0 4 10 0 0 0 0 10 4 0 0 1 1 0 9 2 0 0 3 0 0 1 0 0 0 102 3 7 7 1093 4598 1 0 5 10 1 0 0 7 0 1 1 13 7 4 0 0 5 0 0 0 0 0 18 69 0 0 0 0 0 0 2185 9 8 7 6 5 4 3 2 1 0 0 0 0 0 0
3 106 0 0 55 3 1 0 0 1 4 53 639 0 0 0 0 1 0 0 16 26 0 19 18 12 0 0 0 0 2 8 1 14 2 0 0 7 1 0 0 0 1 1 103 4 8 8 5695 1 0 0 2 0 0 0 2 37 28 27 23 0 0 0 0 0 0 6 2 1 0 0 20 70 3 1 1 0 0 2238 50 49 48 47 46 45 44 43 42 41 40 38 35 34 1 22
0 1 110 57 2 1 0 0 2 4 11 54 641 0 0 0 3 4 0 0 47 0 24 2 0 1 0 0 0 0 0 0 28 0 0 0 0 0 11 3 1 0 3 10 104 5 9 5708 2 0 0 0 0 0 0 0 49 1 0 0 5 1 0 0 1 4 5 14 18 4 0 0 1 2356 2259 2258 2257 2254 2252 11 10 9 8 7 6 5 4 3 2 1 0 0 1 0 29 2
0 0 113 58 4 0 0 0 0 0 0 69 642 1 0 0 9 0 0 0 49 0 0 0 0 0 0 3 1 1 0 0 29 1 0 0 0 0 1 19 0 0 3 0 117 6 5719 1 0 0 0 0 0 0 3 52 0 5 3 0 1 0 0 0 0 0 0 1 25 0 0 0 2377 17 16 15 14 13 12 11 10 9 8 7 6 5 4 3 2 1 0 0 0 0 0 0
61 0 0 174 7 1 1 0 0 0 0 0 714 3 0 1 75 64 62 59 1 0 0 0 0 0 0 0 4 11 0 1 33 0 0 1 1 0 1 21 0 0 1 0 118 7 5720 3 0 0 0 3 2 0 64 1 0 0 0 0 0 0 1 1 0 0 1 2433 2404 2403 2402 2400 20 19 18 17 16 15 14 13 12 11 10 9 8 7 6 5 4 3 2 1 0 0 0 0
0 62 0 175 15 6 1 0 0 2 4 5 715 4 1 82 3 0 0 2 2 0 1 2 1 0 0 7 8 21 0 0 36 0 0 7 0 0 3 23 0 0 0 1 119 8 5721 4 0 1 0 8 0 65 0 4 0 0 0 0 0 0 4 2 1 2467 2465 28 27 26 25 24 23 22 21 20 19 18 17 16 15 14 13 12 11 10 9 8 7 6 5 4 3 1 8 6
1 66 1 193 0 0 0 0 0 0 1 8 716 5 86 0 0 0 0 0 0 0 1 7 2 1 2 0 0 5 29 1 39 0 0 10 0 0 1 29 0 0 3 2 120 9 5722 5 1 3 0 0 11 68 0 0 1 0 5 0 0 1 7 2521 2517 46 45 44 43 42 41 40 39 38 37 36 35 34 33 32 31 30 29 28 27 26 25 24 23 22 21 20 19 18 8 7
0 69 2 196 1 0 0 3 0 0 0 1 728 6 92 4 2 1 0 0 0 0 0 0 12 0 0 0 1 1 0 33 40 0 0 12 0 0 3 30 0 0 0 7 121 10 5723 6 8 1 0 0 83 1 0 0 0 0 8 1 0 0 2631 100 99 98 97 96 95 94 93 92 91 90 89 88 87 86 85 84 83 82 81 80 79 78 77 76 75 74 73 72 71 70 69 68
0 0 74 198 0 0 0 6 0 0 2 0 729 102 1 0 0 1 0 0 3 1 0 16 0 0 1 0 0 0 0 0 75 2 0 0 16 0 0 36 1 1 1 8 122 11 5724 18 1 0 0 87 1 0 0 0 0 2696 2684 2683 2682 2680 46 45 44 43 42 41 40 39 38 37 36 35 34 33 32 31 30 29 28 27 26 25 24 23 22 21 20 19 18 17 16 15 14 13
0 0 76 199 0 2 0 7 2 0 0 5 835 1 0 0 4 1 0 0 1 8 27 46 1 6 2 0 0 1 4 6 83 3 0 0 17 0 0 37 2 2 2 9 123 12 5725 19 0 0 3080 2990 2989 2988 2987 2985 2983 284 283 282 281 280 279 278 277 276 275 274 273 272 271 270 269 268 267 266 265 264 263 262 261 260 259 258 257 256 255 254 253 252 251 250 249 248 247 246
0 0 77 200 1 4 0 8 4 0 0 859 16 15 14 8 2 0 0 10 12 17 0 0 50 58 0 0 0 0 0 3 5 94 1 1 18 1 1 38 3 3 3 10 124 13 5726 20 3145 3143 60 59 58 57 56 55 54 53 52 51 50 49 48 47 46 45 44 43 42 41 40 39 38 37 36 35 34 33 32 31 30 29 28 27 26 25 24 23 22 21 20 19 18 17 16 15
1 1 80 201 8 0 0 9 875 869 868 6 5 4 3 3 0 0 0 7 0 3 0 2 5 6 67 1 2 0 0 1 0 0 98 2 21 0 2 39 4 4 4 11 125 14 5727 3234 66 65 64 63 62 61 60 59 58 57 56 55 54 53 52 51 50 49 48 47 46 45 44 43 42 41 40 39 38 37 36 35 34 33 32 31 30 29 28 27 26 25 24 23 22 21 20 19
0 0 0 283 10 0 1 897 10 9 8 7 6 1 0 2 1 0 0 6 0 1 0 0 0 0 1 72 3 1 0 0 0 0 0 102 22 1 3 40 5 5 5 12 126 15 9927 963 962 961 960 959 958 957 956 955 954 953 952 951 950 949 948 947 946 945 944 943 942 941 940 939 938 937 936 935 934 933 932 931 930 929 928 927 926 925 924 923 922 921 920 919 918 917 916 915
0 1 1 284 12 0 906 5 4 3 2 1 0 3 0 0 0 0 0 1 2 0 0 0 5 8 9 15 93 2 1 1 1 1 1 103 23 2 4 41 6 6 6 13 127 9974 29 28 27 26 25 24 23 22 21 20 19 18 17 16 15 14 13 12 11 10 9 8 7 6 5 4 3 2 1 0 3518 3517 3516 3515 3514 3513 3512 3511 3510 3509 3508 3507 3506 3505 3504 3503 3502 3501 3490 3489
1 2 2 1230 931 930 22 21 20 15 13 1 0 0 0 0 1 0 0 0 1 0 0 3 1 0 3 0 0 97 2 2 2 2 2 104 24 3 5 42 7 7 7 14 13705 3601 3600 3599 3598 3597 3596 3595 3594 3593 3592 3591 3590 3589 3588 3587 3586 3585 3584 3583 3582 3581 3580 3579 3578 3577 3576 3575 3574 3573 3572 3571 51 50 49 48 47 46 45 44 43 42 41 40 39 21 18 9 8 7 9 2
2 3 1288 53 52 38 33 0 3 0 0 9 0 0 0 3 0 1 2 0 0 0 0 0 0 0 1 0 99 0 4 3 3 3 3 105 25 4 6 43 8 8 8 14129 407 406 405 404 403 402 401 400 399 398 397 396 395 394 393 392 391 390 389 388 387 386 385 384 383 382 381 380 379 378 377 376 375 374 373 371 15 14 13 12 11 10 8 0 16 1 1 5 0 6 5 1
3 1295 1 0 12 3 31 0 0 1 0 0 5 33 36 42 0 2 3 2 0 0 2 0 0 0 1 3 100 0 5 4 4 4 4 106 26 5 7 44 9 9 14174 34 33 32 31 30 29 28 27 26 25 24 23 22 21 20 19 18 17 16 15 14 13 12 11 10 9 8 7 6 5 4 3 2 1 0 0 2 351 94 93 92 90 0 5 0 15 0 0 1 1 5 2 1
1310 9 8 0 11 0 1 29 0 0 3 4 30 0 0 0 45 8 0 3 0 1 5 0 1 0 0 4 101 1 6 5 5 5 5 107 27 6 8 45 10 14222 36 35 34 33 32 31 30 29 28 27 26 25 24 23 22 21 20 19 18 17 16 15 14 13 12 11 10 9 8 7 6 5 4 3 2 1 0 1 0 254 1 0 0 89 4 1 0 13 9 0 0 1 2 1
3 2 0 5 5 4 0 17 9 0 1 1 29 0 0 1 2 58 0 4 1 4 11 1 2 1 1 5 102 2 7 6 6 6 6 108 28 7 9 46 14578 343 342 341 340 339 338 337 336 335 334 333 332 331 330 329 328 327 326 325 324 323 322 319 21 20 19 18 17 16 15 14 13 12 11 10 9 5 0 0 1 12 238 0 0 87 0 0 0 0 1 8 0 0 0 0
8 5 1 4 4 3 0 8 6 8 0 0 24 0 0 1 21 22 83 89 90 91 92 107 3 2 2 6 103 3 8 7 7 7 7 109 29 8 10 14748 121 120 119 118 117 116 115 114 113 112 111 110 9 8 7 6 5 4 3 2 1 0 1 1 294 257 254 20 19 18 17 16 15 14 13 11 2 2 0 0 7 1 0 235 0 1 84 67 1 0 0 0 5 4 3 2
1 4 0 3 3 2 6 0 5 6 0 0 23 0 0 17 0 0 15 18 21 23 25 27 140 3 3 7 104 4 9 8 8 8 8 110 30 9 14774 13 12 11 10 9 8 7 6 5 4 3 2 0 99 98 97 96 12 11 10 9 8 0 0 0 35 1 0 231 8 7 6 5 4 3 0 10 1 0 0 4 1 0 1 233 0 0 12 2 64 59 55 0 0 0 3 2
0 1 1 2 2 1 5 2 1 0 4 8 10 0 0 14 0 5 13 1 1 0 0 0 0 145 4 8 105 5 10 9 9 9 9 111 31 14797 11 10 9 8 7 6 5 4 3 2 1 0 0 0 4 3 2 0 82 10 9 8 1 6 2 26 7 0 0 10 210 4 3 2 1 0 1 6 2 0 0 2 0 0 0 8 220 0 11 1 0 2 2 53 49 33 1 0
0 0 0 1 1 0 4 1 0 3 7 1 5 1 0 12 3 2 3 0 0 0 0 0 1 146 5 9 106 6 11 10 10 10 10 112 14842 11 10 9 8 7 6 5 4 3 2 1 0 0 10 9 2 1 0 0 62 7 1 5 0 2 1 25 6 3 6 1 2 201 5 4 0 0 0 1 3 1 0 0 0 1 2 3 218 5 9 0 0 1 1 2 6 5 26 16
2 1 0 0 0 0 2 0 2 3 2 0 4 0 8 2 2 1 1 0 0 1 4 1 2 147 6 10 107 7 12 11 11 11 11 15013 56 55 54 53 52 51 50 49 48 47 46 45 44 43 30 29 28 26 0 44 15 4 0 3 0 1 0 24 5 2 1 0 1 13 180 0 2 1 0 0 1 0 0 0 0 1 2 0 211 0 4 8 0 0 0 1 5 4 4 3
1 0 0 0 0 0 0 1 2 0 0 0 2 0 6 1 1 0 0 0 1 2 5 2 3 148 7 11 108 8 13 12 12 12 15197 170 169 168 167 164 161 90 89 88 55 54 53 43 42 41 14 11 7 0 25 43 14 1 1 1 0 0 20 2 4 1 0 0 6 12 178 0 3 2 1 0 0 0 0 1 3 10 11 12 195 0 1 1 6 2 0 0 3 3 3 2
0 0 1 2 0 0 0 1 0 0 0 0 0 2 2 0 0 0 0 0 1 5 6 3 4 149 8 12 109 9 14 13 13 15219 7 6 5 1 1 1 0 68 0 0 30 0 0 7 3 25 1 2 3 2 24 42 4 8 0 0 0 0 18 1 3 0 1 5 3 0 1 174 7 6 5 4 2 0 0 1 5 2 4 6 186 1 0 0 0 2 1 0 1 2 2 1
0 1 2 6 1 0 0 0 1 3 2 0 0 0 0 0 0 1 3 5 21 26 40 4 5 150 9 13 110 10 15 14 15241 6 5 0 2 0 0 0 0 66 0 0 28 3 0 1 2 24 0 1 2 1 23 4 36 3 7 4 0 0 16 0 2 0 2 0 1 0 0 161 5 4 3 2 1 0 0 2 1 0 0 0 183 6 0 1 0 0 0 0 0 1 1 0
1 2 16 5 2 0 0 0 1 2 7 1 0 0 0 0 0 2 4 14 1 1 0 48 6 151 10 14 111 11 16 15260 2 1 1 1 0 0 0 0 9 18 34 0 3 17 2 0 1 21 1 0 1 0 22 3 6 28 2 1 2 0 13 0 1 0 0 0 0 1 5 19 127 3 2 1 0 0 0 0 0 1 0 5 46 121 4 1 0 0 0 0 0 0 0 0
28 22 3 1 1 0 1 0 0 1 5 10 1 1 2 0 0 0 5 2 0 0 0 0 57 152 11 15 112 12 15281 2 1 0 0 0 0 0 2 7 16 0 6 26 2 1 14 1 0 18 1 0 0 12 8 2 5 24 2 1 0 1 8 3 0 0 0 0 1 2 0 17 122 2 1 0 0 0 0 0 1 0 3 44 0 0 119 4 3 1 1 1 0 0 0 1
2 0 0 0 0 0 2 1 0 1 2 6 11 7 4 2 0 0 3 1 0 1 4 5 64 153 12 16 113 15299 3 2 1 0 0 0 0 0 1 2 15 0 5 25 1 0 5 7 0 8 8 0 0 10 7 1 4 5 17 1 0 0 7 2 0 2 7 9 11 14 16 0 115 1 0 1 1 2 0 0 0 2 40 1 0 0 113 48 46 45 39 10 3 1 0 0
0 0 0 0 0 0 6 0 0 0 0 4 24 16 2 0 0 0 1 0 0 1 0 1 67 154 13 17 15420 5 4 3 2 1 1 2 0 0 0 2 10 0 4 20 3 0 1 2 6 7 2 4 5 3 6 0 3 4 1 14 0 0 5 1 0 1 0 0 1 0 0 1 114 14 13 10 6 1 0 0 2 30 5 1 0 0 62 1 0 2 1 23 4 2 0 0
0 1 0 1 1 1 8 0 1 0 1 0 44 1 0 0 0 0 0 0 1 0 1 2 71 155 14 15454 14 13 12 11 10 9 6 2 1 0 0 2 4 0 3 10 8 2 0 1 5 6 1 3 4 2 2 2 2 3 0 3 9 0 3 0 0 0 1 0 0 1 2 3 4 91 1 0 0 0 0 2 20 4 1 0 0 0 56 0 0 1 0 1 20 0 0 0
3 0 3 0 2 11 2 0 0 2 3 1 48 2 1 0 2 0 0 0 0 2 0 1 72 156 15538 67 66 65 64 63 62 61 2 1 0 0 0 0 1 1 2 4 4 7 1 0 4 5 0 2 3 1 1 1 1 2 0 1 6 1 2 0 1 5 8 14 15 16 26 31 74 13 9 2 1 0 0 0 16 1 1 0 0 1 47 5 1 0 0 0 18 0 0 0
29974 5 4 1 3 16 0 0 0 2 10 55 3 2 1 0 4 0 0 1 1 1 5 8 73 15704 7 6 5 4 3 2 1 0 57 2 1 0 1 0 0 0 1 3 3 3 2 0 3 3 0 1 2 0 0 0 0 1 0 3 1 0 1 0 2 1 2 2 4 8 3 2 38 0 1 5 2 0 0 1 9 2 0 0 0 21 23 0 2 1 0 0 17 4 2 0
1 29965 28 27 24 19 1 0 0 1 29658 29590 29589 1 0 5 1 0 0 1 2 2 3 0 15797 8 7 6 5 4 3 2 1 0 18 34 26 22 15 2 1 0 0 2 2 0 1 1 2 1 0 0 0 0 0 0 0 0 0 1 0 0 0 0 0 1 1 0 2 2 1 0 34 1 0 0 1 0 0 1 5 0 1 0 0 19 1 20 2 1 0 1 8 2 0 0
45 136 29752 6 5 4 3 2 0 29665 3 2 1 29586 6 0 3 0 0 3 0 3 15824 15819 19 18 17 16 15 14 13 12 11 2 0 16 6 1 3 11 2 1 0 1 0 0 0 0 0 0 0 0 0 0 1 1 1 0 0 0 0 1 2 1 0 0 0 1 1 0 0 1 33 3 2 1 0 0 0 0 0 2 1 0 0 16 0 1 14 4 1 0 3 0 0 0
43 135 7 29736 29674 29673 29672 29671 29670 3 2 1 0 0 29577 0 4 1 15856 15854 15849 15847 17 16 15 14 13 12 11 10 9 3 4 2 1 0 14 5 0 2 7 4 1 0 0 0 0 0 0 0 0 1 1 1 2 2 3 1 0 0 0 0 0 5 0 0 0 0 0 1 2 3 19 6 2 1 0 0 1 0 5 4 2 0 2 10 1 0 1 6 1 0 1 0 0 0
36 134 6 4 55 53 50 46 44 11 4 0 0 1 10 29563 29546 29540 13680 20 19 18 17 16 15 14 13 12 11 10 4 4 2 3 1 0 7 5 4 1 1 1 1 0 0 0 2 1 2 0 1 2 2 2 6 8 3 0 0 1 2 0 1 1 7 1 1 0 0 1 2 3 8 1 2 0 0 2 2 7 1 0 0 0 1 6 2 0 0 3 1 0 0 0 0 2
0 133 5 3 0 1 2 0 31 5 1 0 0 1 5 2 12 8 1 13658 13656 13654 7 6 5 4 3 2 1 0 4 3 3 1 2 0 3 2 4 1 0 0 0 0 0 1 4 2 3 1 2 3 3 10 9 1 0 0 0 1 5 0 1 2 10 2 3 0 0 0 0 1 3 1 0 0 0 0 3 36 18 14 1 0 0 1 3 1 0 0 0 0 0 0 1 0
1 132 4 1 0 0 1 18 11 2 1 0 0 4 1 0 1 5 0 0 0 0 13644 28 27 26 25 24 22 9 3 3 2 2 0 1 2 1 2 0 0 0 0 1 1 0 2 8 4 5 0 0 8 21 2 0 1 0 0 1 2 6 8 11 3 14 4 1 1 0 1 0 0 0 0 0 0 1 47 4 3 2 11 7 0 0 1 0 0 0 0 0 0 1 1 2
5 123 3 0 0 0 15 1 7 2 1 0 0 2 0 0 0 3 0 0 0 0 92 13521 3 2 1 0 2 8 4 2 2 1 1 0 1 0 0 0 0 0 1 3 2 0 1 12 11 2 0 0 10 25 4 2 1 0 0 1 5 0 0 1 14 19 5 4 0 0 3 0 0 0 0 1 1 58 7 3 3 2 1 2 5 0 0 0 0 1 0 1 3 7 2 0
3 65 52 1 0 2 11 0 2 3 1 0 0 0 0 1 2 0 0 1 4 88 1 1 13514 4 3 0 1 3 3 3 1 1 0 0 0 0 0 0 0 1 1 6 3 0 1 27 3 0 0 0 38 9 3 2 0 1 0 1 8 1 0 0 1 38 11 0 0 2 6 0 0 2 1 0 69 5 2 2 2 2 1 0 1 3 0 0 2 3 1 0 0 1 10 14
61 2 49 1 0 1 9 0 1 1 0 0 0 0 0 0 0 0 1 3 79 2 0 0 0 13507 0 2 0 2 0 1 2 0 0 0 0 0 2 1 1 0 2 9 4 0 1 34 1 1 0 0 50 1 0 0 3 1 0 0 2 11 1 0 0 0 52 1 0 13 1 0 0 4 2 77 3 1 1 1 1 1 1 0 0 1 0 0 0 3 6 0 1 0 0 1
5 1 45 2 1 0 6 1 0 0 0 0 0 1 1 1 1 2 0 73 0 0 0 0 1 13505 1 0 1 0 0 0 0 0 0 0 2 1 0 5 2 0 1 13 5 0 3 37 2 1 0 1 54 0 0 5 0 2 1 0 1 3 14 1 0 0 0 55 1 15 0 0 0 9 80 1 1 0 0 0 0 0 0 0 0 0 1 3 1 3 11 1 2 1 0 0
1 0 14 29 2 0 3 1 0 0 0 1 1 1 4 56 62 66 70 0 0 0 0 0 13494 5 2 1 0 0 0 0 0 0 1 1 0 5 0 1 9 0 1 16 6 0 5 41 2 0 0 58 0 0 7 1 0 3 2 1 0 2 19 2 1 0 1 57 18 0 0 0 2 93 1 0 0 0 0 2 1 0 0 0 0 0 1 2 7 8 13 14 0 3 7 1
0 8 4 21 3 1 1 0 0 0 2 4 7 29 46 2 1 0 0 1 3 13482 13486 13488 3 0 1 0 0 0 0 2 1 1 2 2 0 7 0 1 12 1 0 19 7 0 7 42 4 0 1 60 0 9 0 2 1 0 7 2 1 0 3 23 2 1 2 0 78 0 1 113 111 8 6 4 2 1 5 1 0 0 6 3 0 0 1 2 3 4 5 29 1 0 0 9
7 1 1 18 1 2 0 0 1 3 6 7 18 12 2 1 0 0 1 2 13476 0 0 0 0 0 0 1 0 0 2 3 2 2 3 3 0 9 0 1 15 2 1 20 8 1 8 51 2 0 2 61 1 10 0 4 2 0 9 5 0 1 0 4 24 5 3 1 200 119 116 0 1 2 0 0 0 6 1 0 1 9 1 0 0 0 1 2 3 4 5 42 2 1 0 0
5 0 0 10 6 0 1 0 0 1 5 9 8 2 1 0 0 1 2 9 13462 0 0 0 0 0 3 1 0 0 1 7 3 3 4 4 1 10 0 4 16 3 2 21 9 11 0 52 0 0 65 2 0 0 12 8 0 1 0 16 1 2 0 1 30 329 322 316 2 1 0 0 0 0 0 0 7 3 0 2 10 0 0 0 0 0 0 1 2 3 0 1 51 0 0 1
2 0 3 4 0 5 0 0 0 4 2 1 5 1 0 1 2 3 4 5 13459 0 17 15 12 10 8 3 1 0 0 2 12 4 5 5 2 11 0 0 23 4 25 0 22 1 0 0 54 67 3 1 0 0 1 22 3 0 0 18 2 3 1 2 362 0 0 2 106 100 0 0 0 0 10 8 5 0 3 24 12 7 5 3 1 0 0 0 1 2 11 13 66 0 1 35
0 0 1 2 0 2 0 0 3 1 0 1 2 0 0 1 3 4 8 14 2 13440 0 0 7 6 5 4 3 0 0 1 16 5 6 6 15 0 1 0 25 34 28 1 28 4 0 1 55 75 2 0 0 1 3 0 28 0 0 1 24 4 0 369 2 1 0 1 1 2 98 88 86 80 62 7 0 0 34 4 0 2 1 0 0 0 1 1 2 3 0 0 1 69 115 5
0 0 0 0 0 0 0 0 0 0 0 0 0 0 0 0 0 2 1 4 1 7580 5839 84 75 74 73 72 71 70 68 66 63 45 38 30 22 5 3 0 96 34 33 32 2 1 0 138 79 2 1 0 0 3 0 4 30 1 0 2 33 0 0 371 8 4 1 0 0 1 4 3 3 2 1 53 50 41 3 1 2 1 0 0 0 2 2 0 0 1 2 0 1 0 122 5
1 1 0 0 0 0 0 0 0 0 0 0 0 0 1 0 0 0 0 0 0 7579 25 5727 261 260 259 258 257 256 255 254 253 252 251 250 249 248 247 246 148 147 146 145 144 143 142 2 1 0 0 0 2 4 1 0 40 1 0 0 35 2 0 386 4 1 1 0 0 0 2 2 2 1 0 1 4 1 1 0 0 0 0 1 0 4 4 0 0 0 1 3 0 131 3 1
4 0 1 1 1 2 0 1 0 2 1 0 1 1 1 2 1 0 0 0 1 7578 24 23 5440 23 22 21 20 19 18 17 16 15 14 13 12 11 10 9 8 7 6 5 4 3 2 1 0 0 0 2 3 0 5 46 1 0 0 1 431 391 390 2 1 1 0 0 0 0 0 1 0 0 0 0 2 0 0 0 0 1 1 2 1 5 6 0 0 1 0 2 4 133 0 0
6 0 0 4 2 3 1 3 0 3 2 1 0 2 2 2 5 0 1 1 7544 30 23 22 21 5393 21 20 19 18 17 16 15 14 13 12 11 10 9 8 7 6 5 4 3 2 1 0 0 0 3 7 6 0 57 3 0 0 0 440 5 4 3 2 0 0 0 0 1 0 0 0 0 1 0 0 0 0 0 0 1 0 2 5 8 0 7 1 0 1 3 0 149 5 3 1
1 0 0 1 8 6 4 0 1 4 5 0 0 1 3 3 3 6 1 7519 21 29 22 21 20 1165 4204 23 22 21 20 19 18 17 16 15 14 13 12 11 10 9 8 7 6 5 4 3 2 0 0 76 60 59 0 0 0 0 449 5 4 3 2 0 0 0 0 0 3 2 0 0 3 0 0 0 0 0 2 1 2 1 3 6 9 0 9 0 2 3 4 0 152 0 0 0
2 1 1 0 11 12 1 0 0 7 7 0 1 0 2 4 4 4 7362 151 20 28 21 20 19 1164 19 4159 104 103 102 101 100 99 98 97 96 95 94 93 92 91 90 89 88 87 86 85 84 83 82 3 2 1 0 0 0 456 4 3 2 1 0 0 0 1 1 1 4 4 0 5 2 0 0 2 1 0 1 5 3 2 4 0 17 1 10 1 170 166 161 154 0 0 0 0
