CHESS/lxh_sk/geo/lxh_sk.slope
ncols         392
nrows         434
xllcorner     775806.62903
yllcorner     2617280.34204
cellsize      90
NODATA_value  -9999
[rows 270 to 296 of 434, columns 0 to 60 of 392]
5.256571 12.22941 10.02277 5.458772 0.8080472 11.005 21.34133 22.43551 15.33658 13.58902 12.75494 13.66652 16.82339 18.91419 16.62128 10.12509 7.439877 12.90168 7.408083 7.327986 9.337663 10.26794 13.2204 15.01972 12.86586 7.895443 5.968404 9.278297 11.69122 5.75528 10.869 10.84157 5.569838 7.858366 10.41041 6.39879 2.42583 2.800056 5.831558 10.05332 10.05465 8.456197 8.267777 6.360792 8.251906 7.348542 1.78768 0.2194951 1.241331 2.159653 2.220643 3.676758 6.303578 4.000904 5.524743 7.283371 6.388151 4.92365 3.815725 3.034602 4.16874
8.493206 12.76874 6.119308 3.144454 12.41541 19.49072 22.65802 20.2741 15.96927 17.65602 17.64781 14.24947 15.58381 20.34109 15.40014 6.334293 4.92421 8.243157 10.04013 13.34236 11.00628 15.12076 15.84877 15.09213 15.22894 10.70103 5.07724 3.708754 8.303986 10.05975 5.931035 6.389264 11.08111 10.26395 12.77629 9.460159 6.804302 6.834487 6.454791 9.020416 6.901097 2.701289 7.258652 3.612263 4.052718 7.731462 3.509451 0.005627664 0.004500826 0.4434183 0.6223045 1.873827 5.464012 5.161727 4.09839 6.604393 7.070825 5.102476 4.146081 5.082642 5.120153
10.25257 11.05257 0.7909504 11.66077 19.58685 19.68447 17.48535 17.06868 13.35118 17.7183 19.38455 19.22605 19.21926 21.3612 17.20256 12.73263 14.03458 16.99115 19.77513 18.88906 15.98426 20.35288 17.5538 18.76651 21.44674 18.28164 11.33532 7.806592 7.439111 2.137795 3.878459 5.558083 5.676566 9.044678 10.86233 8.601079 7.360375 10.34794 12.265 10.07698 4.380487 3.577215 8.246146 6.936017 8.154263 7.037331 3.26287 0.004504261 0.005627664 2.498368 5.417095 6.564378 2.968304 1.676435 1.174449 3.124483 5.575097 5.127396 5.659134 5.248257 5.026166
7.711792 3.549138 8.015511 15.84883 19.99964 17.78438 15.0028 16.93314 14.85457 15.5492 19.27118 21.84898 21.72811 20.94582 19.983 16.81669 17.02155 19.07267 20.36754 17.63456 16.24588 20.79853 16.98851 17.31062 21.48691 19.76968 10.4968 10.8308 11.70214 11.44234 2.028053 8.972089 5.459824 6.423151 8.435805 8.721625 9.737403 12.34529 12.74147 12.31296 10.94917 10.34911 12.8267 10.00612 4.110421 3.084558 1.12526 2.352934 6.57808 12.17589 15.23353 14.59554 13.10721 9.539229 5.902194 1.996516 2.891632 3.344365 3.405478 3.579836 6.78256
5.101764 8.125707 13.91118 16.64777 18.73557 17.36449 15.0799 17.85792 17.96813 16.65896 19.09321 21.2547 22.28035 21.50901 19.4601 12.4932 11.08264 15.27986 14.75254 12.68412 14.50077 16.58281 11.24704 13.43946 21.62244 19.31029 4.737224 9.729892 9.279772 13.884 7.679631 3.13537 9.042646 6.027646 2.340493 6.890288 10.84454 6.725068 0.5738221 2.42794 1.746542 7.214107 11.76575 12.09172 5.3843 0.3087732 0.5634506 6.723613 12.93529 16.36662 15.85504 14.07363 14.71454 10.78057 8.249825 5.799995 1.890247 0.7713168 0.7389266 3.85343 5.651132
6.349029 13.58383 15.5097 16.28777 16.08868 16.95173 14.92097 14.94727 16.22909 16.13388 17.08971 18.58929 21.19238 21.60701 15.22591 5.724801 4.98495 11.84681 7.510264 12.86724 16.63046 17.57189 15.8004 18.94649 22.15303 13.32691 8.456197 13.32028 13.78608 17.90654 16.18342 10.07175 3.236831 8.050233 7.457331 6.215112 4.089542 9.534293 14.83354 18.3618 18.7405 17.91125 16.18518 11.21429 3.977172 0.5649486 4.148355 11.88751 15.05004 13.92757 12.26015 11.52552 14.2036 10.59771 6.426275 7.792552 7.973977 4.225769 0.3207869 3.207665 4.396227
7.06907 14.03458 14.88995 12.96386 12.28731 16.77374 16.15044 13.49577 15.84012 16.96599 16.20702 17.33484 18.09492 15.27647 11.10436 8.150701 4.393377 10.17951 4.514667 14.50637 21.32242 22.42382 19.88443 19.5314 14.36463 7.283371 18.95829 18.18965 17.28441 19.74269 18.92545 16.91286 9.769877 7.750164 12.90168 15.7504 18.62585 19.85053 17.10663 15.52996 16.82475 14.16047 9.542098 4.186989 0.6774701 5.872588 12.18088 17.96304 18.99278 16.67015 11.04399 9.045355 15.48341 11.6815 3.603533 3.42422 7.532559 6.112596 0.404839 1.861045 2.487736
5.438008 13.30967 15.00588 14.45261 15.02779 18.25628 19.18077 16.29299 17.61465 18.48262 17.60959 17.39762 10.86011 5.056113 10.00374 10.94917 3.835471 11.00847 13.96321 20.36754 24.9221 22.81506 16.66811 12.7098 6.26605 20.73764 24.72032 21.09493 18.2457 19.87929 20.03526 18.63998 17.1892 11.92672 9.776125 13.04749 13.79895 10.67996 5.709655 0.253173 3.59205 4.372909 6.434486 5.618619 6.019034 13.03902 18.43599 22.49757 21.75609 13.48836 4.120185 11.48798 14.74469 10.0806 3.77592 4.340135 8.170178 6.004931 0.3144972 2.569399 2.793283
6.033854 12.83962 10.27739 11.44717 15.21797 17.83303 23.14989 24.10328 22.22273 20.68341 19.64388 14.91438 1.125251 10.37076 12.86218 11.71119 7.186552 10.85122 16.96599 22.56938 23.72251 17.08906 8.37505 10.36667 14.65482 24.72904 21.85491 17.79188 18.36465 21.81688 22.71945 21.43918 20.84677 15.10746 4.935585 3.130983 2.058755 3.265846 7.665256 12.69814 15.50693 15.56331 14.0054 13.66388 15.47737 20.66407 22.72641 24.09752 18.62291 11.29132 12.90626 14.38608 12.03093 8.101392 6.466625 5.442608 5.854633 3.49999 0.5170146 3.963694 3.290922
6.737075 11.57691 8.219958 9.964161 13.07367 14.65996 20.6012 25.01242 24.56267 24.64308 24.41497 15.11733 3.381619 13.15243 13.81282 12.30135 11.60431 12.15522 14.17237 18.44986 17.55249 5.640488 7.481167 13.86569 17.42906 22.61467 17.56428 12.30135 18.05666 22.06264 23.41537 21.95523 21.22926 20.57375 14.89873 6.410309 3.546802 9.185242 11.9615 12.02046 8.62818 4.222687 3.381619 5.075905 13.66652 17.89268 18.79594 17.18953 7.317323 11.18859 17.86072 16.68639 10.11248 6.206079 5.90208 4.673202 4.551323 2.645172 0.7939855 5.232236 3.448063
6.215112 8.651641 6.781217 7.371307 8.411705 12.57799 20.03018 23.50431 22.36466 25.37712 27.33368 15.03508 5.745501 15.821 15.82533 14.33868 14.91322 13.5236 13.57908 16.88721 11.34726 7.1102 16.39243 17.93602 19.18644 21.26038 17.75342 11.56032 18.72007 23.04024 23.04706 19.56484 18.38263 21.22085 19.47189 9.579199 3.240183 10.46305 6.419272 9.970262 15.59961 17.87655 16.83109 14.99818 15.31933 14.86702 15.04275 11.6815 10.29272 13.26667 17.13071 15.74714 9.478438 5.730256 7.1102 7.344367 6.085769 3.066062 2.318599 6.131861 2.942851
3.342245 6.897496 7.30885 6.596214 6.87133 14.48273 23.22294 26.37867 25.26777 27.7097 26.44079 10.33035 9.504163 17.61244 17.23543 15.68344 13.58599 12.24168 13.95693 12.94424 1.195397 16.55475 18.68978 14.97507 17.62761 21.23396 18.397 12.3881 20.2554 23.73768 22.68167 20.07347 19.17765 23.61994 23.93859 12.44653 0.5642542 9.586783 15.00588 19.48067 20.70367 20.10236 18.21499 19.88381 23.29174 20.20682 14.38891 13.7712 13.87961 6.077125 11.27693 15.42994 11.6198 7.825526 9.967212 12.65932 10.96616 9.436746 9.291688 7.950805 2.993869
5.396424 5.578812 7.522614 7.117177 9.083188 18.1169 26.31451 28.16163 24.87351 23.46687 19.1955 11.20793 12.86494 17.39826 16.49113 14.11298 11.25505 7.319016 3.767573 5.601182 12.94287 18.31418 14.22123 8.710355 14.01709 19.58471 16.05715 13.47834 21.371 22.89766 21.00463 20.02241 21.04822 25.57299 26.26181 16.98851 7.636872 2.027988 4.162702 5.423029 4.273359 5.628754 6.907071 12.43001 24.2422 23.45144 13.74011 9.890635 8.739203 7.895443 9.610763 15.58933 11.83418 8.764451 10.5146 14.63859 14.88878 13.41186 12.7749 9.185707 6.280951
12.91863 12.68038 9.216291 11.2977 14.21836 21.1837 27.06968 25.58201 18.14799 18.91766 24.10308 22.54556 17.78032 20.6629 17.65128 8.998506 8.75324 10.70611 11.44559 16.40435 18.44241 16.76735 12.72844 10.90944 14.04331 17.70637 11.9847 12.52596 20.68572 20.6893 18.31418 17.05716 20.46845 23.3747 23.89611 21.34992 19.52586 17.9187 15.09328 13.29905 12.63565 10.58153 4.74065 5.071415 21.6759 22.63297 10.11248 9.280431 11.63011 6.654425 3.874657 12.14787 10.84287 9.851795 7.941436 9.426764 12.44555 13.07322 10.11489 7.504494 7.400656
12.96204 15.47415 9.874009 9.736777 11.90971 19.28104 24.53624 19.58195 10.69764 19.75088 25.42043 25.38549 22.76654 23.11993 17.22079 8.214711 6.533658 15.27986 15.79462 17.73085 19.16829 18.4236 15.84589 14.65679 14.95616 16.37253 8.828623 10.59942 18.65116 18.05421 17.67618 18.51381 18.36435 19.31984 20.67188 21.52575 22.0068 18.66467 12.77629 6.811392 4.685274 9.296307 7.254195 2.967794 20.83636 24.33198 13.99039 9.259984 6.169807 10.85622 8.357395 3.919874 8.485963 7.769275 6.594327 6.453133 8.459106 9.976358 10.79209 9.918276 8.713879
5.732436 11.78861 11.0019 2.537348 10.89893 21.39425 23.8625 16.25846 16.27765 20.41482 23.86605 27.37329 27.72058 23.48742 14.12124 15.09481 13.15422 7.829471 11.33806 18.24812 18.1778 14.11298 11.59346 12.74147 13.20076 11.71119 4.776794 8.936317 17.08577 17.87004 20.06065 18.15347 12.59779 18.3211 20.2962 16.56405 16.34653 19.07837 20.20655 15.90988 13.28487 10.84454 7.537291 3.881766 21.6677 24.82064 12.26063 9.375435 14.23966 13.74736 12.42404 6.334293 1.513712 3.093363 8.160525 11.13522 8.937003 6.590553 10.35438 13.22886 12.26986
5.887251 5.968341 10.41972 9.921342 12.51458 23.03496 22.56847 18.41375 21.62558 21.46063 24.43817 29.23017 29.48347 24.27526 17.62761 20.90724 17.93231 10.41274 9.764889 15.84985 6.864999 2.163712 3.769244 7.816839 8.482339 8.651641 9.427411 8.086919 15.58492 18.93842 19.28132 14.72425 11.48798 15.17971 17.64971 16.04012 21.61208 24.78576 23.48464 15.29712 10.42128 9.24773 6.806326 7.601256 22.28012 20.87564 12.84515 14.94263 13.13986 12.03292 14.40345 13.59981 11.3888 6.656294 7.579152 10.69764 12.98982 9.841905 9.166369 12.41639 13.45695
13.40485 13.39563 13.6901 12.08832 13.90067 22.63297 22.88922 24.56267 24.19994 22.17885 23.52225 23.851 21.77686 18.94418 19.67789 23.56298 23.27723 21.34722 21.22209 16.30588 6.755504 12.71167 15.02126 17.74026 18.46029 18.4257 17.20517 11.66611 9.817752 16.95405 17.93231 14.11422 9.353904 14.00708 21.66792 24.77016 27.57207 25.17328 20.74836 11.19952 2.734855 2.060965 1.459001 10.21403 19.01516 15.6231 11.79672 7.556262 2.703626 4.338687 8.536529 8.171844 8.631027 10.74442 11.39934 5.626795 9.667688 13.82468 13.90446 12.7749 13.20076
13.511 12.95382 8.774948 9.52661 10.66595 20.32351 23.94795 24.36158 22.41626 20.35811 15.38484 10.42263 11.03635 10.71514 16.85651 23.53314 24.59165 24.13187 26.68521 21.45892 7.721404 13.81155 15.00588 19.32405 20.65982 20.62359 20.05771 15.36541 4.05246 12.14934 15.26291 12.00262 11.16652 18.28646 24.33076 26.5362 26.41957 20.53096 15.05005 7.255105 0.1126276 1.581284 7.566959 12.1701 11.3661 9.173709 7.015314 11.10815 10.45686 8.611787 9.787315 11.98171 12.28004 12.76608 13.16722 13.15063 14.28744 19.33302 22.23015 19.36105 16.60734
13.89267 14.52957 7.186552 10.90502 8.341914 15.49638 19.05409 19.23057 17.82276 12.3881 8.015679 15.49638 6.101709 7.360375 13.46918 16.86319 20.47183 21.17577 23.75368 22.06264 9.160359 17.73336 18.30696 19.7803 21.9061 23.02703 25.09527 23.94005 12.21537 9.664535 12.14394 10.23954 13.07367 20.06065 23.6712 25.56228 26.03104 22.17234 17.15267 8.683757 1.119635 4.019893 11.27872 12.55248 9.173709 8.820976 13.22441 16.91019 13.16677 13.21504 15.32496 17.35676 16.41299 18.68727 24.68304 29.71062 30.36142 30.44647 31.98184 30.12473 25.96458
13.47834 14.60249 7.43155 12.92824 11.05871 12.23389 13.63429 10.45686 9.622177 11.34812 15.96713 10.94862 9.413148 13.86611 10.97502 15.09022 19.5037 19.25907 20.11769 21.20501 12.38234 21.5541 23.37212 19.8747 20.35707 19.64498 23.53229 28.82822 21.56765 14.38769 7.610914 6.962017 13.28487 20.60506 23.97598 24.83736 22.60562 21.371 20.33918 14.12151 6.272356 7.045807 14.32073 11.70863 6.729689 5.90208 10.77585 17.0769 15.11656 14.66391 17.01066 19.80776 20.84272 25.83028 32.83355 34.02464 28.9639 25.94751 29.4602 33.87915 34.99976
9.732396 13.80519 11.94477 15.46042 12.54444 8.921901 9.044678 13.30215 16.19123 10.94036 8.947285 8.243157 16.79152 10.76704 14.39482 18.0444 17.56428 16.93114 18.82501 20.74784 9.3441 20.79192 23.76798 14.94689 15.99744 11.54995 15.3755 24.05566 23.42719 17.72176 8.270756 3.016961 12.74007 19.87713 25.18752 25.9249 19.37224 16.87687 16.37669 16.99674 12.82815 6.164651 14.4338 7.958515 6.946839 9.475217 13.40485 23.22229 23.27615 14.1958 16.1293 20.74555 22.51214 28.8219 33.55789 22.76789 7.000256 8.654481 7.112817 12.3708 25.23518
5.082075 14.6469 19.07267 17.97429 12.15522 6.744453 7.951532 16.71073 18.15073 16.04864 17.15459 15.75984 10.9113 5.03126 15.25277 17.86569 15.67249 12.13608 14.54315 19.31085 6.503103 19.88767 23.93755 9.918276 12.54254 11.84075 12.516 16.73502 18.69577 18.46744 16.02413 9.577706 10.50135 19.29286 26.56594 24.9563 17.36546 16.08125 16.63046 19.94914 18.73294 2.716024 15.53802 16.69309 14.58141 13.03159 14.06783 27.80607 29.94766 13.8872 9.555387 14.20524 16.11977 23.76062 26.9378 11.13522 17.85668 19.83408 21.69553 21.41966 12.61615
7.317323 11.24496 12.6457 11.12278 5.562273 2.071297 6.739843 10.39644 12.79528 12.92229 12.91359 8.774948 5.471568 12.52059 15.21884 17.08971 15.51302 12.77072 14.07363 16.25112 3.939092 18.60699 22.91896 11.56706 7.264627 13.44952 14.76392 15.19866 16.60734 17.34613 22.99882 23.43084 12.76748 15.7881 23.15601 22.94754 22.17513 21.80951 19.55131 22.91652 21.27246 10.72312 5.16154 14.14389 15.67031 14.75251 19.27935 30.63724 30.92525 15.4117 5.636786 9.827669 16.39917 24.51479 27.21088 4.800377 23.59807 27.87316 21.94108 26.55692 30.07592
6.791126 7.498919 3.587567 1.010019 7.107743 13.55591 14.6005 10.59771 6.944157 4.015031 3.372287 9.874009 15.28325 13.7984 12.95884 14.97352 14.1423 14.10677 15.05004 11.76371 1.006481 15.37625 20.9196 14.94727 5.618012 8.361842 13.53083 15.92027 17.55666 19.05552 22.92251 24.23122 13.82638 6.876752 19.7173 25.2827 24.37778 21.07596 21.24902 22.96701 20.97073 20.64357 15.74304 4.607295 4.385077 11.00305 23.50348 31.78623 29.25722 18.79856 10.15802 7.973233 13.63429 21.83805 29.55487 21.2426 22.72124 30.1569 24.92581 15.91884 27.65105
4.070024 4.005498 0.3353946 7.916422 14.94911 14.86249 8.453287 4.858824 8.111279 11.0216 9.046032 8.652351 19.69323 14.21303 10.46322 11.92976 12.44221 12.90764 14.1295 9.570698 6.465662 9.131585 17.92582 18.98876 11.54916 3.131866 5.541066 14.32934 19.85359 21.39645 18.06769 24.40891 19.27935 5.123823 8.21921 17.34516 20.16948 19.95076 21.84731 23.20661 25.27198 26.79282 25.80019 20.71653 12.99688 1.965937 23.37426 31.55158 27.56525 20.56199 13.25068 7.776429 7.932104 14.88684 27.64956 30.68208 27.32879 23.23381 25.94897 17.26497 17.34613
4.776927 5.365163 2.470558 9.895841 12.07175 6.13738 6.80409 6.893893 10.70611 12.50271 13.82849 14.19826 17.80186 14.19908 6.41539 8.658029 13.52708 14.08814 15.09939 12.44746 9.732396 6.519354 8.699069 18.78516 16.31736 12.46758 8.97512 5.679868 17.68059 21.50148 23.80409 29.08286 26.37169 15.8004 3.835471 11.16113 17.91777 17.01198 20.45831 24.0934 25.51331 26.32366 25.53216 23.00058 20.14919 7.757782 21.46392 31.625 28.96008 24.14953 16.13882 7.750961 3.554247 10.13947 21.60629 31.21592 30.26096 21.41014 20.70364 20.83232 9.729892
