CHESS/lxh_sk/geo/lxh_sk.slope
ncols         392
nrows         434
xllcorner     775806.62903
yllcorner     2617280.34204
cellsize      90
NODATA_value  -9999
[rows 0 to 26 of 434, columns 0 to 60 of 392]
9.410552 7.081347 5.64122 9.283066 6.744453 3.431574 3.958215 6.206079 5.474699 2.149056 4.776794 6.145503 0.2516444 3.817374 4.143017 2.923488 6.451202 6.781217 4.57134 5.042459 5.959969 4.228638 2.608531 1.964648 4.292083 3.947071 5.011288 4.089542 0.9680096 5.34515 5.321677 3.109633 3.321432 3.17983 5.542826 3.025315 5.686466 1.01275 5.716062 4.903792 1.687605 4.959734 3.598285 3.894101 5.331079 6.927145 5.848942 9.142303 10.12689 6.591496 2.113467 1.479897 3.529342 5.3883 5.868129 3.913447 2.923488 7.765297 3.500662 7.326631 3.418694
11.1471 13.48139 10.69482 13.85556 11.11465 9.039259 9.932983 7.309698 7.419693 3.499438 4.339093 8.380926 2.819079 3.351964 4.690843 3.972496 5.636786 5.391784 6.890288 8.608932 9.481014 6.28591 4.16874 1.440905 3.306213 3.336582 6.876752 7.168408 1.935467 6.767455 6.795865 4.766275 3.98988 3.843668 6.118042 6.022468 8.16279 4.143017 6.703771 5.747676 3.044025 3.939092 4.560338 8.398529 9.046032 4.583685 7.608476 13.24789 11.12533 5.173951 1.80004 1.964648 3.77592 5.972522 8.031824 6.10886 3.659039 9.79167 1.282934 8.617493 4.560338
8.767251 10.25789 7.317323 11.89917 11.4125 10.6478 10.79209 8.626043 6.173808 3.715403 2.92461 7.214107 3.739191 1.282934 3.530627 4.674545 3.49165 5.64565 5.632348 5.414946 8.207208 6.781217 3.827256 4.63002 7.226986 6.962909 7.977102 9.142303 2.970595 5.524743 6.047281 4.870428 1.845148 3.070849 3.98988 3.820671 4.194303 1.967864 4.374746 4.386221 3.511445 1.599072 8.063246 11.0538 5.120153 5.172596 9.786084 5.929498 1.440905 7.788068 9.802857 7.010888 3.19763 5.828619 8.306416 5.58889 4.776794 8.204955 0.6845187 5.789911 5.794225
8.51634 8.435805 8.177876 11.13197 10.55137 7.721404 7.973233 8.468553 6.927109 3.094789 2.933228 4.737224 2.819079 4.29785 4.950801 5.759621 5.520213 5.712781 4.674545 6.926249 7.667577 3.970912 5.951584 6.184947 6.625386 6.328389 6.375463 8.015679 2.951416 4.717312 4.386221 4.736642 2.810468 2.13726 2.815987 2.662445 5.579777 6.344769 5.307541 4.04979 2.47673 6.292766 8.281918 1.354903 7.281158 10.24043 3.04386 8.701512 16.48053 16.54068 12.02696 8.400463 1.213369 5.869491 8.977372 4.674545 6.661898 5.452944 4.847192 5.60899 3.413158
6.317551 6.986941 6.736152 8.108238 6.659097 8.876429 9.732396 8.220708 8.250627 3.815725 2.986484 1.845354 4.197599 5.016289 5.984006 4.340135 1.462696 4.560338 9.171708 8.198195 4.796455 3.044025 6.068907 5.60899 4.010327 3.777587 2.274775 6.990494 2.307869 4.510491 4.532714 6.216578 2.476882 1.51363 3.637495 2.07288 1.814599 2.626337 3.715403 2.587921 3.720484 6.199728 2.701289 7.033868 7.612669 2.77639 9.080155 16.10461 13.40572 5.969387 11.68662 7.307359 1.242845 5.229939 10.75172 5.578812 8.789621 4.550689 6.792206 6.908293 5.419567
2.527371 3.86164 5.944238 8.932887 9.083188 11.00902 8.947285 5.11158 7.444868 4.144535 2.595378 3.33847 5.500895 2.919168 6.65536 4.228638 5.173708 8.820976 6.795865 3.827256 3.706918 6.070962 5.332253 6.277974 3.418694 4.228638 3.05437 7.667577 3.068794 6.514578 6.058619 5.45205 2.239782 2.51384 3.898365 3.615228 7.086604 7.608558 8.080053 6.24409 3.36705 1.530339 4.877969 3.388956 4.516169 12.91579 15.97694 11.56395 2.81123 14.74835 10.19285 2.682525 5.723252 3.826138 10.92933 6.26605 8.246146 5.006282 6.389126 4.787291 3.767573
2.820198 4.950877 6.92555 11.47558 9.925474 5.207497 3.814075 8.168828 8.031824 4.550689 3.680766 5.087892 1.609876 5.515679 8.032592 7.85703 7.386416 4.305242 2.672668 2.674557 4.962944 8.828623 7.36374 7.393958 3.619231 6.507887 6.87133 7.279115 3.1238 7.303762 8.031824 5.90208 2.682525 3.117736 4.935657 5.989218 6.26605 3.05437 5.520213 4.013966 3.304802 3.590224 0.961448 6.079198 13.82638 14.7886 8.28043 3.438912 11.22938 8.292469 5.026275 11.08203 10.50077 5.930571 7.180509 8.747628 4.393377 5.020036 7.076088 3.308119 1.622634
4.607512 5.500668 3.695656 4.143017 4.470461 4.982434 8.388266 7.120662 4.450209 7.526726 6.133314 1.912462 5.164013 8.374315 8.391932 8.406584 5.170367 1.961309 1.742279 0.2486567 5.765347 10.57027 7.913406 9.298858 3.88115 7.04709 6.389126 4.157714 1.600654 4.722417 9.040614 9.406657 7.364582 7.522614 8.692008 7.566082 2.274775 6.922662 7.296971 4.715105 2.051483 0.5624569 4.380775 11.81744 14.71795 6.781217 7.332548 12.59296 7.084519 4.638147 11.85564 12.43498 11.9852 12.33034 1.440905 7.781195 2.404408 4.060214 7.920423 5.322853 1.814039
2.150644 1.530339 2.866592 0.2496362 3.444152 6.792573 10.45686 9.087906 11.19558 11.78607 12.26112 5.679868 7.712594 9.093967 6.133314 5.159159 2.649418 0.3214903 0.9610537 1.507015 7.966157 10.66539 3.98988 9.298858 6.864999 7.387254 5.937934 2.318632 2.149056 5.139328 10.55595 13.9498 12.00113 9.371524 6.632893 6.365686 8.350764 6.767455 3.820671 1.990929 3.944042 7.725374 10.17712 13.1793 9.849323 3.631393 13.01572 9.573682 3.820671 9.909674 9.462322 9.374783 9.432591 15.77072 9.806583 2.434073 5.019138 6.787666 5.569838 5.052393 4.24644
6.962392 8.945738 7.635042 4.966762 1.351726 5.864832 7.015473 7.593113 5.62284 9.620681 10.44585 3.165916 8.592846 7.865671 3.354256 4.340135 4.54746 6.51376 7.043587 5.382724 9.24203 11.22938 3.975662 7.951532 8.256596 11.04399 9.488093 6.572573 5.571634 6.983191 5.316969 7.378026 5.502054 2.708292 5.231494 10.5215 8.770751 3.125818 2.404408 4.828393 10.98582 15.81315 16.0316 10.2348 1.814039 11.50051 11.57069 2.536253 11.11194 11.61872 10.9227 13.58383 12.34192 17.88028 14.88684 5.746676 2.232715 8.136412 7.892314 1.915765 5.260144
4.000904 2.701289 7.298619 6.560635 0.5593084 4.679701 2.988975 0.466735 7.521167 11.56416 6.671227 3.277484 7.640338 4.277414 0.7553989 3.277484 4.386221 7.526726 7.055011 6.520308 6.70006 8.314565 2.925646 2.404408 5.93478 10.98874 9.463613 8.833486 6.497357 3.016961 4.737224 9.702927 8.137836 8.130257 10.57199 9.910913 4.969836 1.354156 2.868132 8.68651 13.91118 14.45542 8.220708 6.23314 10.18249 11.33117 3.554247 8.876429 15.58492 15.02779 16.40746 17.67775 11.99466 17.98508 14.65679 8.76616 5.772233 3.510584 8.130257 6.900197 1.359565
2.820198 5.64565 8.607492 4.757632 1.755504 3.107929 2.341411 3.028194 7.295937 9.052367 5.759621 3.438912 5.231639 2.31771 0.6858396 1.016128 1.214831 4.210014 1.175106 4.727942 1.59114 5.759621 6.174858 3.529342 9.265265 10.25789 5.254188 5.316969 3.471741 4.180789 8.250627 8.344128 6.507887 7.892314 7.831837 4.221198 2.719923 1.129631 6.557426 11.67616 9.772994 6.027646 7.22012 11.87755 8.204955 5.848942 6.388151 16.15854 18.47934 16.45952 15.08908 11.03635 7.829471 17.89981 11.311 10.61139 11.79368 5.524743 4.796455 6.984275 5.427643
3.598285 4.863985 8.841843 3.791759 3.598005 3.500662 4.16874 6.181921 6.670294 8.514174 8.501889 6.767455 6.719336 3.057014 3.83475 3.802802 3.372287 4.045159 3.259003 4.527169 7.634442 8.347816 10.54391 12.71306 14.17196 9.142973 7.268891 4.616441 2.163712 7.152819 8.841815 6.271021 6.926249 7.152819 2.294138 4.92421 6.507887 3.74158 12.04945 12.93769 2.777344 6.465644 10.42477 4.670703 5.729165 8.828623 8.49031 18.01861 15.4359 7.957739 6.271021 1.03745 10.81388 12.80823 9.967212 12.00113 13.81155 7.537406 6.835979 12.19634 13.24712
5.11158 5.120153 9.083188 5.020036 5.11158 5.828619 6.165763 7.186552 5.836115 9.348677 10.52553 7.711792 10.50444 8.78609 7.826333 6.07686 6.163783 7.750883 6.23226 7.383061 10.91552 14.12744 14.79642 12.36503 7.407347 0.8570117 8.166564 4.130856 2.149056 8.306416 8.071654 4.648962 7.168408 6.85685 6.174858 8.071654 9.759897 5.447205 14.85729 9.338866 6.565961 8.258343 3.859097 5.478083 6.372532 9.211432 4.339324 15.81331 12.59685 11.36769 11.01941 2.46666 9.246106 7.723805 9.32839 8.171844 13.81663 7.210669 7.131108 11.47544 9.629145
3.165916 3.894101 7.010888 4.764959 4.488157 6.591496 7.522614 7.081347 6.099664 10.796 13.00073 3.66076 5.118929 8.456197 7.221837 5.459824 7.125016 7.319016 7.438212 10.19857 10.89395 9.827669 7.296971 0.2516444 7.698154 11.46393 12.84653 10.01892 8.359604 10.14905 9.955002 8.93592 8.829153 2.026743 7.920844 3.068794 9.371524 3.98988 13.80476 3.931096 8.687768 8.492874 2.465073 10.18996 3.529342 10.37489 1.714233 12.27668 13.11334 12.76608 14.57743 3.769244 5.206294 8.101392 6.818686 10.07336 10.5146 7.946098 6.190992 11.02597 9.921342
2.172458 3.913447 5.746568 3.63077 4.057828 5.569838 6.442761 7.575332 8.222013 10.55825 14.38122 10.07336 3.970912 3.372287 6.168796 4.764959 9.856736 9.525329 10.5048 10.45917 4.738549 1.423232 3.342245 6.944157 9.182376 9.689099 11.64503 11.13059 11.15807 9.841311 9.530453 7.718058 3.720418 3.79969 6.260499 5.172596 8.103889 5.959236 12.35541 1.757372 7.994872 6.616968 5.389137 9.916165 3.843668 11.20967 1.608226 6.304166 7.296971 11.05707 12.43839 6.635705 4.058664 3.511445 11.37455 10.59942 7.942213 8.296774 5.3205 11.53124 11.06252
3.489845 4.520227 3.680493 1.610896 5.500986 3.000184 3.220582 3.627923 4.057456 6.840521 11.69226 11.69891 6.349029 3.068794 3.28325 4.749131 8.141622 6.846876 7.050611 4.21076 4.620519 5.868129 5.452944 4.550689 7.207228 6.713965 8.540489 7.518915 6.436112 5.197002 5.921553 4.311429 3.800717 6.717875 2.483403 5.941656 4.492353 8.549395 10.83229 1.03745 7.316476 2.736123 9.152339 5.980876 9.217619 8.528419 3.090507 8.202119 12.86218 15.31633 9.822092 4.335789 7.692531 1.993401 11.13846 9.767384 7.125016 6.781217 3.093363 10.42263 10.22531
4.050908 3.866527 2.308636 7.745969 6.271021 3.473265 3.723867 4.441704 6.062654 9.864142 9.432591 7.224412 10.94036 9.617105 4.920388 5.149436 6.104775 7.317323 5.479269 3.86164 8.305675 4.616441 4.322724 4.019729 7.319016 9.573247 8.575897 4.487267 1.002466 1.102309 3.238272 4.081167 5.616654 6.053303 4.517448 8.136775 4.513666 9.409618 9.348677 3.101509 5.710593 4.827743 10.16041 4.060214 10.73485 6.799084 10.45892 12.10685 16.91519 18.76914 13.22352 8.823063 7.440709 0.961448 10.41041 6.97271 6.027646 5.716062 5.887251 10.10227 9.991583
3.016961 2.701289 6.117023 7.393958 0.7564034 1.237742 4.319991 3.958215 5.414946 8.640985 3.777587 7.607663 10.53357 9.989757 6.975381 6.770209 5.395265 6.173848 4.374746 5.11158 9.01551 4.959734 4.403377 5.695252 8.820976 10.88974 6.411182 1.058115 4.512227 7.538377 9.269185 9.748033 7.951532 7.092728 5.959969 10.12929 6.063395 7.752523 9.062753 2.260843 6.070962 7.946098 9.814651 7.050611 11.11303 12.08882 16.22383 18.68258 22.58117 19.49399 10.61139 8.198195 3.173875 7.080297 9.766648 4.380917 4.180789 4.87429 8.96576 11.22938 9.05077
2.73843 2.923488 6.044185 6.514578 2.141336 1.566459 3.517613 1.567104 4.393377 8.601079 8.875587 10.34773 7.987599 9.173709 7.159752 10.59028 10.96238 8.135563 2.307869 7.458161 9.361739 5.848942 5.404536 6.418302 8.930141 6.200535 4.456473 9.909148 11.1051 11.9832 12.10854 13.77886 12.8327 9.67966 5.977745 10.98161 7.325093 4.609636 9.258559 4.206278 5.488394 8.435805 11.12656 9.631678 14.20688 18.32501 21.41966 22.23663 20.43202 9.402761 6.781217 4.361799 4.340135 10.31296 6.788545 1.568556 4.228638 8.261816 9.069695 9.481014 5.569838
4.738549 4.737224 3.627923 4.624593 3.708617 3.767573 5.149047 5.873406 7.078246 9.486678 8.55714 5.012539 7.129665 9.035192 10.93374 13.02797 8.530766 3.244614 3.093363 7.994872 7.828682 5.633458 3.165916 4.03379 3.33847 7.026313 14.45012 16.54094 16.88221 16.40539 14.04955 12.38234 10.12029 5.525875 5.474699 9.304115 7.959756 8.854155 6.721185 7.120662 5.011288 6.864999 11.92174 11.96725 19.2317 26.46358 25.97815 19.11031 7.828682 5.139694 4.950877 3.90056 7.951532 12.43735 9.52948 5.081311 8.881264 11.06252 9.692244 7.49046 3.28325
4.722631 5.397584 4.315449 0.6845187 3.591276 3.90056 2.590261 0.6554192 0.7866034 1.912596 0.9082235 2.622632 4.684471 8.930141 13.82172 10.7652 8.086919 6.177886 1.158508 7.788337 6.900197 6.557426 4.335789 4.450209 10.2573 16.34098 18.84475 18.82501 20.52371 19.52586 13.85725 7.563628 7.207228 8.394865 6.133314 3.769244 12.84699 18.42659 16.83277 8.150701 4.1339 6.926249 13.64031 17.62982 22.89166 26.59509 20.51542 13.66652 7.904039 6.519354 5.159159 9.52661 11.92725 15.377 12.85206 11.02597 14.30373 12.72285 11.95527 11.69891 9.955002
3.21925 2.46666 4.050908 5.442608 2.149056 3.500662 3.424661 3.025109 3.86578 3.258499 4.156655 7.22012 6.328389 8.514174 12.14934 7.921203 7.440709 8.543726 2.708292 7.951532 5.724801 4.604185 7.609289 12.24946 14.22123 15.46858 17.78938 18.41405 16.64404 12.16748 14.34233 10.17951 9.2857 8.42997 4.931844 7.714196 13.58253 14.53876 15.34558 13.26667 2.489601 9.385203 17.69286 20.78454 18.67172 14.36544 7.835779 14.59573 8.854292 10.45454 10.61595 11.73672 11.27853 16.52096 11.59708 14.40224 18.06769 16.77273 16.5415 18.46476 19.72468
1.440905 0.356234 2.589384 3.604651 5.459824 3.17983 2.615784 3.037801 2.274775 1.06752 5.427643 6.736152 3.527557 5.082075 8.800086 6.62069 6.970038 8.286377 8.222956 11.23366 5.695252 2.209955 8.089969 11.44559 12.03292 13.39079 17.44795 15.30243 8.006438 10.94036 14.72936 10.7371 7.54315 8.710355 12.03887 10.14127 11.96974 7.895443 8.12343 11.81851 7.895443 12.73588 16.24588 19.44814 17.78032 11.64503 6.418302 11.1471 10.65688 13.01118 11.63217 9.832004 7.378026 15.84589 8.804269 14.95654 19.86956 22.14371 24.24326 25.25857 24.49351
1.563061 1.589869 2.372667 1.106764 4.170248 4.950877 2.708292 3.21925 3.603533 4.504919 4.87429 2.698951 5.765041 7.608476 10.328 8.930828 6.41539 5.90208 10.34032 12.15277 10.31391 11.14332 11.67842 11.08264 9.259984 11.4125 15.72824 8.93906 8.608932 15.84877 12.62555 8.087682 6.317551 11.11086 12.32214 11.2358 9.787315 0.711726 10.57828 5.3883 8.735691 12.57846 10.328 13.94016 17.01066 13.29816 1.479897 8.186913 13.6459 14.4212 12.90168 10.02499 10.05163 16.1293 11.76015 18.40657 26.18868 26.6189 27.58288 23.16409 19.37364
3.571928 2.950347 3.484787 2.819079 3.402061 5.322853 6.996708 7.804185 5.969387 1.885825 3.026816 5.576481 4.713481 4.980371 9.385203 8.398529 5.167651 6.58772 10.14905 7.439877 5.3346 7.78913 11.97722 16.00278 15.05349 12.48179 15.10741 6.965583 12.46464 15.89732 8.032592 11.1498 14.68327 15.136 12.67805 9.136946 3.167908 4.517448 6.174858 7.453179 9.965382 9.662642 7.397308 8.117357 12.96386 13.11289 8.398529 8.936317 13.65793 15.47081 15.56284 14.03708 16.59508 21.54029 18.82036 22.22621 31.15404 26.18434 20.50817 15.34857 21.35507
3.603533 4.962261 6.034887 4.685274 5.387139 5.012539 5.479269 3.646971 1.935467 4.749131 4.701402 2.991721 3.516611 9.727362 9.298858 3.686476 6.671227 9.769877 8.938005 2.966898 5.090428 8.640985 10.72416 11.42197 13.47834 14.88062 17.98138 8.130257 14.30291 13.32028 9.901086 11.77236 13.15198 11.96974 11.12115 7.682882 4.493751 10.19381 17.21689 17.05716 10.33035 7.819999 5.428795 5.58889 11.28546 13.37761 11.8574 13.02207 15.51007 15.96713 19.18303 19.39237 21.89663 25.04352 22.9637 22.69742 30.97811 18.9767 11.89917 23.27615 18.69196
