CHESS/lxh_sk/geo/lxh_sk.dem
ncols         392         
nrows         434         
xllcorner     775806.62903  
yllcorner     2617280.34204 
cellsize      90.00000    
NODATA_value  -9999.00000 
[rows 224 to 255 of 434, columns 142 to 212 of 392]
226.00 225.00 203.00 205.00 212.00 200.00 198.01 204.00 219.00 230.00 229.00 235.00 237.00 241.00 245.00 261.00 273.00 291.00 312.00 324.00 325.00 325.00 302.00 281.00 269.00 268.00 256.00 230.01 230.01 237.00 244.00 251.00 260.00 274.00 278.00 283.00 286.00 279.00 272.00 259.00 255.00 264.00 259.00 244.00 228.25 228.25 228.25 228.25 228.25 228.25 228.25 228.25 228.26 230.00 230.00 232.00 234.00 248.00 248.00 238.00 245.00 240.00 233.00 231.01 231.00 230.00 245.00 241.00 240.00 244.00 254.00
252.00 242.00 216.00 209.00 218.00 209.00 198.02 202.00 219.00 227.00 215.00 224.00 243.00 250.00 255.00 268.00 270.00 280.00 298.00 318.00 329.00 322.00 295.00 268.00 254.00 251.00 250.00 231.00 230.00 245.00 249.00 261.00 273.00 285.00 296.00 291.00 278.00 269.00 264.00 256.00 264.00 251.00 242.00 235.00 228.24 228.24 228.24 228.24 228.24 228.24 228.24 228.25 229.00 234.00 233.00 238.00 237.00 234.01 247.00 246.00 238.01 238.00 236.00 237.00 243.00 235.00 228.64 231.00 237.00 237.00 243.00
233.00 234.00 227.00 222.00 224.00 217.00 203.00 198.03 208.00 208.01 208.02 221.00 243.00 247.00 261.00 263.00 261.00 275.00 291.00 305.00 316.00 308.00 286.00 261.00 241.00 235.00 234.00 223.01 234.00 246.00 259.00 283.00 302.00 319.00 323.00 306.00 285.00 271.00 263.00 262.00 253.00 254.00 255.00 246.00 228.23 228.23 228.23 228.23 228.23 228.23 228.24 232.00 240.00 243.00 242.00 242.00 246.00 237.00 241.00 248.00 243.00 241.00 237.00 243.00 254.00 240.00 228.64 228.63 235.00 230.00 229.00
219.00 227.00 231.00 234.00 228.00 216.00 211.00 215.00 217.00 208.01 208.02 209.00 218.00 225.00 245.00 248.00 254.00 267.00 284.00 293.00 307.00 307.00 286.00 261.00 249.00 248.00 242.00 223.00 226.00 239.00 267.00 305.00 337.00 352.00 354.00 338.00 308.00 284.00 268.00 256.00 244.00 255.00 257.00 253.00 228.22 228.22 228.22 228.22 228.22 228.23 230.00 239.00 250.00 260.00 268.00 263.00 261.00 253.00 250.00 245.00 254.00 257.00 242.00 247.00 255.00 235.00 228.64 228.63 228.62 228.61 228.60
204.00 207.00 215.00 230.00 234.00 230.00 228.00 237.00 234.00 229.00 222.00 215.00 211.00 211.01 232.00 242.00 248.00 258.00 269.00 285.00 306.00 307.00 288.00 273.00 273.00 276.00 266.00 241.00 220.02 223.00 237.00 287.00 317.00 332.00 345.00 348.00 324.00 297.00 275.00 257.00 240.00 231.00 229.00 228.21 228.21 228.21 228.21 228.21 232.00 242.00 252.00 262.00 280.00 285.00 295.00 289.00 279.00 279.00 264.00 259.00 267.00 259.00 246.00 259.00 267.00 243.00 249.00 244.00 228.62 228.61 228.60
198.00 195.18 205.00 217.00 213.00 228.00 239.00 248.00 249.00 243.00 236.00 237.00 227.00 215.00 234.00 237.00 243.00 254.00 263.00 286.00 311.00 319.00 308.00 304.00 302.00 298.00 287.00 273.00 244.00 220.01 220.01 268.00 282.00 286.00 309.00 321.00 317.00 319.00 307.00 275.00 248.00 235.00 228.21 228.20 228.20 228.20 228.20 228.20 232.00 261.00 285.00 304.00 320.00 329.00 327.00 325.00 312.00 312.00 300.00 288.00 271.00 265.00 253.00 264.00 271.00 257.00 264.00 246.00 233.00 236.00 238.00
195.17 195.17 199.00 197.00 195.18 217.00 234.00 245.00 258.00 245.00 247.00 255.00 243.00 233.00 238.00 234.01 234.02 244.00 264.00 286.00 320.00 344.00 346.00 344.00 328.00 303.00 288.00 283.00 256.00 229.00 220.00 263.00 252.00 254.00 272.00 287.00 306.00 335.00 335.00 294.00 277.00 270.00 253.00 232.00 228.19 228.19 228.19 228.19 239.00 285.00 324.00 350.00 372.00 382.00 383.00 371.00 344.00 346.00 339.00 303.00 281.00 279.00 270.00 269.00 270.00 264.00 260.00 255.00 250.00 260.00 251.00
195.16 195.16 195.16 195.17 203.00 222.00 240.00 258.00 266.00 258.00 267.00 281.00 262.00 250.00 262.00 249.00 241.00 252.00 267.00 294.00 335.00 361.00 377.00 367.00 336.00 303.00 281.00 267.00 237.00 219.00 220.00 243.00 233.00 250.00 262.00 275.00 299.00 332.00 348.00 325.00 322.00 308.00 279.00 254.00 228.18 228.18 228.18 228.18 249.00 285.00 330.00 356.00 390.00 425.00 421.00 393.00 371.00 377.00 357.00 327.00 308.00 306.00 290.00 290.00 278.00 276.00 279.00 276.00 276.00 281.00 265.00
195.15 195.15 201.00 210.00 220.00 233.00 250.00 275.00 278.00 284.00 291.00 296.00 280.00 283.00 290.00 271.00 267.00 274.00 290.00 326.00 351.00 382.00 397.00 370.00 340.00 316.00 296.00 267.00 240.00 216.00 211.00 208.00 214.00 234.00 255.00 279.00 304.00 348.00 379.00 370.00 348.00 325.00 302.00 273.00 238.00 228.17 228.17 228.17 237.00 255.00 327.00 358.00 393.00 417.00 430.00 428.00 418.00 394.00 377.00 368.00 355.00 337.00 315.00 303.00 295.00 304.00 307.00 302.00 300.00 286.00 253.00
195.14 203.00 221.00 222.00 224.00 239.00 259.00 282.00 302.00 313.00 322.00 324.00 318.00 318.00 319.00 303.00 293.00 299.00 317.00 340.00 363.00 396.00 398.00 363.00 333.00 310.00 291.00 264.00 246.00 222.00 201.07 201.07 201.07 225.00 249.00 277.00 319.00 373.00 400.00 379.00 343.00 318.00 298.00 283.00 249.00 228.16 228.16 228.16 228.16 278.00 340.00 362.00 357.00 367.00 411.00 439.00 438.00 411.00 401.00 387.00 377.00 362.00 351.00 315.00 321.00 343.00 343.00 324.00 300.00 274.00 243.00
195.13 195.13 199.00 201.00 212.00 237.00 266.00 299.00 332.00 357.00 371.00 377.00 359.00 345.00 324.00 322.00 303.00 308.00 319.00 330.00 354.00 389.00 386.00 353.00 321.00 294.00 274.00 259.00 244.00 219.00 201.06 201.06 201.06 216.00 239.00 266.00 336.00 396.00 402.00 360.00 325.00 305.00 281.00 266.00 249.00 228.15 228.15 228.15 244.00 292.00 308.00 321.00 307.00 315.00 392.00 428.00 450.00 428.00 389.00 360.00 346.00 361.00 363.00 342.00 346.00 359.00 342.00 313.00 282.00 256.00 238.00
195.12 197.00 203.00 208.00 226.00 247.00 278.00 314.00 351.00 399.00 420.00 405.00 377.00 344.00 316.00 308.00 294.00 297.00 303.00 304.00 332.00 381.00 395.00 384.00 355.00 326.00 302.00 285.00 256.00 221.00 201.05 201.05 201.06 209.00 233.00 271.00 345.00 389.00 399.00 372.00 348.00 319.00 279.00 248.00 234.00 228.14 228.14 228.15 273.00 282.00 265.00 273.00 281.00 301.00 344.00 416.00 454.00 437.00 388.00 349.00 331.00 330.00 336.00 346.00 343.00 342.00 327.00 301.00 276.00 258.00 256.00
195.11 203.00 214.00 226.00 243.00 262.00 296.00 328.00 371.00 421.00 412.00 386.00 362.00 340.00 322.00 294.00 274.00 279.00 279.00 285.00 310.00 351.00 375.00 387.00 377.00 361.00 337.00 293.00 240.00 201.04 201.04 216.00 218.00 228.00 235.00 260.00 324.00 362.00 378.00 364.00 347.00 323.00 285.00 260.00 247.00 228.13 228.14 228.15 250.00 244.00 241.00 261.00 286.00 324.00 356.00 398.00 413.00 404.00 385.00 353.00 314.00 303.00 303.00 302.00 296.00 323.00 339.00 326.00 295.00 288.00 289.00
195.10 203.00 222.00 236.00 251.00 265.00 297.00 334.00 376.00 394.00 377.00 360.00 343.00 328.00 309.00 279.00 262.00 259.00 255.00 278.00 313.00 318.00 336.00 351.00 354.00 348.00 313.00 267.00 219.00 201.03 216.00 258.00 262.00 237.00 228.01 243.00 291.00 333.00 349.00 333.00 311.00 300.00 277.00 251.00 228.12 228.13 228.14 228.15 228.16 228.17 250.00 286.00 320.00 355.00 372.00 377.00 368.00 376.00 374.00 340.00 303.00 286.00 268.00 253.00 274.00 324.00 365.00 354.00 324.00 327.00 322.00
196.00 211.00 231.00 242.00 250.00 264.00 294.00 336.00 360.00 349.00 343.00 339.00 339.00 332.00 318.00 292.00 259.00 229.01 248.00 280.00 285.00 293.00 325.00 319.00 314.00 321.00 288.00 246.00 208.00 201.02 228.00 290.00 284.00 234.00 228.02 229.00 252.00 287.00 313.00 297.00 278.00 263.00 239.00 228.11 228.12 228.13 228.14 228.15 228.16 228.17 265.00 298.00 329.00 352.00 354.00 347.00 332.00 345.00 357.00 340.00 309.00 264.00 236.00 235.00 285.00 341.00 381.00 380.00 368.00 368.00 346.00
203.00 223.00 249.00 262.00 257.00 278.00 313.00 339.00 334.00 318.00 312.00 325.00 344.00 346.00 331.00 290.00 245.00 229.00 255.00 255.00 252.00 297.00 310.00 291.00 300.00 318.00 292.00 251.00 211.00 201.01 236.00 297.00 289.00 253.00 228.03 228.03 228.04 243.00 258.00 253.00 239.00 228.09 228.10 228.11 228.12 228.13 228.14 228.15 228.16 228.17 254.00 283.00 309.00 315.00 310.00 301.00 293.00 316.00 325.00 314.00 296.00 262.00 234.00 249.00 316.00 364.00 395.00 407.00 399.00 376.00 337.00
219.00 236.00 249.00 269.00 289.00 307.00 311.00 309.00 303.00 286.00 280.00 290.00 306.00 301.00 315.00 280.00 231.00 223.00 233.00 221.00 250.00 279.00 274.00 260.00 281.00 300.00 270.00 225.00 201.00 201.01 245.00 303.00 310.00 276.00 228.04 228.04 228.04 228.05 228.06 228.07 228.08 228.09 228.10 228.11 228.12 246.00 238.00 228.15 228.16 228.17 228.18 255.00 259.00 280.00 261.00 256.00 283.00 320.00 312.00 271.00 244.00 228.30 228.30 246.00 299.00 355.00 352.00 376.00 392.00 366.00 332.00
204.00 210.00 233.00 273.00 303.00 300.00 287.00 287.00 289.00 268.00 251.00 267.00 272.00 264.00 284.00 276.00 241.00 213.00 195.13 211.00 239.00 239.00 232.00 223.00 244.00 250.00 228.00 199.01 206.00 246.00 276.00 313.00 335.00 301.00 255.00 228.05 228.05 228.05 228.06 228.07 228.08 228.09 233.00 235.00 240.00 272.00 297.00 296.00 288.00 255.00 228.18 228.19 229.00 240.00 229.00 236.00 281.00 327.00 300.00 249.00 228.29 228.29 228.30 228.31 278.00 340.00 334.00 357.00 363.00 331.00 310.00
195.05 201.00 229.00 267.00 286.00 274.00 264.00 268.00 271.00 274.00 255.00 244.00 245.00 231.00 244.00 258.00 242.00 205.00 195.12 200.00 204.00 204.00 199.00 200.00 205.00 205.00 201.00 199.00 236.00 279.00 304.00 338.00 366.00 345.00 306.00 277.00 238.00 228.06 228.06 230.00 237.00 262.00 274.00 271.00 274.00 304.00 350.00 362.00 327.00 297.00 248.00 228.19 228.20 228.21 228.22 228.23 242.00 267.00 273.00 232.00 228.28 228.29 228.30 228.31 261.00 303.00 319.00 348.00 325.00 299.00 277.00
195.04 195.04 218.00 243.00 242.00 236.00 240.00 247.00 260.00 277.00 249.00 221.00 214.00 210.00 207.00 218.00 207.00 195.11 195.12 196.00 196.01 196.02 196.03 196.04 196.05 196.06 196.07 198.00 241.00 272.00 299.00 337.00 369.00 380.00 340.00 304.00 276.00 253.00 249.00 260.00 270.00 298.00 311.00 320.00 325.00 355.00 389.00 376.00 317.00 271.00 228.20 228.20 228.20 228.21 228.22 228.23 228.24 228.25 242.00 228.27 228.28 228.29 233.00 228.31 242.00 260.00 267.00 300.00 274.00 250.00 249.00
195.03 202.00 210.00 213.00 200.00 205.00 208.00 212.00 229.00 241.00 227.00 198.00 195.06 195.07 195.08 195.09 195.10 198.00 222.00 206.00 196.01 196.02 196.03 196.04 196.05 196.06 196.07 196.08 201.00 248.00 301.00 341.00 383.00 403.00 360.00 328.00 314.00 297.00 284.00 282.00 297.00 323.00 351.00 368.00 370.00 396.00 406.00 352.00 289.00 240.00 228.21 228.21 228.21 228.21 228.22 228.23 228.24 228.25 228.26 228.27 228.28 242.00 281.00 251.00 228.32 240.00 233.00 241.00 228.36 228.37 228.38
204.00 204.00 199.00 194.00 190.03 191.00 195.00 195.01 196.00 201.00 198.00 195.05 195.06 204.00 195.08 195.09 195.10 222.00 227.00 203.00 216.00 225.00 221.00 221.00 207.00 196.06 196.07 196.08 198.00 277.00 324.00 353.00 385.00 396.00 389.00 377.00 361.00 334.00 331.00 315.00 330.00 363.00 394.00 403.00 396.00 416.00 405.00 336.00 277.00 244.00 228.22 228.22 228.22 228.22 228.22 228.23 228.24 228.25 228.26 228.27 242.00 295.00 315.00 281.00 242.00 228.33 228.34 228.35 228.36 228.37 228.38
195.01 195.00 190.02 190.02 190.03 194.00 207.00 205.00 195.02 195.03 195.04 196.00 217.00 219.00 199.00 196.00 195.10 222.00 238.00 225.00 258.00 250.00 232.00 232.00 223.00 219.00 216.00 204.00 207.00 248.00 315.00 338.00 344.00 365.00 399.00 413.00 399.00 388.00 385.00 371.00 389.00 419.00 440.00 432.00 428.00 431.00 387.00 319.00 281.00 274.00 247.00 228.23 228.23 228.23 251.00 260.00 246.00 244.00 230.00 245.00 294.00 339.00 353.00 309.00 279.00 260.00 228.34 228.35 239.00 228.37 228.38
195.00 195.00 190.01 190.02 190.03 203.00 222.00 234.00 235.00 215.00 212.00 229.00 250.00 238.00 218.00 199.00 206.00 256.00 265.00 246.00 263.00 253.00 245.00 256.00 255.00 248.00 232.00 212.00 218.00 245.00 289.00 296.00 316.00 367.00 417.00 457.00 458.00 453.00 443.00 437.00 449.00 473.00 473.00 471.00 467.00 430.00 369.00 312.00 293.00 293.00 246.00 228.24 231.00 257.00 292.00 296.00 284.00 273.00 265.00 292.00 333.00 368.00 375.00 334.00 321.00 310.00 280.00 254.00 270.00 262.00 251.00
201.00 190.00 194.00 190.02 190.03 191.00 208.00 240.00 250.00 248.00 256.00 264.00 255.00 248.00 233.00 202.00 225.00 265.00 287.00 280.00 272.00 286.00 286.00 275.00 275.00 250.00 235.00 214.00 212.01 235.00 262.00 276.00 305.00 376.00 443.00 477.00 507.00 510.00 485.00 489.00 510.00 511.00 504.00 504.00 468.00 407.00 356.00 321.00 311.00 289.00 249.00 237.00 245.00 283.00 324.00 324.00 307.00 306.00 301.00 332.00 361.00 393.00 404.00 379.00 363.00 342.00 308.00 279.00 289.00 264.00 249.00
192.00 189.18 191.00 192.00 190.03 190.04 208.00 230.00 242.00 262.00 284.00 285.00 260.00 247.00 225.00 208.00 233.00 273.00 324.00 328.00 320.00 319.00 308.00 296.00 289.00 265.00 244.00 223.00 220.00 226.00 245.00 269.00 301.00 359.00 436.00 499.00 532.00 533.00 531.00 543.00 552.00 545.00 544.00 517.00 453.00 393.00 360.00 347.00 331.00 298.00 268.00 255.00 261.00 299.00 341.00 336.00 329.00 349.00 347.00 366.00 392.00 427.00 443.00 425.00 391.00 350.00 316.00 294.00 279.00 250.00 228.43
189.17 189.17 189.18 195.00 196.00 202.00 222.00 241.00 259.00 284.00 294.00 280.00 251.00 230.00 213.00 221.00 242.00 279.00 328.00 353.00 349.00 339.00 336.00 316.00 311.00 292.00 261.00 243.00 261.00 277.00 281.00 278.00 290.00 327.00 401.00 487.00 534.00 559.00 567.00 583.00 592.00 586.00 575.00 520.00 450.00 404.00 394.00 390.00 356.00 315.00 283.00 281.00 289.00 313.00 354.00 355.00 355.00 384.00 398.00 413.00 432.00 445.00 439.00 411.00 374.00 341.00 317.00 289.00 266.00 231.00 228.43
189.16 189.17 197.00 212.00 214.00 224.00 247.00 257.00 283.00 300.00 294.00 266.00 242.00 218.00 218.00 240.00 254.00 285.00 324.00 369.00 363.00 362.00 364.00 343.00 337.00 326.00 289.00 269.00 300.00 335.00 328.00 298.00 288.00 312.00 371.00 446.00 507.00 564.00 579.00 601.00 633.00 623.00 581.00 521.00 466.00 439.00 423.00 395.00 361.00 332.00 311.00 323.00 312.00 329.00 375.00 394.00 393.00 410.00 437.00 463.00 461.00 430.00 401.00 367.00 335.00 310.00 277.00 253.00 243.00 228.44 242.00
189.16 198.00 216.00 228.00 246.00 256.00 275.00 272.00 295.00 308.00 298.00 263.00 235.00 222.00 235.00 260.00 278.00 300.00 347.00 384.00 379.00 378.00 384.00 377.00 385.00 374.00 332.00 313.00 333.00 365.00 361.00 333.00 314.00 326.00 361.00 406.00 461.00 533.00 587.00 626.00 648.00 635.00 576.00 521.00 479.00 447.00 409.00 376.00 363.00 368.00 365.00 358.00 336.00 341.00 391.00 426.00 430.00 447.00 472.00 482.00 456.00 409.00 367.00 330.00 297.00 273.00 258.00 243.00 233.00 235.00 262.00
196.00 217.00 229.00 251.00 286.00 292.00 299.00 303.00 314.00 306.00 288.00 261.00 237.00 231.00 257.00 291.00 318.00 350.00 390.00 406.00 414.00 409.00 413.00 431.00 433.00 404.00 356.00 329.00 348.00 381.00 388.00 369.00 356.00 359.00 370.00 401.00 440.00 501.00 583.00 640.00 651.00 616.00 549.00 508.00 471.00 429.00 394.00 387.00 399.00 408.00 407.00 393.00 372.00 368.00 409.00 444.00 469.00 485.00 493.00 470.00 428.00 389.00 348.00 313.00 297.00 294.00 296.00 283.00 243.00 230.02 230.01
204.00 239.00 261.00 286.00 322.00 321.00 325.00 341.00 340.00 314.00 294.00 279.00 262.00 253.00 266.00 289.00 321.00 353.00 411.00 431.00 457.00 463.00 456.00 471.00 463.00 421.00 376.00 374.00 384.00 408.00 424.00 399.00 391.00 386.00 384.00 412.00 442.00 502.00 581.00 636.00 647.00 607.00 538.00 489.00 458.00 434.00 421.00 432.00 446.00 446.00 431.00 425.00 424.00 417.00 439.00 474.00 498.00 506.00 496.00 458.00 419.00 383.00 340.00 326.00 335.00 342.00 338.00 310.00 255.00 230.02 230.01
246.00 282.00 303.00 323.00 343.00 340.00 352.00 370.00 371.00 353.00 333.00 308.00 298.00 289.00 272.00 285.00 312.00 340.00 390.00 435.00 476.00 486.00 493.00 497.00 479.00 448.00 411.00 413.00 433.00 459.00 461.00 435.00 418.00 412.00 423.00 441.00 462.00 508.00 567.00 616.00 642.00 640.00 578.00 522.00 484.00 461.00 457.00 465.00 480.00 474.00 455.00 471.00 467.00 449.00 469.00 493.00 508.00 524.00 510.00 480.00 440.00 396.00 357.00 364.00 378.00 376.00 357.00 306.00 251.00 230.02 230.02
