CHESS/lxh_sk/geo/lxh_sk.acc
ncols         392
nrows         434
xllcorner     775806.62903
yllcorner     2617280.34204
cellsize      90
NODATA_value  -9999
[rows 0 to 65 of 434, columns 288 to 383 of 392]
97 93 92 89 87 0 0 0 2 1 0 14 13 3 2 1 0 5 3 6 16 4 2 0 0 1 2 3 4 0 0 0 0 0 0 0 0 1 2 5 6 7 0 0 1 4 6 7 9 13 14 0 0 0 1 23 0 0 0 0 2 1 0 1 4 12 0 3 0 0 1882 11 10 9 8 6 4 3 0 0 0 94 1 0 0 16 0 9 8 2 0 2 37 2 1 0
1 0 1 0 3 81 74 57 1 0 15 1 0 8 7 1 0 0 2 5 1 1 0 0 0 0 0 1 0 7 0 0 1 3 1 0 0 0 1 0 1 2 12 0 0 0 0 0 0 1 1 19 0 0 0 1 17 15 12 7 0 0 0 0 0 6 0 0 1 7 1860 10 9 7 5 0 0 0 1 0 2 90 0 0 0 13 12 1 1 2 0 1 5 24 6 1
0 0 0 0 1 2 1 14 51 23 6 3 2 1 0 4 2 0 1 2 1 0 0 0 1 3 1 0 2 9 0 2 2 4 3 0 0 1 0 0 0 1 26 41 0 0 0 0 0 0 0 1 21 1 0 0 0 0 2 0 0 0 2 0 0 5 0 0 0 3 1848 1 0 0 0 4 2 0 0 0 3 85 63 61 58 57 1 0 0 0 1 0 4 15 0 3
0 0 0 0 0 1 0 0 12 26 5 4 3 2 1 0 0 0 0 0 0 0 0 0 1 2 7 10 15 10 0 4 3 0 10 0 0 1 5 0 1 2 20 0 43 46 1 1 0 0 0 1 80 110 111 2 0 0 0 0 0 0 0 6 0 0 1 0 0 1 1845 1 0 0 0 0 0 0 0 0 0 4 11 1 0 2 51 10 9 4 1 0 3 11 2 1
1 4 1 2 1 0 0 0 1 8 19 11 7 4 2 0 0 0 0 0 0 1 0 0 1 2 3 4 9 26 38 6 4 1 11 1 0 1 2 6 8 18 0 0 2 5 60 65 66 72 73 75 2 1 0 117 2 0 0 0 0 1 5 13 0 0 0 0 0 1 0 1839 0 61 3 0 0 2 1 0 0 2 4 3 0 1 38 0 1 1 1 0 2 7 2 1
51 42 39 29 19 17 11 0 0 7 3 2 2 1 0 0 1 1 2 0 1 3 0 0 0 0 1 3 0 1 5 47 60 14 2 0 0 1 0 3 4 2 0 0 1 2 1 1 1 0 0 0 0 0 0 1 161 164 1 0 0 1 0 1 17 0 0 2 0 1 0 1771 65 0 55 51 48 8 2 1 0 1 2 0 2 0 14 22 0 0 0 0 1 3 2 1
1 2 1 5 8 0 4 9 3 3 2 2 1 1 0 0 2 5 0 1 2 5 0 1 1 0 0 0 1 2 1 1 2 82 1 0 1 0 2 1 0 0 0 0 0 0 0 0 0 0 1 2 0 0 0 0 36 2 171 1 0 0 0 0 20 0 0 5 0 0 2 1769 1 0 0 1 0 38 2 1 0 0 0 0 1 1 1 9 20 1 0 0 0 0 1 1
2 0 1 0 4 7 3 3 4 2 2 1 1 0 0 0 4 7 0 2 9 0 1 2 2 0 1 0 0 0 0 0 2 5 91 1 2 0 4 3 0 0 0 0 0 0 0 0 0 1 3 5 4 0 1 35 0 0 2 178 0 1 1 1 22 0 0 0 7 9 1661 5 97 3 2 0 0 34 12 1 0 0 1 0 0 0 0 1 6 17 8 6 5 3 0 0
34 1 0 0 1 1 2 2 2 3 1 1 0 0 0 1 3 13 1 3 10 1 5 3 0 0 1 3 1 0 0 0 1 1 3 96 5 0 6 0 5 1 2 0 0 2 2 0 0 0 0 0 12 22 29 2 0 0 0 0 180 2 2 0 27 0 0 3 1631 1640 9 4 92 1 0 0 0 4 14 9 8 6 3 2 1 0 0 0 0 4 7 4 0 0 1 0
1 33 24 21 15 0 0 1 1 1 2 0 0 0 0 1 2 18 6 0 11 2 10 1 0 0 3 0 4 7 2 0 0 0 0 1 99 6 8 0 7 10 15 0 1 3 3 1 1 0 0 1 8 2 1 0 0 3 4 5 1475 1482 1486 1488 1517 0 0 1625 0 7 8 3 89 1 0 0 0 0 2 13 7 5 2 1 0 6 4 3 1 0 2 1 2 1 0 0
0 4 2 1 4 14 9 0 0 0 0 1 0 0 1 0 0 4 26 1 12 3 13 1 0 1 5 0 0 0 11 0 0 0 0 0 0 100 16 18 972 974 979 1000 1001 1008 4 2 2 1 0 3 1 1 0 0 1 0 1 2 1286 2 0 4 88 1611 1612 1623 2 3 7 2 75 10 4 2 0 0 1 1 2 0 1 0 7 0 0 0 0 0 0 0 0 0 0 0
1 1 1 1 0 3 3 7 3 2 1 0 0 0 1 2 1 2 35 2 13 4 14 3 0 0 8 0 2 1 12 0 1 1 1 1 3 929 941 947 4 0 3 2 0 2 1080 1084 1088 2 0 0 0 0 0 0 0 0 3 4 1277 1 1 0 82 2 8 0 1 2 6 1 74 4 1 0 1 0 0 0 0 1 0 8 1 1 1 0 0 0 0 0 0 0 3 1
105 0 0 0 0 0 1 2 2 1 0 0 0 1 3 2 3 0 1 42 14 5 19 3 0 1 9 0 4 15 0 0 1 2 2 2 820 1 10 4 0 2 2 1 0 0 61 0 1 1094 1095 1096 0 0 0 2 0 1 0 1274 1 0 0 0 80 1 6 0 0 1 5 0 73 1 0 2 7 5 3 2 1 0 0 9 4 0 2 1 2 1 1 0 0 1 0 5
100 3 2 1 0 1 0 0 1 0 0 0 1 1 0 5 9 4 0 0 45 41 5 0 0 0 12 1 5 0 16 1 1 2 808 810 5 0 9 0 2 1 1 0 0 1 60 0 2 14 17 22 1120 1122 1191 1197 1199 0 1265 3 2 0 0 1 77 0 0 4 0 0 3 0 0 70 21 17 5 4 3 1 0 0 1 10 5 1 3 2 10 4 1 0 1 2 0 0
97 1 0 0 5 2 1 0 0 0 0 2 6 0 2 0 1 15 0 0 0 95 0 0 0 0 14 0 8 0 1 19 785 787 10 0 3 0 5 2 1 0 0 0 1 2 57 0 7 2 1 3 0 66 0 3 7 1263 0 1 0 0 0 1 76 0 0 0 1 1 0 0 14 47 1 0 2 1 0 0 0 0 3 11 6 6 20 16 3 1 0 0 3 4 0 0
83 12 11 9 2 1 0 1 2 0 0 2 3 11 13 17 18 21 17 0 1 98 3 0 0 2 15 0 10 1 0 752 7 0 7 1 1 0 4 1 0 0 0 0 39 45 7 4 1 1 0 2 2 64 2 0 1 1 52 0 0 0 1 2 69 38 2 1 0 0 0 12 0 2 25 0 0 0 0 0 0 1 5 12 14 24 2 0 0 0 0 0 5 6 1 0
0 80 39 2 1 0 2 5 1 0 0 0 2 3 4 5 0 1 40 0 1 2 106 0 1 3 20 22 34 37 750 2 2 0 4 1 0 0 3 0 0 17 24 37 3 0 6 3 0 0 1 1 1 58 1 0 0 42 6 0 1 2 5 24 2 1 34 0 0 0 4 5 0 0 23 1 1 0 1 1 1 0 2 34 25 1 0 0 0 0 0 1 14 2 0 0
36 1 0 35 1 0 12 2 1 0 0 0 0 1 2 3 10 0 43 0 0 1 0 109 112 113 114 115 116 709 1 0 1 1 1 1 0 1 0 0 15 2 1 10 2 0 4 1 0 0 0 0 0 56 0 0 1 39 1 3 0 1 5 11 1 0 31 0 0 2 1 2 0 1 20 9 5 2 2 2 0 0 4 61 3 0 0 0 1 1 0 1 20 0 1 1
9 1 0 2 29 23 8 3 2 1 0 0 0 0 0 1 2 14 16 45 0 0 3 4 5 476 477 478 534 3 52 1 0 0 0 0 0 0 1 3 9 1 0 9 1 1 1 0 0 0 0 0 0 54 11 0 37 0 0 2 0 4 8 1 0 2 24 5 0 0 0 1 0 1 7 0 0 0 3 4 0 0 7 67 0 3 1 0 2 2 0 3 21 1 2 2
3 4 0 1 2 1 0 3 2 1 0 0 2 4 1 0 0 1 2 17 47 460 463 466 469 1 3 45 8 2 1 47 0 0 0 0 0 0 0 1 6 0 0 7 0 0 0 0 0 2 4 52 53 10 0 14 35 7 0 0 3 2 4 0 1 2 4 12 3 0 0 0 1 2 0 0 0 0 0 11 0 0 9 68 4 0 0 1 3 0 4 4 22 2 3 3
2 2 0 0 0 0 0 2 1 0 0 2 3 4 7 0 1 0 0 402 408 2 1 1 1 0 0 40 7 1 0 2 42 6 4 2 0 0 0 4 0 0 2 2 0 0 0 0 2 29 43 0 6 2 0 4 2 3 6 0 2 1 3 0 1 2 0 9 1 1 0 0 1 5 6 1 1 1 0 13 0 0 1 79 6 0 1 2 4 0 6 5 23 3 21 12
1 0 0 0 0 0 3 0 0 0 0 0 1 2 8 9 0 2 375 3 4 1 0 0 0 6 10 28 5 0 0 1 20 12 9 6 2 0 0 1 0 0 0 0 0 1 3 5 25 0 11 0 4 1 1 1 1 2 3 0 1 0 2 0 1 1 6 1 0 0 0 0 2 1 3 13 16 19 43 15 0 0 0 83 3139 3143 3146 3155 3161 1 9 6 31 58 1 0
0 0 0 0 1 2 5 1 1 1 0 0 0 0 1 9 11 368 1 1 0 3 0 0 5 1 0 27 3 0 0 11 2 4 1 1 2 0 0 0 0 0 0 7 10 12 15 18 0 8 1 0 2 0 0 0 0 1 1 0 0 0 0 0 0 0 2 0 0 1 2 0 0 0 0 1 2 21 0 61 3 0 0 3046 0 1 1 2 2 3166 3195 3198 3201 3203 3265 1
0 0 1 3 7 11 18 113 2 2 1 1 0 1 0 13 335 15 3 0 0 0 1 0 2 0 0 25 1 0 0 9 1 1 1 0 0 0 0 0 2 0 5 1 0 1 1 1 3 2 0 0 0 0 0 0 0 0 0 0 0 0 0 0 0 0 0 0 0 0 5 0 0 1 2 3 15 1 0 63 4 0 0 3044 0 0 0 1 1 0 17 1 1 0 6 3275
9 67 68 70 79 89 91 0 121 125 2 2 1 2 3 319 0 4 9 2 1 0 0 1 0 4 14 7 1 0 2 3 1 0 0 0 0 0 0 1 4 0 1 0 0 0 0 0 0 0 0 0 0 1 0 2 2 0 0 2 0 0 3 0 0 1 0 0 1 1 9 0 0 1 2 3 10 0 0 1 71 0 2998 42 0 0 0 0 0 0 15 0 0 4 0 2
2 52 0 1 5 8 0 0 1 1 128 135 138 283 287 26 1 0 3 8 1 0 0 0 2 5 2 4 1 0 1 1 0 0 0 1 0 0 1 3 8 0 0 0 0 0 0 0 0 0 0 1 1 3 1 8 1 0 0 4 0 1 7 0 1 1 3 0 1 4 11 0 0 1 2 3 5 0 0 1 2 2993 0 0 40 2 0 0 0 0 12 0 1 1 0 0
7 43 0 2 1 6 0 0 0 0 1 127 143 0 1 5 17 6 2 2 5 1 0 0 1 2 1 2 0 0 0 0 0 0 0 3 2 0 0 4 9 0 0 0 1 2 1 0 1 2 1 0 4 4 11 1 0 0 0 6 0 1 8 0 1 4 7 5 2 17 0 0 0 0 1 2 0 0 0 0 2909 0 6 15 19 14 10 6 3 0 3 6 0 0 1 3
2 42 0 0 0 4 0 0 0 0 1 124 0 13 0 1 2 9 2 1 1 2 0 0 0 0 0 0 0 0 0 0 0 1 1 5 4 0 1 15 0 0 1 2 0 5 2 0 1 2 5 1 5 17 2 0 0 1 0 1 7 3 9 0 1 0 1 10 17 40 1 1 0 0 0 1 4 0 2 0 2 2904 5 14 3 2 2 1 0 2 2 4 0 0 0 0
0 41 0 0 2 0 0 0 1 3 107 12 0 8 3 0 1 3 4 1 0 0 0 0 0 0 0 0 0 2 0 0 1 1 2 8 6 2 0 0 16 1 1 2 3 7 3 0 1 2 9 0 8 18 3 1 4 0 0 3 8 4 10 0 3 0 1 3 5 7 47 1 0 0 1 2 5 12 4 0 0 2903 4 13 5 0 1 1 0 1 1 2 0 0 1 0
2 35 0 0 1 0 0 2 46 47 54 0 10 0 6 2 0 2 2 0 0 0 0 0 1 2 1 1 1 3 1 0 1 2 2 12 13 2 0 0 1 17 2 2 3 12 4 0 1 4 13 0 1 45 14 7 1 0 0 2 13 0 16 0 5 0 0 0 0 0 57 1 0 0 1 0 0 19 0 0 2020 881 3 3 2 3 0 0 0 0 0 0 0 0 1 2
2 31 0 0 0 3 5 40 0 0 51 0 7 1 0 4 1 1 0 0 0 0 2 1 0 2 8 2 2 4 2 0 1 2 3 30 2 1 0 0 2 2 21 25 3 4 18 0 1 0 19 1 0 51 3 2 1 0 0 0 17 0 18 7 0 1 0 0 0 1 4 66 0 1 2 0 2 1988 2012 2015 2 880 0 2 2 1 1 0 0 0 0 0 0 0 0 3
27 0 0 0 0 1 31 1 0 48 0 0 3 2 0 2 0 0 0 0 11 13 18 2 1 0 0 10 6 8 0 0 3 3 0 40 1 0 0 0 0 5 6 7 38 5 0 19 1 4 27 57 53 0 0 0 0 0 0 1 19 0 2 29 0 3 0 0 1 0 0 0 68 71 75 76 1982 1 1 1 1 878 2 1 1 1 0 0 1 1 1 1 1 0 1 0
18 0 0 0 1 20 7 0 3 4 37 6 2 2 1 0 0 0 1 9 0 1 2 25 3 0 0 0 12 7 9 2 4 4 1 41 5 4 2 0 0 0 0 1 2 53 54 56 20 0 0 88 0 0 0 2 0 0 1 3 22 0 34 1 0 0 4 10 13 0 0 0 2 3 4 1903 0 0 0 0 0 874 1 0 0 0 0 0 3 2 0 4 2 0 1 172
14 0 0 2 17 5 0 0 1 3 29 3 2 1 1 0 0 3 5 0 0 0 1 2 33 1 0 0 0 13 8 13 5 7 0 51 2 1 0 0 0 0 1 2 3 0 0 1 59 81 0 89 0 1 4 0 1 1 0 1 29 0 41 1 0 0 2 0 1 19 0 0 1 2 1886 10 3 2 0 0 1 871 1 0 0 0 0 0 6 3 0 1 5 3 163 3
1 0 4 9 2 2 1 0 2 12 5 5 2 1 0 0 1 0 0 0 0 1 0 1 41 1 0 0 1 1 14 24 20 9 55 2 1 0 0 1 1 0 1 0 0 0 0 1 2 3 86 91 1 2 0 6 4 0 0 0 31 44 0 1 0 0 0 0 0 20 0 1 2 1870 11 5 4 1 0 0 5 860 0 1 1 0 0 1 2 11 1 0 2 6 157 0
0 3 1 1 1 1 0 1 6 4 3 0 4 1 0 0 1 3 0 1 1 1 2 0 42 1 0 0 1 2 2 3 120 59 2 1 0 0 1 2 2 1 0 2 5 7 0 0 1 0 1 182 5 0 0 9 6 0 0 1 79 1 0 0 0 1 0 2 4 26 27 28 1694 171 10 4 0 1 0 0 3 858 2 2 1 0 1 0 1 6 21 24 29 107 40 6
1 0 0 0 0 0 0 0 4 3 0 1 2 0 0 0 0 0 5 7 10 2 5 9 44 3 0 0 1 5 0 0 125 2 1 0 0 1 2 3 3 2 1 0 0 0 8 1 2 2 0 0 191 0 0 0 11 9 0 0 1 84 0 1 1 2 1 2 3 4 1658 1661 2 170 4 1 2 0 0 0 0 0 853 13 12 4 1 0 0 1 1 3 65 10 1 30
0 0 0 0 0 0 0 0 2 1 0 0 0 0 0 0 0 1 2 3 4 16 27 30 41 49 1 0 3 0 7 0 128 2 1 0 0 3 3 4 4 3 2 1 0 1 10 0 0 6 0 0 1 193 1 0 0 22 1 0 1 2 89 92 95 1623 1627 1630 1633 1651 0 1 1 169 1 0 0 0 0 0 0 0 835 1 0 3 1 0 0 0 0 0 60 9 2 0
0 2 1 1 1 2 0 0 0 0 0 0 0 0 2 0 0 1 2 3 7 9 1 1 2 95 2 1 4 0 10 0 0 135 1 0 0 2 8 5 5 7 0 0 3 0 13 0 1 10 0 1 6 203 1 0 0 25 28 29 30 31 32 33 1522 0 2 1 1 16 1 0 0 168 162 0 1 0 0 2 9 11 817 1 0 0 0 0 0 0 0 1 56 1 3 1
1 4 2 2 2 4 1 0 0 0 0 0 1 2 4 0 0 0 1 2 0 0 0 1 2 3 107 114 120 0 11 0 0 137 0 0 0 1 14 6 6 9 0 0 5 0 1 15 0 12 1 0 0 0 207 209 210 211 212 213 1396 1397 1398 1478 7 0 1 0 0 12 0 0 3 0 155 4 1 0 0 2 3 0 0 815 1 0 2 0 0 1 3 7 26 20 0 2
1 9 6 0 3 7 1 1 1 0 0 1 3 8 1 0 0 1 0 1 2 3 0 0 1 3 2 0 2 124 138 0 3 138 0 1 0 0 1 22 7 10 1 1 10 13 14 34 35 52 0 0 1 2 3 4 5 6 1177 1179 1 0 76 0 0 6 0 0 8 1 0 0 1 0 1 152 2 0 0 1 2 3 807 4 1 0 3 2 0 0 0 1 5 19 19 0
1 0 18 0 0 12 4 2 1 0 0 1 6 9 3 0 1 2 0 1 2 3 4 0 0 0 0 0 0 2 65 205 209 215 356 2 1 0 0 26 8 13 0 0 1 0 0 0 0 60 0 0 0 1 1155 1158 1163 1167 1 0 0 20 7 45 1 0 4 0 2 3 0 0 0 1 2 148 0 0 0 0 2 5 796 0 0 0 0 7 1 1 0 0 3 0 18 17
1 3 19 1 1 13 8 2 1 0 0 1 9 14 0 1 2 3 0 0 1 2 7 5 1 0 0 0 1 0 60 2 0 0 1 448 451 1 0 27 23 1 0 0 1 0 0 1 5 2 65 68 0 1151 0 1 3 1 0 0 19 5 0 36 5 2 1 3 1 1 0 0 1 2 3 143 0 0 0 0 0 1 795 0 0 1 0 29 19 3 1 0 1 0 3 13
2 6 20 2 2 14 9 5 1 1 0 0 2 25 1 2 3 5 0 0 0 2 3 12 19 22 2 0 0 59 0 0 0 0 1 85 0 455 457 0 529 3 0 3 0 0 0 1 0 0 0 0 1145 3 0 0 2 0 0 18 1 2 0 12 21 1 0 0 2 0 0 0 0 0 1 137 1 1 0 0 1 7 4 780 48 46 43 11 0 10 8 2 1 0 2 8
1 3 28 3 0 18 16 2 2 1 0 0 1 29 5 0 4 7 1 0 0 0 2 3 7 8 35 37 56 0 0 0 0 1 81 0 0 2 14 475 1 532 538 5 1 0 0 0 1 0 0 1 1074 4 1 0 0 0 0 16 0 1 4 6 2 17 5 1 0 0 0 1 3 5 20 132 0 2 1 0 0 4 3 545 184 3 2 1 9 6 0 4 0 0 1 0
9 2 33 0 4 20 17 6 4 1 0 0 1 38 1 0 5 10 1 0 0 0 0 2 1 4 12 15 1 0 0 1 3 5 78 0 0 2 7 1 0 24 25 571 2 1 1 3 0 0 0 0 1065 0 3 1 0 0 0 12 1 0 3 5 1 6 3 2 0 0 0 1 2 13 0 1 107 8 4 1 0 1 2 544 172 6 1 0 0 1 5 0 2 1 0 0
0 11 3 35 0 26 33 7 1 0 0 1 3 44 1 0 6 13 0 1 1 0 0 0 1 1 4 1 0 0 1 3 4 63 5 0 0 0 6 0 21 1 0 9 586 592 598 611 613 1 3 983 79 0 0 0 1 0 0 7 1 0 2 4 0 2 2 2 1 0 4 6 8 0 0 1 56 40 38 0 0 0 0 543 171 3 2 1 0 0 0 3 2 1 0 0
0 0 13 18 56 121 2 1 0 0 0 4 50 0 0 0 9 14 3 2 0 1 0 0 0 2 0 0 0 1 3 0 48 7 0 4 0 0 4 1 18 0 0 6 3 1 0 7 1 616 972 5 2 77 0 7 3 1 0 4 1 0 1 1 1 1 1 1 0 1 0 0 0 0 0 51 1 0 35 0 0 1 3 542 6 163 3 2 1 0 0 2 1 0 1 1
1 0 1 2 3 127 0 0 0 0 1 58 1 0 0 0 1 40 12 4 2 2 0 0 0 0 0 0 0 1 2 38 7 0 6 1 0 1 1 0 16 0 0 4 2 0 1 4 0 0 354 1 0 1 75 16 7 1 0 1 1 0 0 0 0 0 0 0 0 0 1 2 0 2 47 1 0 0 34 0 0 0 1 537 5 158 0 0 3 1 3 0 0 0 8 3
2 0 0 0 1 128 0 4 1 0 0 61 0 1 0 0 1 41 1 0 3 0 0 2 0 0 1 3 5 6 7 30 4 0 3 1 0 0 0 2 11 0 0 2 1 0 1 1 0 1 352 1 0 0 49 2 4 4 2 0 0 0 0 0 0 0 0 0 0 1 2 5 9 36 5 0 0 13 21 9 0 0 0 534 4 156 154 17 11 10 5 3 1 63 53 51
3 0 1 1 0 242 109 101 1 0 0 63 6 2 0 0 0 47 0 0 5 0 4 1 0 0 1 4 6 8 14 3 2 3 1 0 0 0 1 8 0 0 0 0 0 0 0 0 1 2 347 3 0 0 47 0 1 3 0 0 0 0 2 0 1 2 0 0 1 0 1 0 23 1 4 0 11 3 2 2 3 0 0 532 3 0 0 134 84 83 82 79 68 3 1 0
0 0 1 2 2 246 1 0 98 1 0 76 4 2 0 0 2 52 0 1 19 11 5 1 0 0 1 0 0 1 2 2 1 1 0 0 0 0 6 0 0 0 0 0 0 0 0 0 1 327 1 9 1 0 45 2 0 0 2 1 0 1 3 1 5 0 0 1 5 0 1 19 1 0 3 0 8 2 1 1 1 0 1 530 1 0 0 48 2 1 0 1 9 0 0 0
0 0 1 290 250 1 0 0 2 91 83 2 1 0 0 0 1 3 54 27 4 2 0 0 0 0 0 0 0 0 0 0 0 0 0 0 1 3 0 0 0 2 0 2 1 0 2 4 5 324 3 0 8 1 40 0 0 29 28 27 25 21 11 9 0 0 1 4 5 12 15 0 0 0 1 0 6 1 0 0 0 0 523 0 2 0 1 1 39 2 1 0 0 7 4 0
0 0 298 3 30 0 0 0 0 2 2 2 0 0 0 0 0 0 90 1 0 0 0 0 1 0 2 1 0 0 0 0 0 0 0 0 0 0 0 0 2 7 0 4 2 0 1 2 47 265 0 2 4 0 0 39 35 3 1 0 1 1 0 0 0 1 0 0 0 0 0 0 0 0 0 3 1 0 0 0 0 0 521 0 0 0 0 0 1 33 3 2 1 0 1 2
1 316 313 0 2 29 25 0 0 0 0 0 0 0 0 2 0 0 95 2 1 0 0 0 1 3 3 2 0 1 2 1 1 1 1 3 0 0 2 0 0 2 11 15 24 0 1 39 3 262 0 0 0 3 2 1 2 0 0 0 0 0 0 0 0 3 1 0 0 1 0 2 0 0 0 0 0 0 1 3 1 300 217 0 0 1 0 0 0 0 27 25 23 0 0 0
322 1 0 11 0 1 2 23 0 0 0 0 0 0 2 3 0 1 97 0 0 0 1 1 0 7 14 19 21 2 31 38 2 5 7 0 0 0 5 0 0 0 1 2 4 34 36 0 1 260 0 0 0 11 8 5 0 1 0 0 0 0 1 1 0 1 8 1 1 2 4 0 2 0 0 0 0 0 0 1 294 296 215 4 2 0 1 0 17 16 13 0 0 21 8 1
11 4 0 4 4 1 0 1 21 3 0 0 1 2 3 0 4 62 161 1 1 0 2 0 2 0 0 0 3 27 0 0 60 63 78 1 0 0 9 0 0 0 1 0 0 2 0 0 0 66 192 17 14 1 1 1 4 1 0 1 1 0 2 5 3 0 0 11 2 3 6 0 3 1 1 0 2 1 0 0 286 0 0 208 31 29 26 23 3 1 1 12 2 1 10 5
4 5 3 0 3 1 0 0 1 14 2 1 3 8 41 49 52 0 0 165 4 0 0 3 4 0 1 2 0 0 1 14 4 1 0 82 1 11 0 0 1 0 0 0 0 0 0 0 0 64 1 171 1 0 0 0 0 1 0 2 2 0 1 0 7 4 1 15 63 70 79 81 4 7 2 3 6 5 1 282 1 0 0 1 172 1 0 0 0 0 0 0 8 4 0 9
0 3 4 1 0 1 0 0 8 1 1 0 0 0 24 5 0 0 0 167 6 0 0 10 4 1 0 0 1 5 11 2 0 0 0 85 2 0 14 3 0 0 1 2 0 0 0 3 61 0 0 168 1 0 0 0 0 0 0 0 6 0 0 2 0 32 36 42 0 1 0 0 83 93 0 0 0 14 0 279 0 0 0 1 166 0 9 8 3 2 1 0 0 1 3 0
0 2 2 0 0 0 0 5 1 0 0 0 0 23 2 0 0 0 0 176 0 0 1 18 0 0 0 0 2 2 1 0 0 0 0 0 86 4 19 0 0 0 2 2 32 36 43 48 6 0 0 163 0 1 1 0 1 1 1 1 9 0 0 2 17 1 0 3 0 0 0 0 0 94 0 0 0 1 274 1 0 0 0 0 0 163 1 0 3 2 1 0 0 0 0 2
0 0 0 1 0 0 1 1 0 0 1 0 18 2 0 0 0 1 1 0 178 1 23 0 0 0 0 0 0 0 0 0 0 0 1 0 2 115 1 0 1 0 0 24 0 0 5 1 1 5 0 1 159 9 1 0 0 4 2 12 0 0 0 3 6 0 0 0 0 0 1 4 59 155 0 1 1 167 233 22 6 1 0 0 4 144 0 0 0 3 2 1 1 0 0 1
0 0 3 2 0 0 0 0 0 1 4 12 2 0 0 0 1 2 5 8 217 25 0 0 0 1 1 0 0 0 0 1 0 1 15 2 22 23 142 1 5 0 0 18 5 0 3 0 0 4 0 1 4 141 2 0 0 7 20 3 1 0 0 0 1 3 0 0 1 0 0 52 1 2 159 161 164 63 0 9 4 2 0 1 0 0 142 111 13 0 3 2 0 2 2 0
1 6 1 0 0 0 2 0 0 1 2 1 0 0 0 0 1 2 10 12 233 1 0 0 3 2 0 0 1 1 2 6 7 11 0 18 0 1 156 10 1 0 1 7 1 4 1 0 0 2 0 2 0 0 139 0 0 37 7 4 2 0 0 0 0 1 0 0 1 5 48 1 0 0 1 2 60 0 0 8 1 1 0 0 0 14 14 92 1 7 1 0 16 11 7 5
9 1 0 0 0 0 4 1 0 0 1 0 0 0 0 2 3 6 0 0 234 0 0 5 0 0 4 1 8 5 1 0 0 0 0 0 0 0 158 0 0 0 0 1 4 0 3 0 0 0 0 0 0 0 1 135 40 0 0 0 0 1 0 0 0 0 0 1 2 37 3 0 0 0 0 1 56 1 0 7 1 0 0 0 12 6 1 4 91 0 0 0 25 4 3 2
1 0 0 2 0 0 12 3 1 0 0 0 0 0 1 0 1 0 1 0 237 239 1 7 0 6 13 12 0 0 0 0 0 0 0 0 1 1 0 163 1 0 0 0 2 0 1 0 0 0 0 1 1 0 0 62 30 0 0 0 5 2 0 0 2 1 0 1 32 0 0 0 0 0 2 4 47 3 1 2 1 0 0 2 10 5 0 1 1 90 1 27 0 2 1 0
1 0 1 4 0 14 1 0 0 2 1 1 0 0 1 4 5 6 14 18 23 24 271 280 23 14 0 0 0 0 0 0 1 2 1 0 1 4 177 9 3 2 0 0 0 0 0 0 0 2 0 0 3 41 54 5 28 14 12 10 3 0 0 3 7 10 1 27 0 0 0 1 1 0 0 0 39 0 0 0 1 0 0 1 4 3 0 0 0 27 59 1 0 0 1 0
