CHESS/lxh_sk/geo/lxh_sk.aspect
ncols         392
nrows         434
xllcorner     775806.62903
yllcorner     2617280.34204
cellsize      90
NODATA_value  -9999
[rows 210 to 239 of 434, columns 132 to 197 of 392]
9.904183 70.98923 92.81556 102.4705 110.9373 114.7603 119.0085 128.282 138.0239 135.1431 273.683 255.2396 185.9398 153.8931 189.4344 242.6466 256.7236 288.4349 286.6992 133.5312 166.6608 186.3402 189.2933 184.9551 171.2238 167.6859 247.9887 300.1137 318.8141 10.12467 15.75117 346.7335 331.6501 323.5752 347.5604 27.27698 4.75969 267.5882 303.1785 335.1363 318.2095 319.3987 356.7295 267.2737 211.866 185.1944 158.3177 167.0447 212.981 214.992 149.7083 143.0491 143.9454 134.4974 122.7117 113.0968 107.3116 114.6948 144.4287 146.9155 47.42428 44.27426 103.8323 171.9744 273.2793 287.738
70.79603 88.24301 93.59357 96.34019 95.19443 89.75619 83.22434 79.34997 77.3995 301.1444 276.336 245.7331 144.2873 142.7113 252.1473 263.9816 233.5691 186.4495 179.2361 155.9389 164.1027 197.325 191.5237 171.7343 182.6026 259.3771 294.9628 296.3505 278.5692 327.5288 23.48352 329.0447 306.4763 306.9509 348.4399 59.84071 63.43495 270 261.4692 273.0941 280.9228 278.1301 112.0679 138.3019 176.6981 179.5265 140.371 151.8317 218.211 208.6698 170.3112 148.1575 125.352 136.4688 142.5614 131.5664 110.0561 96.89693 71.52677 342.0239 327.7244 39.01504 54.23467 45.28725 263.0449 263.9506
132.1376 102.0426 86.77135 81.52885 80.21759 76.41187 71.74522 72.20056 75.01707 261.798 259.6105 206.4691 112.3489 109.1251 270.5687 247.0016 189.9506 174.4007 175.6013 162.1163 167.8557 220.1552 198.4399 200.556 299.7325 305.0584 299.9951 300.4655 268.0251 218.4181 186.888 240.0685 260.8016 270.4244 316.7899 60.69167 58.46704 264.8291 234.7841 242.049 244.29 205.0963 154.1481 141.5819 170.0958 229.5739 77.78428 83.15723 204.1791 198.589 194.0362 184.728 124.1918 124.3803 145.008 148.1092 114.9285 75.549 13.67051 18.48715 0.1436289 120.279 88.76346 81.16366 245.8064 243.5717
165.7841 100.1755 88.9325 82.16447 76.51408 74.93151 78.24332 83.02267 85.83656 224.2177 235.9367 187.4635 126.549 148.3137 245.8428 205.7034 170.0266 180.6483 217.8396 334.7786 354.804 344.0168 203.7664 252.0958 271.5208 277.3524 282.0948 299.0546 348.6901 334.0935 338.7303 325.7629 272.2404 267.2361 274.3987 57.926 58.44413 25.25316 299.0681 262.0425 255.4258 187.3058 137.5638 146.9761 220.486 277.9072 57.52881 72.45674 90.64375 180 211.7014 195.3169 144.1471 120.1601 127.7747 156.794 145.471 102.9946 128.6598 121.0087 122.7808 157.9026 138.3251 116.3395 293.4915 285.708
250.641 77.86868 87.90475 92.53854 87.35745 79.67032 78.48134 81.07315 79.24889 45.38985 224.7113 186.0995 146.1531 180.148 225 234.0643 347.6402 329.179 323.4417 339.1873 1.287329 19.59488 7.002483 322.7057 294.1791 279.6052 284.4703 304.4608 345.4655 322.696 343.9264 357.0892 302.0054 292.1664 297.8973 59.03624 65.04774 29.65745 350.5454 300.9637 271.4688 150.9454 115.292 139.8645 257.5351 274.3987 100.7131 98.45502 90.45836 104.4703 198.8532 187.2243 163.2174 117.8973 57.3989 34.56252 35.57377 96.84277 142.125 170.1342 129.5576 135.023 153.0088 292.916 306.5559 307.0373
222.5105 148.3925 91.04163 91.56223 100.9634 102.3954 90 68.97886 49.02029 39.17768 45.21033 180 314.6675 343.2022 334.5073 322.7716 340.7903 341.1439 323.7855 331.8438 1.169139 13.17034 5.711109 353.4746 344.8141 306.6168 293.7204 323.5308 347.0054 311.8779 343.2173 353.4802 307.6262 297.5361 309.0939 95.82634 87.51044 80.13419 296.5651 289.6538 263.6598 141.953 120.4379 143.734 252.138 218.9458 137.7006 129.6991 111.5953 104.6209 143.4316 172.6099 186.4446 209.2488 8.112916 37.75575 50.45384 83.15723 101.7251 167.7352 115.0891 73.81714 45.63147 291.0398 290.4687 277.0284
214.5332 203.0615 128.6598 94.69492 87.24751 90 68.10632 35.94928 39.76626 47.66164 51.55561 45.38852 282.2353 310.2919 316.0059 303.4126 312.614 322.4314 303.8571 276.8428 294.8637 349.5085 6.340192 6.225829 16.14434 297.2161 273.3665 281.3099 319.3987 314.3179 345.8378 359.4327 312.3575 260.5377 165.6507 159.7751 149.7436 112.9638 204.444 244.7989 171.8699 122.7352 113.2032 148.4957 238.2791 178.5057 143.5087 154.113 153.6669 122.3666 104.5448 132.0628 211.9753 239.7485 221.8202 125.9605 120.4998 117.5252 103.7816 116.565 312.5664 46.88276 60.57505 261.5271 236.7609 201.0948
212.2889 208.1543 176.6597 141.6208 88.5679 63.86359 28.30076 36.57303 59.99508 63.88505 64.66081 60.77951 246.4334 246.442 243.0578 235.823 230.2624 231.1466 217.0304 208.7398 237.8043 219.8056 170.7067 161.565 131.3086 255.9638 262.3332 258.2749 277.696 288.4349 323.8806 7.957525 1.169139 139.8645 149.9314 179.2152 197.0629 138.3019 174.9869 225.7848 188.9726 120.2564 95.5798 122.4959 215.8985 162.6995 109.5024 118.664 156.1941 163.8866 84.66831 75.99538 281.9701 262.4085 180.0099 152.1566 137.378 138.2587 140.0601 159.3236 262.4094 75.82711 82.69144 230.3874 198.4057 192.6351
204.8205 204.9003 192.0508 185.2323 167.1148 108.8247 99.03948 124.7488 126.0546 111.0375 100.5113 95.65717 207.5922 222.4308 217.0349 231.4488 244.44 242.8503 230.856 245.556 248.334 189.0579 170.7274 181.8476 184.0856 264.4278 275.4119 242.8189 235.4599 250.622 265.0063 17.10273 94.82076 119.7449 133.8427 185.3009 215.1939 157.0872 167.6446 223.1118 201.1398 154.44 131.1859 130.5154 200.3231 195.9454 99.05789 88.80651 113.8059 185.6307 162.1811 104.292 262.3303 237.9366 133.1703 119.5778 101.3059 102.9811 132.2548 182.7611 228.2224 156.2199 111.2516 223.6675 224.3337 272.3503
204.0777 207.2974 197.2658 195.0013 196.9453 178.1323 140.9881 139.1349 151.3226 147.6326 134.0174 127.4483 137.4901 225.7718 268.3986 275.9227 273.145 259.6952 247.6199 256.4296 235.6197 154.179 165.1137 199.44 226.302 254.9315 229.844 177.1087 215.1342 249.004 261.4509 135 98.84181 104.4594 116.1139 180 214.3302 154.1481 169.1861 231.8924 192.0115 161.565 159.3864 154.0256 212.7995 210.0686 130.0729 121.5043 116.565 157.7144 181.3153 161.5696 200.1256 215.5222 151.021 88.75241 108.8627 112.7711 96.69009 223.3318 262.5368 94.80215 84.95972 48.41732 293.289 277.2594
214.9851 208.3712 194.8658 201.0834 208.4017 190.7715 146.0138 134.2296 149.7614 154.0731 78.82341 18.30014 15.93438 350.0642 288.2147 266.6624 247.7824 233.1301 225.0122 218.1268 187.9602 156.6154 173.6249 220.3645 229.5739 231.5819 201.4677 178.3634 255.2032 266.6981 261.7733 185.1944 86.89397 77.43256 75.73549 113.8387 197.488 156.1048 186.5819 233.9306 173.5302 160.3129 167.9885 191.3099 259.0772 284.0363 85.10091 86.18593 74.0546 57.38076 81.85842 184.4863 198.3203 219.2738 207.8973 126.0851 122.5301 148.9626 146.649 281.9535 289.1228 60.96606 90.33424 93.22518 289.6433 317.9648
343.2708 6.125677 165.6907 211.0764 213.7355 193.5594 153.1342 131.2084 338.9671 351.0034 354.5384 18.45991 41.32463 359.7061 245.6715 227.8807 231.1188 249.2744 249.8031 201.8459 181.8459 172.1886 196.4005 216.4463 222.5077 239.6973 273.8141 325.8564 315 288.4349 257.4712 202.3801 96.66666 67.71441 60.58092 69.72732 131.9872 163.2374 202.4569 200.6954 162.929 174.0939 195.2551 254.4275 277.3058 315 64.88516 61.78264 35.53768 44.09062 33.48202 346.4158 18.89087 65.52811 196.6619 144.5506 103.1526 83.19714 180 255.9452 214.5195 160.2328 140.0661 138.0924 260.3482 180.8427
351.7345 8.183887 16.87133 19.2041 223.2653 184.0352 162.2642 200.5292 265.1326 292.518 331.6992 43.95837 73.04802 89.42115 243.7781 212.8101 249.6075 263.9041 277.2858 18.2913 9.213485 357.6871 231.5432 271.8116 291.413 288.4349 294.5582 315.8488 331.5688 326.9969 287.8787 204.1455 136.4321 104.0362 85.23636 80.53768 97.73693 148.3835 200.434 181.5434 160.8835 210.961 260.9421 277.7336 274.2892 281.3099 70.90651 63.08345 43.49257 57.52881 30.96376 332.8787 67.83366 87.06891 143.3184 207.4113 67.72249 63.48616 180 224.1695 180 135.8305 188.1371 225 225.2545 180.3416
353.059 15.75117 41.70914 56.9588 64.92072 74.26281 180 224.8635 221.9417 249.0314 281.3099 70.64101 77.47051 344.6949 4.220928 45.12084 256.4135 250.2808 245.6912 288.2345 357.4518 359.8404 344.2887 321.5874 318.5242 309.2257 291.8014 288.8315 312.93 348.9174 349.2157 40.36454 112.0679 137.07 133.6521 107.2415 93.72178 110.0302 208.6582 205.315 321.3402 302.4791 297.0506 301.3994 296.2001 297.2553 46.90915 52.96961 60.01836 73.30076 40.03026 355.2364 75.52971 84.24126 91.23149 249.811 128.2861 94.10664 180 180 180 188.1231 313.6747 340.9026 346.9396 344.6991
30.96376 113.1986 119.2547 132.4447 131.332 111.2527 180 311.9052 297.3307 303.3738 327.2157 47.41103 56.85585 338.5383 9.316933 53.80644 263.7856 250.0705 252.3239 217.2348 188.6156 267.0834 321.0293 327.8564 313.3865 304.9507 280.3889 257.0054 252.6995 286.5044 353.6598 69.6559 102.019 129.3405 152.3189 146.1649 104.0475 91.80762 288.3619 303.1705 321.3309 315.7539 310.452 317.1211 332.8503 351.8699 91.63657 107.8189 105.2551 97.43141 29.74488 73.30076 101.6336 96.54841 96.18951 214.1614 174.0522 135.1944 180 180 188.1301 311.9077 307.8664 336.0941 342.1335 339.8965
169.2673 137.925 122.6988 138.9307 155.7814 135.2933 314.1671 320.5375 300.554 297.0902 318.4336 64.11973 52.94347 351.8699 9.782407 55.77175 54.04913 255.2025 239.8406 181.5233 188.7445 246.5281 272.7263 304.2157 299.0546 277.8533 240.0685 242.5256 241.0154 235.7843 192.5288 115.994 109.1232 117.6995 146.1888 166.4296 133.0314 115.8768 279.7665 295.662 310.5444 318.5138 326.3922 334.3485 357.1014 36.25384 81.09828 112.1095 112.6938 100.4915 130.2364 124.3803 104.9314 90.01348 87.63839 180 180 180 180 188.1371 314.389 325.3514 328.9191 346.7197 349.1597 340.0169
157.1703 143.1301 122.0338 115.9054 180 180 302.2924 306.9685 297.2187 269.3839 186.4993 143.1301 51.34019 5.332159 28.30076 64.91008 44.98754 315 255.2594 164.5943 206.5603 240.1352 226.2454 221.4237 228.3178 199.9831 220.2364 244.6121 241.9755 230.4119 195.9454 117.943 101.6503 99.46232 103.707 127.2348 111.3763 127.875 253.8516 271.0416 295.3777 313.3634 329.1068 342.2391 8.408912 37.56859 50.11731 56.853 68.70264 109.9831 148.5704 59.03624 33.17851 62.0496 75.02714 180 180 180 188.1231 313.6973 307.8966 314.9871 328.2405 346.4641 357.6338 357.3736
144.0045 147.466 144.2953 135.3932 180 180 262.6955 274.5436 274.2654 167.3474 169.992 196.9755 210.1735 324.4623 45 45 7.80102 349.8861 6.117679 20.06725 358.7062 235.6589 207.0023 214.9671 218.9617 202.0362 225.8814 238.134 233.3833 236.3099 232.275 96.34019 85.04455 66.59531 22.7241 10.85641 38.25934 55.29796 228.2887 236.5259 254.8698 270.2179 285.0333 307.1998 14.17234 46.16124 53.03571 55.70135 66.80141 96.74558 146.3099 191.3099 170.9437 125.8927 104.8482 180 180 314.3892 327.0302 336.829 333.6034 327.1993 333.4349 343.3304 357.3575 8.21921
139.3828 118.6358 180 180 180 180 224.767 252.2636 231.2225 144.9638 161.2831 200.3333 216.5797 209.8271 168.6901 4.635463 341.9061 347.4712 11.97286 19.48384 15.50995 12.73873 21.22287 253.8557 248.1026 228.6522 235.9228 237.7712 241.0323 257.9322 278.1301 50.19443 52.49586 24.39031 3.73763 10.30485 32.27565 42.80385 47.44587 217.2743 238.212 238.9215 216.0434 203.3177 197.0329 131.1859 77.16439 51.43474 49.02826 62.10273 85.69553 156.0416 172.0047 158.8275 135.0924 180 180 288.102 303.7229 322.6786 335.7096 336.4768 341.4397 348.3603 358.3897 12.99462
155.3553 135.294 180 180 180 180 180 242.9329 206.3974 151.0974 149.9913 210.7338 221.7071 194.4706 198.7624 235.2599 275.3322 312.614 14.03624 31.17135 8.583621 13.54318 29.05306 339.9003 288.8861 231.4054 230.2179 242.6892 260.1888 273.3309 294.3256 359.2152 15.9454 10.00798 13.51657 30.44643 42.89835 49.11277 56.01971 65.18475 254.9936 241.1499 197.2415 199.1336 202.6627 187.7532 173.2338 18.72579 40.91438 50.97777 40.91438 28.21563 30.92476 39.06927 45.60802 180 180 287.3599 292.7023 308.0251 328.1259 336.7607 344.1161 353.8953 2.419509 15.01014
98.12311 135 171.8699 180 180 180 180 224.8459 193.9476 162.193 147.7104 229.053 211.5405 187.3581 238.4274 261.5075 273.0665 294.3411 4.844 23.55226 342.9972 8.130102 33.0644 1.292167 347.4017 21.76188 278.535 268.9187 275.0636 280.9228 294.404 332.7912 2.121096 19.92282 48.17983 75.78415 97.33438 99.40078 95.74072 94.56927 259.4666 234.5357 182.5208 209.7449 215.5992 215.7443 245.4418 296.8008 42.52834 43.07251 21.17905 22.25125 34.32147 44.45763 52.41321 180 180 290.1203 285.9223 289.8922 304.2285 318.9068 331.2503 350.4333 9.356708 26.32665
90 98.1301 135 171.8629 180 180 180 180 180 180 180 281.3326 315.4763 329.7045 309.1309 297.0158 298.7798 312.7094 355.2799 358.3865 337.9638 8.719747 30.45037 358.4846 3.890926 23.45822 351.8711 318.577 304.4265 298.4356 299.4454 315.3649 0 53.77782 74.22442 76.66075 84.7323 102.8043 106.8821 117.2553 220.7108 201.2329 191.6015 231.399 244.1556 257.4326 270.248 288.605 10.56101 27.83808 20.67096 34.14751 45.58463 53.52248 58.85511 45.23415 180 268.0746 260.2159 260.0696 267.0454 279.7004 290.3639 321.4416 18.98762 32.7229
90 90 98.13709 135 171.8769 180 180 180 180 180 314.7069 317.853 330.5727 334.0816 313.6955 299.2753 295.8577 309.4885 342.0216 346.839 344.4191 8.942754 15.77558 355.1792 9.619728 23.19859 358.6028 333.9046 315.9046 305.7667 300.2413 305.151 34.93931 87.39744 90.7639 83.52387 82.40536 86.29945 84.64417 91.87685 170.4421 188.0277 212.3775 239.1498 253.6476 273.0715 285.9194 298.8108 347.807 38.69839 57.75003 71.56505 68.24979 66.76257 67.47957 62.86061 180 241.4919 253.1029 266.1884 273.0128 266.9872 238.4258 225 242.7004 17.50716
90 90 90 98.12311 135 171.8699 180 180 180 180 269.7086 268.0797 257.4981 233.6156 257.2756 275.9315 287.5256 303.2471 327.8191 341.8109 350.242 5.516131 10.72306 5.542992 19.75403 29.16761 6.900328 326.8099 301.6075 282.0115 274.2829 272.3215 105.6795 104.25 109.3716 115.9065 112.8045 100.9338 89.01788 89.97875 109.3578 184.6656 240.2176 249.6194 252.4331 267.9975 284.2085 296.4893 1.363927 95.14789 108.8982 115.0169 113.1986 97.05231 85.54709 81.40266 180 285.7059 284.9925 279.3225 262.781 208.9458 191.4516 215.0389 236.4087 266.5664
45.39184 90 90 90 98.1301 135 171.8629 180 180 180 238.1111 234.1059 216.6993 229.7636 269.1048 280.7438 288.4349 298.0245 312.9546 332.3675 351.076 12.54782 30.20892 50.28124 75.54757 84.92039 83.36749 255.3432 234.3447 231.1001 245.7628 248.4429 90 75.44862 70.52071 71.02112 69.40397 67.3532 77.86317 87.54016 90.79118 188.1231 255.4411 252.8681 255.8378 269.6953 277.4521 282.0508 85.17924 92.1858 88.97697 93.39971 111.3706 123.354 113.3795 102.417 188.1231 300.3345 292.0388 264.5401 209.508 185.3828 183.9132 226.2232 241.6331 249.0232
64.34825 315.6028 0.5969375 45.59078 90 317.0453 1.333023 47.69489 180 180 303.8373 308.5726 321.0226 317.4896 306.7475 297.7473 293.5146 293.8698 298.0447 313.6553 1.108812 67.27027 87.1376 92.61575 104.7036 127.5931 156.0838 197.071 195.2551 215.4753 238.4957 239.5681 192.9946 51.68386 43.33972 37.33805 39.17928 59.89018 88.22853 101.763 94.08183 340.0582 324.8401 287.27 269.4438 266.0932 262.213 245.4804 138.9182 88.36343 71.90609 75.74297 85.3141 93.57633 95.23124 92.28257 225 272.6913 259.1258 193.9503 186.5999 200.0715 230.5453 262.0984 257.4276 248.3462
75.13027 320.6634 10.11631 21.31467 341.3639 1.839405 25.01445 51.84259 180 180 283.0831 293.1204 308.6598 312.2737 304.439 291.413 285.8324 285.5437 281.1101 259.5625 144.2239 133.3349 124.888 112.6431 108.435 120.4504 155.031 184.3987 193.3602 231.3871 242.9766 226.6366 206.7788 171.8699 96.5627 72.75854 84.24544 100.516 109.6322 114.5246 314.9743 337.1616 356.9695 344.0715 265.6763 251.9565 245.0136 225.5256 176.1859 137.5368 128.1572 108.7373 94.64797 90.63405 94.70886 97.7135 261.8699 243.1563 210.8062 178.5773 229.4654 285.8594 303.0329 304.4608 283.9889 238.2764
342.1466 328.7584 8.783534 6.417028 350.9164 31.80068 73.28503 93.7779 180 312.367 283.8454 287.4688 295.796 297.8476 285.4221 272.7263 271.2454 270.5749 249.1666 186.6208 156.2655 146.7386 130.8023 108.435 95.58724 96.52784 124.795 172.1988 219.0749 250.2673 234.5989 218.329 209.526 186.1886 172.6942 142.3738 121.2392 115.6155 112.4356 101.504 300.4138 325.6046 22.08044 56.41637 225.0294 239.4605 233.6732 218.8298 182.5261 152.0831 151.9837 144.2782 133.1902 131.2633 131.9133 135.1217 270 225.1048 194.968 247.5852 288.86 299.5214 300.6322 295.9863 256.5618 188.3035
324.1481 329.4607 20.32314 27.58203 56.88866 109.4061 122.7562 135.3303 180 308.8315 297.8778 297.6609 306.7328 318.5763 299.8141 284.1781 280.3416 266.0548 202.751 168.011 168.9646 175.7321 120.9638 56.45875 68.46607 83.86032 104.3627 166.139 250.171 230.3257 213.0481 231.2968 210.7097 175.9958 188.0491 143.1981 106.452 100.3199 98.83855 280.9184 283.4236 300.6432 58.37444 74.08021 87.88474 230.0687 223.7423 212.1575 184.8714 158.5358 156.9502 155.0963 148.3414 143.2814 135.1003 270 270 270 270 271.8878 271.1352 267.0585 252.7241 213.9485 179.5226 167.3243
332.2096 345.0184 101.0702 132.6441 150.2234 133.956 131.3696 180 314.7423 315.0844 307.6041 300.0974 301.7873 325.9541 328.134 308.5812 284.311 226.7715 165.6997 161.1468 181.9252 203.9077 197.488 158.8059 105.8141 99.90418 107.0057 191.3059 226.7476 195.9454 227.306 237.6526 178.3634 173.2243 213.3263 150.3215 105.3575 102.1577 101.7072 275.0031 276.9955 286.9074 57.96451 67.05467 68.23701 222.8636 219.2019 208.0686 185.7571 165.0186 157.6363 155.0499 148.4427 135.2109 314.872 347.7029 25.32657 44.76657 270 247.4196 240.519 226.7285 209.283 185.3963 170.7241 174.0094
