CHESS/lxh_sk/geo/lxh_sk.acc
ncols         392
nrows         434
xllcorner     775806.62903
yllcorner     2617280.34204
cellsize      90
NODATA_value  -9999
[rows 330 to 395 of 434, columns 96 to 191 of 392]
19 22 320 2 2 2 2 1 0 2 2 0 0 1 1 2 0 0 0 1 2 3 652 13 9 2 0 0 1 3 0 3 28 0 0 9 38 1 0 2 4 6 0 2 2 4 1 0 0 0 1 15 6 2 0 0 1 0 0 0 0 0 0 0 0 1 9 14 108 113 116 118 121 124 126 128 129 130 131 132 2092 15 15 1322 2 2 12 1 0 0 5 27 62 47 12 9
1 0 316 1 1 1 1 1 0 0 0 0 0 0 1 3 4 5 6 15 17 18 633 3 2 5 1 0 0 1 2 10 15 0 0 7 34 2 0 1 3 4 0 1 1 1 1 0 0 1 12 0 4 0 0 0 1 9 13 0 0 0 0 2 0 0 1 2 87 0 0 0 1 2 3 4 5 6 7 1940 17 14 14 1321 1 1 11 1 0 0 2 26 0 12 46 11
0 1 312 0 0 0 0 0 0 0 5 3 0 0 2 1 3 5 7 0 7 9 599 0 2 1 2 0 0 1 8 0 10 3 0 5 32 0 1 0 2 2 0 0 0 0 0 0 1 3 4 0 2 0 0 1 4 0 0 14 34 37 38 44 0 0 1 2 83 0 0 1 2 3 4 5 6 7 1914 16 16 13 13 1320 0 0 4 3 1 0 0 23 1 0 10 45
3 19 291 0 0 0 0 0 0 10 2 0 1 1 0 0 0 0 0 6 0 0 594 1 0 1 0 1 0 4 2 0 8 2 1 2 29 1 0 0 1 0 0 0 1 2 0 0 0 0 0 1 0 0 0 1 1 2 3 13 2 0 0 4 51 0 0 0 81 4 5 9 10 11 17 18 19 1718 186 15 15 12 12 1319 0 0 1 1 0 0 0 19 1 0 7 1
4 9 116 172 168 161 4 1 11 1 0 1 0 0 0 1 2 3 4 0 1 2 593 2 1 0 0 0 1 1 1 1 5 1 0 1 15 12 1 0 0 0 0 0 1 7 11 14 0 0 0 0 0 0 0 0 0 1 5 1 1 0 2 0 1 54 65 76 2 3 1 0 2 4 0 1 10 1686 185 14 14 11 11 11 1305 1 0 0 0 0 1 16 4 0 0 5
0 7 115 1 1 2 155 15 2 2 1 0 0 0 0 1 2 3 5 7 9 10 586 2 1 0 0 0 0 0 0 0 4 0 0 0 10 2 9 2 0 0 0 3 4 0 1 2 20 1 0 0 0 2 1 0 0 1 0 0 0 0 0 1 4 7 6 2 1 2 0 0 0 0 0 3 3 1685 184 13 13 10 10 10 1301 1 0 0 0 0 0 8 0 3 2 0
6 108 5 0 0 1 125 12 9 3 1 0 0 0 1 0 0 0 0 0 0 1 571 3 1 0 1 1 0 1 0 0 1 0 1 4 2 1 1 5 3 0 0 1 3 5 6 15 18 42 1 1 1 3 2 1 0 0 0 0 0 0 0 1 1 2 2 1 0 0 0 0 0 0 0 0 2 1684 183 12 12 9 9 9 1298 0 1 0 2 0 0 0 6 3 1 0
26 80 3 0 0 0 121 1 1 1 0 0 0 1 1 3 0 1 0 0 0 1 561 0 0 0 2 3 2 0 0 0 0 0 0 0 0 0 0 0 0 0 0 0 0 0 7 1 2 5 51 54 57 4 3 3 0 0 1 2 0 2 0 0 0 0 0 0 0 0 1 0 2 2 0 0 0 1683 182 11 11 8 8 8 1296 2 1 0 4 1 0 0 0 0 0 0
77 1 0 1 0 1 118 0 0 0 0 0 1 1 4 2 5 0 2 1 1 558 0 0 238 237 233 13 8 3 1 0 0 0 0 0 0 0 0 0 0 0 0 0 2 5 0 1 1 1 3 12 14 73 79 8 0 2 0 5 1 3 1 0 0 0 0 0 0 0 0 3 4 11 1 0 1 1682 181 10 10 7 7 7 20 1271 4 1 7 1 1 0 1 0 0 0
2 1 0 0 0 1 116 2 0 0 0 0 1 2 0 5 3 6 64 69 72 306 248 242 2 1 0 214 2 0 0 1 1 1 1 0 88 13 11 9 6 3 0 0 0 0 0 0 0 0 5 1 0 0 1 89 0 4 0 3 13 0 25 1 1 1 203 1 2 0 0 0 0 1 16 0 1667 11 180 9 9 6 6 6 19 9 1255 14 13 2 1 2 0 1 0 1
2 1 0 0 1 2 106 0 0 0 1 1 1 2 3 5 48 55 0 1 3 232 4 1 1 0 0 0 208 0 1 2 104 101 95 93 1 71 69 4 0 0 0 0 0 0 1 2 3 4 0 0 1 0 1 4 91 5 0 0 0 17 0 190 197 199 1 206 212 1 1 1 0 0 18 1653 11 10 179 8 8 5 5 5 18 8 573 665 19 18 8 4 2 1 0 0
8 1 0 0 1 100 3 0 0 1 3 6 9 27 32 35 0 0 0 0 0 226 0 0 0 0 0 5 71 129 125 121 4 1 0 1 0 0 63 2 2 0 0 1 2 0 0 1 2 3 0 0 0 2 0 0 6 105 0 0 0 0 0 160 3 0 0 0 3 227 230 233 235 236 1621 11 10 9 178 7 7 4 4 4 17 7 572 22 621 617 6 4 3 0 1 1
4 2 0 0 1 95 1 0 0 3 7 10 14 0 0 0 0 0 0 0 1 225 4 3 2 0 0 3 70 2 0 4 2 1 0 0 1 4 52 1 1 0 0 2 8 1 0 0 1 2 7 1 1 1 4 0 11 16 124 1 0 0 0 158 1 0 0 1 7 1 9 12 15 17 1365 10 9 8 177 6 6 3 3 3 16 6 571 21 2 1 616 0 0 0 2 2
3 1 0 1 91 1 0 0 1 2 1 1 0 0 0 0 0 1 1 144 150 217 12 3 1 0 0 0 69 0 0 0 2 1 0 0 1 1 46 2 0 0 0 0 1 11 3 0 0 52 53 62 4 2 0 9 1 1 1 128 131 133 135 20 0 0 1 6 0 1 4 1 1 0 1364 9 8 7 176 5 5 2 2 2 15 5 570 20 1 0 0 615 605 599 593 587
2 0 2 8 79 0 0 0 1 0 0 0 0 0 1 1 1 3 140 1 2 52 3 3 0 0 0 2 48 16 2 1 0 1 0 0 0 0 42 1 1 0 0 0 1 2 46 49 50 0 1 65 74 0 0 2 0 0 0 0 0 5 12 4 0 0 2 0 0 2 0 0 0 0 1363 8 7 6 175 4 4 1 1 1 14 4 569 17 1 0 0 7 3 3 1 1
1 1 4 5 68 2 0 0 0 0 0 1 3 1 3 80 103 107 25 0 1 8 42 2 2 0 0 3 6 36 12 5 2 0 0 0 1 2 37 0 0 0 0 2 3 6 19 0 0 0 1 2 0 78 0 0 0 0 0 1 3 1 3 2 0 0 0 0 1 0 0 0 0 1355 5 7 6 5 174 3 3 0 0 0 13 3 568 14 3 2 0 5 2 2 0 0
0 3 1 2 66 0 0 0 1 3 5 6 7 43 73 16 2 2 23 0 0 7 38 2 1 0 0 1 5 35 2 2 1 0 0 0 0 1 36 2 0 0 2 0 1 17 0 0 0 1 2 0 5 79 0 0 0 1 0 0 0 0 1 0 0 0 1 3 0 0 2 1 0 1353 4 6 5 4 173 2 2 0 0 1 12 2 567 9 1 0 1 4 1 0 0 4
2 0 0 0 64 0 0 0 0 1 2 3 30 18 9 15 1 1 21 0 0 5 35 1 1 0 0 1 2 31 2 1 1 0 0 2 4 27 1 0 0 0 1 5 15 0 0 0 1 3 10 14 21 82 0 1 3 0 1 0 0 0 0 0 0 0 0 0 4 6 11 1338 1340 10 3 5 4 3 172 1 0 0 0 1 9 1 566 6 3 1 0 0 3 0 0 2
2 0 0 0 61 0 0 2 4 5 6 25 10 6 8 14 0 0 12 7 0 3 33 0 0 0 0 1 1 28 0 1 0 0 1 4 13 6 0 0 0 1 2 8 0 0 0 1 3 5 1 3 27 83 0 2 6 0 0 3 3 0 0 1 1 1 0 0 2 3 1322 0 0 9 2 4 3 2 171 1 0 0 0 3 2 0 565 0 0 0 1 0 1 0 0 0
0 3 1 56 3 0 4 6 9 13 17 9 4 0 7 12 0 0 10 6 0 1 20 11 1 0 0 0 8 12 4 0 0 0 1 2 4 2 2 0 2 3 4 0 0 1 1 1 0 0 0 0 0 114 0 10 0 0 0 0 5 5 1 2 2 3 0 0 0 1313 3 0 0 8 1 3 2 1 168 2 1 0 0 0 1 1 564 0 7 6 3 2 1 0 0 2
0 1 49 52 2 2 0 1 2 2 5 2 3 0 5 6 4 2 6 5 0 1 11 5 8 4 0 3 3 3 7 2 0 0 1 1 1 1 1 0 0 0 0 0 2 4 9 15 16 0 0 1 3 6 123 135 2 0 1 0 1 14 1034 1038 1042 1055 0 0 1 1311 1 0 0 5 0 2 1 0 19 144 2 0 0 0 0 1 560 8 0 0 0 0 0 0 0 1
38 40 1 1 1 1 0 1 1 1 2 1 2 2 1 5 3 1 5 4 0 1 8 2 1 2 2 2 2 2 4 1 0 0 0 0 0 0 0 0 0 1 1 1 0 1 2 0 0 17 1 0 0 0 2 3 140 3 3 0 0 1015 0 2 6 1 1065 1073 1076 231 1 0 3 0 0 0 0 14 3 1 138 1 0 0 0 0 0 546 0 6 3 1 0 0 0 0
0 0 0 0 0 0 0 0 0 0 0 0 1 1 0 4 2 0 4 3 0 2 4 1 0 1 1 1 1 1 1 1 0 0 0 0 0 0 0 1 1 1 4 2 0 0 0 0 2 22 2 0 0 0 0 0 0 141 150 1 1003 8 0 1 2 0 5 5 1 228 1 0 0 1 0 1 13 1 0 0 0 134 1 1 0 0 1 15 527 524 4 3 1 0 0 0
0 0 0 0 0 0 0 0 0 0 0 0 0 0 0 2 1 0 2 2 0 0 2 0 0 0 0 0 0 0 0 0 0 0 1 1 1 2 1 0 2 5 13 3 1 1 0 1 2 3 30 32 1 0 0 0 134 139 140 998 1 3 3 0 1 0 3 4 0 2 222 0 0 0 1 2 10 0 0 0 0 90 40 4 1 0 2 12 1 511 3 2 1 1 0 2
1 1 2 1 0 0 1 2 1 1 1 1 1 0 0 0 0 0 0 0 0 0 0 0 0 0 0 0 0 0 0 0 0 1 1 4 7 5 2 1 0 0 0 18 4 1 0 0 1 2 3 76 115 120 128 131 1 0 1 702 0 0 2 2 0 1 0 3 0 0 0 219 0 0 0 3 0 0 0 1 79 8 10 23 0 0 7 0 0 506 20 19 18 2 0 3
4 2 3 2 1 1 2 3 2 2 4 2 0 0 0 0 0 0 0 0 0 0 0 1 1 1 1 1 1 1 1 1 1 0 2 3 4 14 24 2 1 0 1 20 8 0 0 1 2 3 71 0 1 2 5 1 0 0 0 693 7 3 0 1 1 0 0 1 0 1 8 216 0 0 0 0 0 0 1 69 6 7 9 10 10 3 2 0 1 484 2 1 0 12 11 10
1 8 4 3 2 5 0 4 3 3 8 1 1 1 0 0 1 2 1 1 1 0 1 1 4 2 2 2 2 2 2 2 2 1 0 0 0 0 1 27 33 1 2 32 1 0 0 1 0 13 49 2 0 1 1 2 0 0 3 685 1 2 1 0 0 0 0 0 1 5 0 205 0 2 0 0 5 57 61 4 5 6 8 9 9 2 1 0 10 478 1 0 0 0 0 0
4 2 9 9 3 7 5 0 4 4 11 2 0 2 1 1 0 5 2 4 0 0 3 0 7 0 3 3 6 3 3 3 3 2 0 1 1 0 0 0 0 34 40 1 0 0 0 5 8 2 0 47 1 0 0 1 0 1 42 640 0 0 1 0 0 0 0 1 2 0 14 2 184 3 0 3 46 1 2 3 4 5 7 8 8 1 0 8 14 446 2 1 0 1 2 2
0 5 3 20 12 6 1 5 0 0 20 1 3 2 0 0 3 11 0 9 0 1 0 5 8 1 4 0 11 0 8 4 0 4 3 1 2 3 0 1 1 77 1 0 0 1 0 0 1 1 0 46 1 0 0 2 0 41 0 5 632 0 0 1 0 0 1 0 1 12 1 0 174 0 1 2 45 0 1 2 3 4 6 7 7 0 7 13 0 1 442 418 405 403 370 366
0 1 6 4 41 9 6 1 0 1 23 4 3 0 1 0 0 2 15 11 1 3 0 0 15 2 5 1 12 1 14 0 0 1 5 4 2 7 0 1 82 4 0 0 6 2 0 0 0 0 0 41 0 0 1 0 4 34 0 3 630 0 3 1 0 1 0 7 9 0 0 22 146 3 0 1 2 41 0 1 2 3 5 6 6 6 6 5 0 15 6 5 5 5 23 17
3 1 2 7 57 5 4 1 0 2 29 4 1 0 4 0 0 0 2 19 14 5 0 0 1 19 6 2 13 2 15 1 1 0 2 6 5 3 8 3 89 0 0 8 2 1 0 2 0 0 16 19 2 0 0 0 4 28 2 0 7 620 617 611 3 0 1 1 0 2 6 13 142 2 2 0 1 39 0 0 1 2 4 5 5 5 5 4 3 10 5 4 4 4 4 6
1 6 2 11 66 1 0 1 0 0 38 2 1 5 0 0 0 0 0 1 20 21 1 1 0 22 7 3 14 3 16 2 2 1 3 0 7 6 4 105 1 0 0 36 22 13 9 5 0 5 8 16 1 0 0 2 16 10 1 2 2 1 0 598 4 1 0 0 1 2 9 2 7 133 1 1 0 36 1 0 0 1 3 4 4 4 4 3 2 9 4 3 3 3 3 3
0 0 8 82 0 0 2 0 1 0 43 11 8 1 0 0 2 0 1 3 6 50 2 2 1 0 23 32 37 57 75 3 3 2 4 0 1 8 120 1 0 0 40 1 0 7 2 0 3 4 7 13 1 0 0 7 7 9 0 1 1 0 590 4 1 1 0 0 1 3 4 1 6 4 127 0 0 18 16 4 1 0 2 3 3 3 3 2 1 8 3 2 2 2 2 1
1 0 0 92 1 7 2 0 0 2 57 3 2 1 0 0 4 0 0 0 2 4 60 64 3 0 0 0 0 1 2 83 4 3 5 0 1 132 1 0 48 46 1 0 0 2 3 0 2 3 6 4 7 0 1 4 6 6 1 0 0 0 588 1 1 0 0 0 0 1 3 0 5 3 0 125 1 15 8 1 1 0 1 2 2 2 2 1 0 7 2 1 1 1 0 0
32 1 0 96 11 2 1 0 0 4 62 3 2 1 0 1 0 6 0 0 0 0 0 1 69 1 0 1 1 0 0 0 84 9 6 0 3 295 153 152 101 4 2 1 0 1 0 1 1 2 5 3 3 2 0 3 5 3 1 0 0 1 584 0 0 0 0 0 0 0 1 4 1 0 117 6 0 8 5 7 0 0 0 1 1 1 1 0 2 3 1 0 0 0 0 0
58 35 1 109 0 0 0 0 0 6 67 3 2 1 0 2 0 1 7 1 0 0 0 0 3 72 0 1 4 1 1 0 1 95 7 1 302 0 5 1 0 95 3 2 1 0 0 0 0 1 4 2 2 1 0 1 4 2 0 1 5 6 583 0 0 0 2 1 0 0 0 2 0 0 115 4 0 4 2 4 6 4 0 0 0 0 0 1 1 0 0 0 0 0 0 1
1 61 38 111 1 1 0 1 1 7 72 1 0 1 3 0 0 1 2 10 0 1 1 1 0 77 1 0 7 2 2 1 2 440 343 329 8 0 1 0 0 6 87 11 10 3 2 1 0 0 3 1 1 0 0 1 1 1 0 2 0 3 8 565 10 8 4 0 0 0 0 0 0 0 114 1 1 1 1 1 3 0 2 1 0 0 0 0 0 1 2 3 1 1 3 7
0 1 101 112 2 2 3 2 0 81 2 0 2 4 1 0 0 1 2 14 1 2 2 0 2 79 0 2 9 3 3 490 487 41 5 2 16 7 3 0 0 4 72 1 0 5 4 3 2 1 1 0 0 0 0 0 0 0 1 0 1 0 3 552 2 1 0 0 0 3 0 0 0 79 112 27 0 0 0 0 0 2 1 0 1 0 0 0 1 2 3 4 9 24 99 123
0 1 5 221 3 3 4 3 1 85 1 3 5 2 0 1 1 2 3 15 2 3 3 0 1 83 1 0 13 503 494 1 0 19 14 4 1 15 2 2 0 3 1 69 5 4 3 2 1 0 0 0 0 0 0 0 1 0 0 0 0 1 40 548 42 2 0 0 5 0 0 1 76 0 0 1 26 20 5 4 3 2 1 0 2 1 1 0 0 1 2 3 11 73 2 19
0 0 0 1 224 8 5 4 2 86 2 10 3 1 0 0 2 2 3 20 3 4 4 1 2 84 571 568 566 3 1 0 0 18 11 1 3 0 14 1 0 2 0 5 56 54 3 2 1 0 1 0 0 2 0 1 0 2 1 1 36 39 1 460 0 38 0 11 3 0 0 3 72 1 0 0 1 2 13 10 6 2 0 0 3 2 3 0 0 1 2 6 72 0 0 18
0 0 0 0 1 236 11 0 3 87 3 15 2 1 0 1 0 6 4 21 4 0 10 676 673 583 8 0 3 39 0 0 0 16 3 6 0 2 5 7 0 1 2 1 0 17 31 4 3 2 0 0 0 3 7 9 12 14 24 32 1 0 0 459 2 0 37 2 1 0 1 0 1 62 2 1 0 1 1 2 0 1 0 0 2 7 4 1 0 0 2 71 0 3 17 3
1 2 0 0 0 237 13 0 4 88 4 16 5 1 0 2 0 8 5 22 5 693 680 1 0 1 5 0 2 3 34 23 7 3 11 2 5 2 1 4 6 0 1 0 8 7 9 15 5 4 2 0 0 0 1 2 3 5 2 1 0 0 1 454 1 0 21 11 0 0 0 0 1 58 1 0 0 0 0 0 0 0 0 0 21 30 45 48 1 0 0 69 1 12 2 5
3 3 1 1 1 238 14 1 5 89 5 23 0 3 0 3 0 10 784 777 746 36 0 0 0 0 0 3 1 2 2 6 14 6 2 10 1 1 1 0 3 5 0 0 6 6 6 1 8 3 1 0 0 0 1 2 0 0 0 0 0 0 1 446 0 0 8 3 5 2 0 0 1 44 6 2 1 0 0 0 0 0 1 19 2 1 0 3 54 58 68 0 11 1 1 2
1 8 2 2 2 239 15 8 0 0 90 31 4 0 1 4 802 789 2 0 2 11 34 3 2 1 0 2 0 1 1 5 11 1 5 1 9 0 0 0 2 1 2 1 3 5 5 0 2 0 0 0 1 0 0 1 5 0 0 0 159 163 442 1 0 0 2 3 2 1 0 0 4 37 0 2 1 0 1 1 0 1 8 6 1 0 0 1 0 0 8 10 0 0 1 2
1 2 12 3 243 0 25 1 1 0 0 132 2 1 1353 1350 536 2 0 1 1 2 7 29 13 8 5 2 1 0 0 4 8 1 0 4 0 8 2 1 1 0 1 0 2 4 3 0 0 0 0 2 3 0 0 0 0 139 140 157 1 0 6 269 0 0 0 0 2 1 0 1 1 1 34 3 0 0 10 7 0 3 1 3 1 0 0 0 1 2 4 7 1 0 1 1
0 2 3 261 1 0 28 0 2 1 0 1494 1360 1359 2 4 530 1 1 0 0 1 6 4 9 3 1 1 1 0 0 2 0 6 0 1 1 2 1 0 0 0 0 0 0 3 1 0 0 0 1 20 29 1 1 0 2 127 5 8 0 0 4 8 259 251 0 2 1 1 0 0 0 0 4 24 1 11 1 0 1 2 0 0 1 0 0 1 2 3 0 5 0 0 0 0
0 4 4 264 0 1 1581 1551 1546 1543 1542 39 17 1 1 1 1 529 0 0 0 0 4 3 3 4 2 0 0 0 0 0 0 2 2 0 0 0 1 0 0 0 0 0 0 1 0 0 7 10 17 0 1 49 52 2 126 4 5 0 0 3 1 5 6 2 245 1 0 0 0 0 0 0 0 1 23 3 0 0 0 0 0 0 0 0 0 1 2 3 4 0 0 0 0 0
77 6 5 1875 1609 1607 20 11 6 0 5 9 10 16 0 0 0 0 528 527 0 0 2 2 2 1 1 1 0 2 0 0 0 0 0 0 0 0 0 1 0 2 0 1 1 0 0 5 0 3 1 0 16 3 5 121 0 3 3 0 2 0 4 4 0 1 239 227 0 0 0 6 3 2 0 0 3 2 1 0 0 0 1 0 0 0 1 0 0 0 0 0 1 2 1 1
0 86 1884 1 0 1 1 5 3 4 4 4 3 9 15 14 4 2 0 1 523 1 1 1 0 0 0 0 34 29 28 27 1 0 0 0 1 5 2 1 0 3 6 2 0 0 0 2 2 0 1 15 2 0 0 60 0 2 1 0 1 0 2 3 0 4 2 2 225 13 11 2 1 0 0 0 1 0 0 0 1 1 2 1 0 1 3 1 1 0 1 1 1 5 2 2
0 1972 2 1 0 0 0 2 1 2 3 3 3 2 8 3 8 0 0 0 0 519 0 0 0 506 37 36 0 0 0 0 21 1 0 3 7 0 2 1 0 17 5 3 1 0 0 0 1 0 2 12 1 0 1 25 30 1 0 0 0 0 0 2 3 0 0 0 0 210 2 1 0 0 0 0 0 3 1 1 2 2 5 0 0 1 6 2 2 1 2 2 0 2 9 3
1 1976 1 0 12 11 10 0 0 0 1 2 2 2 1 3 2 7 2 1 0 0 517 514 511 0 467 1 0 1 0 0 0 18 17 9 0 0 32 26 23 1 0 0 0 0 3 0 0 1 1 6 0 0 3 20 1 27 2 1 0 0 1 0 1 0 0 0 155 6 43 37 1 1 1 0 0 1 7 10 16 3 6 1 1 2 7 3 3 2 3 3 1 0 3 14
2457 477 422 17 3 2 1 9 2 1 0 0 1 1 1 0 2 1 3 1 0 0 0 1 1 0 11 452 449 11 3 1 0 0 0 0 0 37 2 0 0 2 1 0 8 5 0 1 0 0 1 3 0 1 19 0 1 23 5 1 0 0 0 0 0 1 1 1 153 5 3 0 34 4 1 0 0 0 1 3 5 23 35 2 2 3 0 12 4 3 4 4 2 1 0 5
0 1 49 403 326 0 0 0 5 3 2 1 0 0 0 0 0 0 0 0 0 0 0 0 0 8 1 1 4 429 5 3 1 0 0 0 41 1 0 0 0 0 1 0 13 2 1 0 0 0 2 2 5 15 2 0 1 8 3 2 0 0 2 0 0 1 6 147 2 3 0 2 8 17 2 1 0 0 0 0 0 1 2 58 65 70 72 87 93 4 5 5 3 2 0 0
3 0 1 46 75 324 0 0 0 0 0 0 0 0 0 0 0 1 0 0 2 3 1 0 0 6 0 0 3 2 425 0 1 1 0 43 0 0 0 1 0 3 0 15 0 0 1 0 0 1 1 1 2 5 1 0 4 2 2 0 0 1 14 1 0 1 138 0 1 1 0 1 4 2 13 2 0 0 1 2 3 14 18 3 4 5 0 0 1 99 6 6 4 3 0 1
1 0 0 2 42 74 321 2 0 0 2 1 1 1 1 0 3 0 30 29 22 11 9 0 0 3 0 2 1 0 4 419 199 196 47 1 0 1 3 0 5 18 16 1 0 3 0 0 0 0 0 1 1 2 0 1 1 1 1 1 4 7 2 66 68 69 135 1 0 0 0 0 3 1 2 6 0 0 2 5 9 2 2 0 1 2 9 0 0 3 107 7 9 0 0 3
12 0 0 0 41 73 0 315 314 305 303 293 2 0 2 5 1 31 0 1 0 5 0 7 2 0 1 1 0 2 5 216 1 0 147 145 142 135 76 73 32 12 11 8 7 2 1 1 0 0 0 0 0 0 0 0 0 0 0 1 1 1 0 44 0 0 2 58 5 4 3 2 2 0 1 2 2 0 1 2 1 1 0 1 2 7 16 28 76 85 95 222 233 1 0 5
10 0 0 30 3 5 72 69 6 0 1 1 287 282 57 49 35 2 0 0 0 0 4 3 3 1 0 0 1 4 1 5 199 0 0 1 2 52 0 1 32 26 23 20 4 3 2 0 1 1 0 0 0 0 0 0 0 0 0 0 0 1 6 35 0 0 0 43 7 3 2 1 1 1 0 1 1 0 1 0 0 0 1 2 3 7 0 45 7 4 5 3 0 243 251 254
3 5 0 27 2 4 1 65 2 5 0 0 3 6 212 0 10 9 8 6 4 2 1 0 2 2 0 0 3 0 1 2 195 1 0 0 1 28 22 0 1 2 1 1 14 2 1 0 2 2 1 2 0 0 1 1 1 1 1 0 0 0 2 3 30 0 0 1 39 2 1 0 0 0 0 0 0 0 0 1 2 3 4 5 6 0 44 6 3 3 0 2 4 2 3 1
2 4 7 18 1 3 0 10 53 1 4 0 1 2 2 211 2 1 0 0 10 8 2 1 0 1 1 0 1 0 1 2 191 2 1 0 0 0 26 21 0 0 0 0 0 10 7 4 0 3 2 3 1 1 0 4 0 4 2 1 0 0 0 2 4 23 0 0 0 37 5 0 0 0 0 0 0 0 0 0 0 1 2 3 35 42 2 2 2 2 1 1 1 1 2 0
1 3 6 17 0 2 0 8 50 1 0 3 0 1 1 2 204 0 13 11 0 0 4 3 2 0 0 0 0 0 1 1 4 180 0 1 0 0 1 22 20 3 2 1 0 0 0 0 0 0 4 3 10 13 1 5 1 5 5 1 0 0 0 0 0 2 21 0 0 1 27 3 1 1 1 1 0 0 1 3 5 6 20 30 3 1 1 1 1 1 0 0 0 0 1 1
0 1 5 15 0 1 1 5 5 43 0 0 1 0 0 1 29 172 170 153 0 0 2 1 0 0 0 0 0 0 0 1 1 174 3 0 1 0 0 1 19 15 5 4 3 2 1 0 0 2 0 5 0 1 14 2 6 38 16 13 10 7 4 1 0 0 1 17 0 0 25 0 2 2 2 0 1 0 3 6 9 12 5 2 2 0 0 0 0 0 0 0 0 0 0 0
0 0 3 11 2 0 0 4 2 1 42 4 1 0 0 1 26 0 1 141 8 6 2 1 0 0 1 2 0 0 0 0 1 4 166 3 0 1 0 0 0 17 8 5 4 2 0 0 1 3 8 6 0 0 2 15 3 41 1 0 0 0 1 1 0 0 1 6 8 0 1 22 20 11 5 3 0 0 1 1 1 3 0 1 1 0 0 0 0 0 0 1 2 0 0 0
3 1 2 2 7 1 0 2 1 0 34 1 1 0 0 4 19 0 0 45 94 81 28 2 1 0 20 17 2 0 0 0 1 1 2 158 3 0 1 0 0 1 13 1 0 0 0 0 1 0 1 16 1 0 1 3 62 1 0 0 0 0 0 0 0 0 0 2 4 1 0 0 0 0 1 0 0 0 0 0 1 0 0 0 3 4 6 1 1 2 0 1 2 4 1 0
0 0 1 1 4 1 0 1 0 2 19 10 0 0 1 1 16 1 0 17 25 11 51 24 23 21 6 5 9 2 0 0 0 1 9 4 138 5 2 1 0 0 2 9 2 0 0 1 2 2 0 2 17 2 4 6 65 2 1 0 13 10 8 7 2 1 0 0 3 0 0 0 0 0 0 1 0 0 0 0 0 0 1 2 0 1 2 10 2 5 1 2 0 4 7 2
1 0 0 0 1 1 0 0 1 2 11 3 9 0 0 0 6 8 0 4 11 24 10 50 46 41 1 0 4 5 2 0 0 8 1 1 9 121 5 4 2 0 1 3 1 0 0 1 0 3 7 1 21 0 1 95 165 23 22 20 5 4 3 1 3 1 0 1 0 0 1 2 1 1 1 3 0 1 1 0 0 2 4 6 8 11 12 13 25 29 8 3 0 0 14 3
13 11 1 0 0 0 0 0 1 4 2 2 2 7 0 0 4 0 6 3 0 9 23 9 2 3 31 7 0 2 1 0 7 0 0 5 2 112 1 0 0 0 0 0 1 0 1 3 6 8 15 30 60 61 78 1 0 192 0 0 2 1 0 0 0 0 0 0 0 2 5 8 14 2 2 4 1 4 1 0 0 0 0 0 1 0 1 2 7 8 39 13 1 0 1 21
