CHESS/lxh_sk/geo/lxh_sk.dem
ncols         392         
nrows         434         
xllcorner     775806.62903  
yllcorner     2617280.34204 
cellsize      90.00000    
NODATA_value  -9999.00000 
[rows 192 to 223 of 434, columns 142 to 212 of 392]
205.08 205.07 205.06 205.06 205.06 205.06 205.06 214.00 221.00 218.00 230.00 231.00 245.00 239.00 244.00 249.00 258.00 276.00 291.00 283.00 288.00 304.00 300.00 298.00 292.00 283.00 296.00 312.00 318.00 318.01 318.02 325.00 353.00 386.00 411.00 422.00 428.00 438.00 458.00 486.00 547.00 580.00 569.00 557.00 533.00 511.00 497.00 490.00 480.00 453.00 440.00 419.00 392.00 398.00 394.00 375.00 363.00 340.00 316.00 305.00 309.00 295.00 277.00 273.02 273.02 285.00 291.00 286.00 306.00 301.00 291.00
205.08 205.07 205.06 205.05 205.05 205.05 205.05 213.00 229.00 246.00 242.00 239.00 247.00 253.00 249.00 251.00 263.00 279.00 283.00 279.00 289.00 290.00 281.00 280.00 275.00 276.00 302.00 329.00 321.00 318.01 318.02 333.00 351.00 381.00 408.00 417.00 431.00 439.00 449.00 476.00 525.00 550.00 545.00 542.00 532.00 520.00 520.00 507.00 486.00 461.00 436.00 428.00 418.00 398.00 378.00 367.00 354.00 331.00 310.00 316.00 326.00 307.00 284.00 273.01 273.01 277.00 274.00 279.00 282.00 279.00 297.00
205.08 205.07 214.00 220.00 205.04 205.04 205.04 205.04 240.00 266.00 252.00 249.00 258.00 262.00 251.00 258.00 266.00 274.00 279.00 274.00 282.00 270.00 264.00 270.00 278.00 287.00 306.00 332.00 321.00 318.02 331.00 347.00 356.00 374.00 399.00 409.00 424.00 433.00 438.00 472.00 504.00 523.00 525.00 530.00 535.00 529.00 519.00 502.00 492.00 487.00 465.00 455.00 428.00 401.00 375.00 355.00 338.00 327.00 326.00 338.00 337.00 310.00 296.00 291.00 273.00 274.00 262.00 257.00 262.00 275.00 293.00
227.00 213.00 234.00 222.00 205.03 205.03 205.03 222.00 260.00 273.00 265.00 270.00 274.00 255.00 242.00 253.00 246.00 252.00 261.00 261.00 253.00 249.00 266.00 279.00 290.00 294.00 306.00 325.00 328.00 344.00 364.00 376.00 377.00 377.00 385.00 397.00 422.00 425.00 433.00 461.00 486.00 503.00 511.00 514.00 516.00 507.00 489.00 488.00 501.00 504.00 484.00 468.00 446.00 412.00 380.00 359.00 343.00 339.00 352.00 360.00 344.00 314.00 297.00 297.00 278.00 259.00 249.00 242.00 252.00 265.00 280.00
265.00 249.00 232.00 205.03 205.02 205.02 217.00 242.00 240.00 247.00 268.00 279.00 264.00 258.00 240.00 238.00 241.00 245.00 237.00 237.00 236.00 256.00 280.00 293.00 296.00 299.00 304.00 327.00 350.00 367.00 390.00 390.00 390.00 395.00 386.00 385.01 411.00 420.00 440.00 458.00 476.00 494.00 500.00 488.00 484.00 481.00 460.00 469.00 488.00 490.00 478.00 455.00 428.00 398.00 378.00 372.00 359.00 367.00 375.00 364.00 342.00 314.00 305.00 298.00 269.00 249.01 253.00 241.00 242.00 256.00 277.00
297.00 268.00 235.00 205.03 205.02 205.01 226.00 220.00 209.00 219.00 243.00 262.00 244.00 241.00 228.00 235.00 238.00 227.00 216.00 228.00 242.00 261.00 279.00 292.00 299.00 302.00 304.00 327.00 359.00 376.00 393.00 392.00 392.00 401.00 389.00 387.00 401.00 413.00 435.00 454.00 484.00 494.00 481.00 463.00 453.00 449.00 431.00 435.00 455.00 449.00 444.00 432.00 402.00 388.00 367.00 367.00 372.00 368.00 369.00 357.00 339.00 315.00 301.00 281.00 275.00 275.00 279.00 257.00 238.00 250.00 270.00
301.00 277.00 251.00 221.00 205.02 205.01 205.00 203.00 201.10 201.10 216.00 238.00 229.00 219.00 228.00 233.00 221.00 207.00 224.00 245.00 260.00 273.00 281.00 285.00 297.00 307.00 307.00 320.00 343.00 359.00 378.00 386.00 395.00 406.00 391.00 399.00 408.00 414.00 434.00 458.00 482.00 485.00 472.00 460.00 434.00 423.00 406.00 398.00 410.00 412.00 408.00 400.00 391.00 372.00 349.00 346.00 348.00 346.00 337.00 333.00 329.00 318.00 306.00 298.00 291.00 291.00 285.00 264.00 235.01 245.00 264.00
285.00 273.00 257.00 237.00 217.00 213.00 215.00 211.00 201.09 201.09 217.00 221.00 218.00 211.00 219.00 215.00 206.00 206.01 221.00 237.00 241.00 254.00 268.00 287.00 298.00 312.00 312.00 319.00 330.00 339.00 361.00 376.00 396.00 407.00 406.00 413.00 418.00 423.00 433.00 450.00 463.00 475.00 484.00 472.00 430.00 407.00 387.00 378.00 384.00 387.00 376.00 371.00 364.00 345.00 324.00 322.00 317.00 322.00 318.00 309.00 321.00 327.00 314.00 304.00 285.00 274.00 273.00 247.00 235.00 254.00 255.00
266.00 265.00 258.00 231.00 226.00 223.00 223.00 204.00 201.08 206.00 210.00 212.00 217.00 207.00 204.00 201.07 211.00 229.00 236.00 245.00 246.00 256.00 274.00 293.00 290.00 295.00 303.00 304.00 318.00 335.00 342.00 362.00 384.00 391.00 410.00 416.00 411.00 412.00 414.00 433.00 447.00 459.00 472.00 461.00 426.00 398.00 382.00 363.00 363.00 363.00 350.00 345.00 337.00 337.00 309.00 304.00 302.00 309.00 294.00 288.00 298.00 301.00 291.00 291.00 275.00 260.00 247.00 229.02 239.00 244.00 250.00
254.00 252.00 252.00 205.00 201.00 209.00 212.00 201.08 201.07 204.00 210.00 218.00 217.00 203.00 201.06 201.07 213.00 225.00 243.00 252.00 264.00 276.00 290.00 297.00 299.00 292.00 294.00 302.00 317.00 326.00 327.00 336.00 351.00 371.00 396.00 403.00 396.00 389.00 400.00 433.00 448.00 446.00 441.00 433.00 405.00 379.00 363.00 337.00 340.00 345.00 337.00 335.00 314.00 317.00 304.00 296.00 296.00 303.00 286.00 274.00 274.00 276.00 266.00 266.00 268.00 251.00 239.00 229.01 229.01 245.00 259.00
245.00 237.00 229.00 196.23 196.23 199.00 206.00 201.08 201.07 201.06 201.05 206.00 201.05 201.05 204.00 213.00 219.00 233.00 252.00 262.00 270.00 280.00 286.00 287.00 298.00 296.00 297.00 312.00 321.00 323.00 320.00 318.00 332.00 345.00 369.00 378.00 382.00 379.00 400.00 436.00 447.00 439.00 423.00 411.00 386.00 361.00 347.00 328.00 321.00 328.00 328.00 324.00 299.00 284.00 296.00 299.00 293.00 296.00 287.00 268.00 253.00 254.00 259.00 258.00 255.00 244.00 249.00 235.00 229.00 245.00 254.00
220.00 217.00 220.00 196.22 196.22 198.00 205.00 219.00 212.00 214.00 204.00 201.04 201.04 201.05 212.00 223.00 231.00 244.00 259.00 277.00 268.00 268.00 282.00 282.00 294.00 282.00 289.00 305.00 314.00 316.00 314.00 314.00 318.00 326.00 336.00 346.00 368.00 374.00 408.00 430.00 428.00 419.00 407.00 397.00 371.00 345.00 335.00 318.00 305.00 321.00 317.00 305.00 288.00 276.00 286.00 281.00 273.00 267.00 269.00 265.00 253.00 242.00 253.00 248.00 241.00 238.00 249.00 243.00 228.51 237.00 242.00
196.19 196.19 198.00 196.21 196.22 196.23 203.00 208.00 202.00 202.00 201.03 201.03 201.04 201.05 211.00 230.00 245.00 256.00 267.00 269.00 263.00 266.00 282.00 277.00 287.00 277.00 287.00 299.00 301.00 299.00 299.00 308.00 314.00 313.00 314.00 330.00 356.00 378.00 410.00 414.00 398.00 388.00 383.00 377.00 362.00 338.00 319.00 299.00 292.00 301.00 293.00 282.00 271.00 263.00 266.00 262.00 246.00 253.00 255.00 256.00 256.00 237.00 239.00 244.00 236.00 239.00 237.00 228.50 229.00 252.00 244.00
196.18 199.00 196.20 196.21 196.22 200.00 199.00 199.01 203.00 204.00 201.02 201.03 201.04 201.05 206.00 225.00 242.00 260.00 265.00 269.00 259.00 265.00 278.00 273.00 277.00 273.00 282.00 290.00 287.00 279.00 283.00 300.00 308.00 303.00 313.00 332.00 351.00 373.00 404.00 407.00 382.00 370.00 360.00 360.00 350.00 334.00 325.00 300.00 278.00 277.00 272.00 262.00 255.00 255.00 249.00 248.00 239.01 242.00 243.00 246.00 254.00 239.00 232.00 232.00 231.00 228.48 228.49 228.50 234.00 249.00 256.00
196.17 218.00 204.00 196.21 199.00 212.00 208.00 203.00 201.00 201.01 201.02 201.03 201.04 201.05 210.00 229.00 245.00 261.00 263.00 262.00 258.00 277.00 272.00 281.00 275.00 267.00 279.00 287.00 278.00 281.00 286.00 292.00 295.00 308.00 321.00 321.00 329.00 347.00 393.00 406.00 381.00 361.00 348.00 344.00 339.00 327.00 331.00 305.00 267.00 256.00 257.00 252.00 246.00 245.00 241.00 244.00 244.00 239.00 230.02 234.00 246.00 245.00 235.00 228.47 228.47 228.48 231.00 244.00 257.00 255.00 257.00
201.00 214.00 217.00 215.00 221.00 224.00 227.00 223.00 206.00 205.00 210.00 211.00 223.00 225.00 229.00 242.00 252.00 258.00 256.00 252.00 256.00 270.00 260.00 279.00 269.00 260.01 271.00 272.00 272.01 275.00 281.00 295.00 307.00 303.00 307.00 307.01 318.00 332.00 385.00 399.00 374.00 358.00 336.00 321.00 319.00 313.00 311.00 294.00 269.00 249.00 240.00 244.00 247.00 237.00 240.00 240.00 253.00 249.00 233.00 230.01 230.00 234.00 228.46 228.46 228.47 228.48 240.00 259.00 263.00 250.00 243.01
196.15 210.00 231.00 239.00 234.00 243.00 241.00 225.00 213.00 223.00 233.00 236.00 242.00 240.00 243.00 253.00 259.00 261.00 243.01 243.02 245.00 245.01 246.00 257.00 260.00 274.00 283.00 278.00 277.00 272.02 281.00 304.00 321.00 316.00 323.00 328.00 336.00 351.00 377.00 388.00 372.00 361.00 338.00 315.00 301.00 294.00 282.00 275.00 261.00 245.00 228.41 230.00 244.00 234.00 234.00 246.00 256.00 249.00 248.00 238.00 230.00 228.45 228.45 232.00 247.00 246.00 246.00 255.00 252.00 252.00 243.00
196.14 210.00 239.00 237.00 225.00 235.00 241.00 234.00 238.00 243.00 250.00 253.00 254.00 255.00 261.00 255.00 244.00 243.00 246.00 257.00 245.00 252.00 247.00 264.00 276.00 271.00 280.00 295.00 294.00 288.00 292.00 310.00 323.00 325.00 343.00 351.00 353.00 352.00 356.00 364.00 363.00 353.00 345.00 329.00 303.00 290.00 269.00 254.00 247.00 243.00 230.00 228.40 234.00 234.00 228.40 237.00 245.00 253.00 251.00 235.00 228.44 228.44 228.44 254.00 260.00 249.00 241.00 246.00 256.00 252.00 242.00
196.13 210.00 226.00 210.00 202.00 212.00 243.00 245.00 258.00 251.00 243.00 242.00 243.00 248.00 251.00 238.00 235.00 249.00 269.00 272.00 257.00 261.00 266.00 282.00 292.00 293.00 281.00 286.00 298.00 305.00 309.00 328.00 332.00 330.00 343.00 343.00 346.00 324.00 327.00 352.00 349.00 337.00 327.00 319.00 302.00 289.00 265.00 246.00 238.00 239.00 240.00 231.00 228.39 228.39 230.00 239.00 249.00 253.00 246.00 236.00 228.43 228.43 228.43 254.00 264.00 251.00 236.01 236.01 254.00 241.00 233.01
197.00 212.00 205.00 196.12 196.12 214.00 239.00 238.00 242.00 237.00 220.00 222.00 229.00 226.00 217.01 223.00 242.00 260.00 272.00 284.00 277.00 278.00 286.00 299.00 312.00 300.00 281.01 288.00 304.00 309.00 322.00 342.00 341.00 327.00 320.00 321.00 315.00 292.00 301.00 346.00 334.00 328.00 311.00 297.00 288.00 273.00 260.00 241.00 236.03 236.02 238.00 242.00 228.38 228.38 228.38 245.00 255.00 257.00 252.00 246.00 243.00 228.42 228.42 237.00 250.00 245.00 236.00 239.00 249.00 234.00 233.00
199.00 211.00 200.00 196.11 197.00 217.00 222.00 220.00 214.00 214.00 202.01 210.00 223.00 217.00 223.00 237.00 253.00 268.00 266.00 270.00 275.00 273.01 284.00 302.00 319.00 307.00 287.00 286.00 292.00 305.00 319.00 330.00 328.00 321.00 310.00 314.00 316.00 285.00 280.00 297.00 303.00 320.00 312.00 283.00 269.00 263.00 256.00 244.00 240.00 243.00 236.01 246.00 238.00 228.37 228.37 236.00 247.00 256.00 257.00 249.00 247.00 236.00 228.41 228.41 237.00 228.41 228.41 228.42 232.00 232.01 241.00
196.10 204.00 198.00 196.10 198.00 211.00 202.00 201.00 200.00 202.00 205.00 208.00 208.01 213.00 232.00 246.00 261.00 270.00 273.00 271.00 273.00 274.00 279.00 300.00 318.00 320.00 299.00 286.01 288.00 295.00 314.00 320.00 314.00 306.00 302.00 315.00 322.00 305.00 283.00 271.00 279.00 297.00 295.00 271.00 252.00 251.00 250.00 250.00 244.00 248.00 239.00 236.00 232.00 228.36 228.36 230.00 245.00 256.00 259.00 240.00 236.00 229.00 228.40 228.40 228.40 228.40 228.41 245.00 255.00 242.00 247.00
196.09 196.09 196.09 196.09 196.09 196.10 196.11 196.12 209.00 221.00 227.00 219.00 208.01 213.00 225.00 240.00 261.00 273.00 278.00 276.00 286.00 281.00 282.00 302.00 314.00 322.00 309.00 297.00 301.00 296.00 315.00 321.00 311.00 294.00 301.00 318.00 327.00 301.00 286.00 268.00 271.00 277.00 273.00 267.00 254.00 247.01 247.00 246.00 236.00 241.00 235.00 228.35 228.35 228.35 231.00 241.00 256.00 252.00 256.00 246.00 238.00 228.39 228.39 228.39 228.39 235.00 246.00 254.00 258.00 253.00 260.00
196.08 196.08 196.08 196.08 196.09 198.00 214.00 213.00 229.00 249.00 253.00 243.00 236.00 236.00 242.00 247.00 271.00 281.00 276.00 281.00 292.00 285.00 297.00 313.00 329.00 321.00 313.00 304.00 303.00 307.00 314.00 310.00 307.00 287.00 296.00 325.00 315.00 295.00 288.00 270.00 260.00 254.00 258.00 262.00 271.00 261.00 256.00 249.00 234.00 233.00 233.00 228.34 228.34 228.34 236.00 253.00 259.00 239.00 248.00 252.00 240.00 230.00 228.38 228.38 228.38 237.00 243.00 244.00 261.00 260.00 250.00
196.07 196.07 196.07 203.00 202.00 219.00 235.00 239.00 248.00 257.00 258.00 268.00 267.00 266.00 261.00 255.00 276.00 286.00 283.00 292.00 301.00 298.00 303.00 317.00 324.00 313.00 312.00 303.00 294.00 310.00 314.00 306.00 296.00 282.01 295.00 303.00 290.00 279.00 279.00 266.00 258.00 243.03 246.00 249.00 267.00 267.00 256.00 246.00 236.00 230.00 234.00 232.00 228.33 228.33 244.00 244.00 246.00 231.00 239.00 245.00 233.00 230.00 228.37 228.37 231.00 246.00 246.00 243.01 256.00 254.00 245.02
202.00 196.06 196.06 200.00 211.00 217.00 227.00 237.00 246.00 244.00 252.00 269.00 266.00 267.00 260.00 256.00 271.00 279.00 287.00 303.00 320.00 314.00 312.00 316.00 298.00 294.00 303.00 303.00 290.00 301.00 307.00 302.00 294.00 282.00 288.00 291.00 276.00 261.00 259.00 263.00 258.00 244.00 243.02 254.00 260.00 253.00 246.00 234.00 237.00 229.00 234.00 238.00 228.32 228.32 230.00 228.32 234.00 229.00 228.34 244.00 231.00 228.36 228.36 228.37 239.00 249.00 243.00 247.00 257.00 257.00 245.02
207.00 197.00 196.05 196.06 199.00 203.00 215.00 226.00 236.00 237.00 248.00 257.00 251.00 254.00 253.00 254.00 272.00 281.00 286.00 301.00 319.00 327.00 320.00 303.00 284.00 274.00 284.00 297.00 279.00 289.00 299.00 300.00 295.00 282.00 275.00 285.00 285.00 273.00 255.00 252.00 265.00 249.00 243.01 256.00 248.00 240.01 240.00 230.00 228.31 228.31 231.00 236.00 228.31 228.31 228.31 228.31 232.00 228.33 228.33 242.00 230.00 228.35 228.36 228.37 229.00 238.00 246.00 255.00 251.00 246.00 245.02
199.00 196.04 196.05 196.06 196.07 202.00 217.00 228.00 234.00 242.00 248.00 250.00 239.00 242.00 244.00 257.00 277.00 275.00 270.00 288.00 316.00 328.00 314.00 291.00 274.00 270.00 278.00 282.00 260.00 277.00 291.00 283.00 279.00 275.00 270.00 280.00 274.00 265.00 255.00 237.00 243.00 244.00 243.00 250.00 248.00 251.00 241.00 235.00 230.00 228.30 228.30 228.31 228.30 228.30 228.30 230.00 233.00 228.32 228.32 228.33 228.34 228.35 228.36 228.37 231.00 235.00 253.00 262.00 254.00 251.00 256.00
196.03 196.04 196.05 196.06 196.07 208.00 216.00 224.00 227.00 236.00 245.00 238.00 230.00 236.00 242.00 251.00 261.00 252.00 256.00 282.00 316.00 329.00 314.00 292.00 271.00 261.00 263.00 270.00 257.00 271.00 277.00 268.00 267.00 261.00 267.00 277.00 271.00 256.00 246.00 241.00 235.00 232.02 232.01 235.00 252.00 244.00 229.00 228.29 228.29 228.29 230.00 236.00 229.00 228.29 228.29 231.00 228.31 228.31 228.32 228.33 228.34 228.35 228.36 230.00 242.00 243.00 250.00 263.00 263.00 253.00 260.00
200.00 204.00 197.00 200.00 199.00 203.00 208.00 216.00 225.00 225.01 226.00 225.03 230.00 231.00 235.00 240.00 251.00 255.00 266.00 288.00 308.00 320.00 316.00 302.00 285.00 267.00 254.00 260.00 249.00 269.00 259.00 258.00 252.00 260.00 272.00 280.00 276.00 267.00 255.00 255.00 239.00 238.00 246.00 232.00 237.00 240.00 231.00 228.28 228.28 228.28 231.00 228.28 228.28 228.28 228.28 235.00 228.30 228.31 228.32 228.33 228.34 228.35 235.00 230.00 244.00 253.00 252.00 260.00 272.00 256.00 255.00
218.00 217.00 201.00 197.01 197.02 197.03 200.00 217.00 229.00 225.01 225.02 225.03 225.04 225.05 231.00 236.00 257.00 280.00 291.00 297.00 303.00 312.00 310.00 308.00 293.00 276.00 252.00 241.00 243.00 253.00 237.00 239.00 249.00 260.00 270.00 282.00 279.00 265.00 264.00 259.00 245.00 259.00 255.00 241.00 228.27 232.00 230.00 228.27 228.27 228.27 228.27 228.27 228.27 228.27 228.28 228.29 228.30 228.31 228.32 228.33 228.34 228.35 240.00 237.00 252.00 252.00 247.00 251.00 261.00 262.00 258.00
217.00 222.00 200.00 197.02 202.00 198.00 198.00 215.00 226.00 229.00 229.00 227.00 225.04 231.00 241.00 246.00 263.00 294.00 313.00 312.00 310.00 312.00 301.00 299.00 286.00 278.00 255.00 230.02 230.02 235.00 235.01 239.00 254.00 264.00 273.00 280.00 281.00 275.00 267.00 262.00 255.00 249.00 249.00 237.00 228.26 231.00 240.00 228.26 228.26 228.26 228.26 228.26 228.26 228.27 228.28 228.29 228.30 234.00 232.00 234.00 246.00 228.35 234.00 236.00 246.00 239.00 245.00 246.00 247.00 255.00 260.00
