CHESS/lxh_sk/geo/lxh_sk.aspect
ncols         392
nrows         434
xllcorner     775806.62903
yllcorner     2617280.34204
cellsize      90
NODATA_value  -9999
[rows 300 to 329 of 434, columns 132 to 197 of 392]
153.5146 191.26 211.2823 214.8919 211.008 209.7449 208.2782 204.1071 203.3078 195.0895 183.3052 173.7387 161.2287 167.5249 197.3899 227.7426 233.1596 176.6335 133.8127 174.5226 243.203 255.4165 261.5219 266.0548 200.7722 146.3099 152.2415 154.179 134.6886 117.2202 107.8503 102.9693 97.80244 92.10909 91.00509 91.04163 86.49647 90.85509 106.6992 113.5631 114.2613 117.8973 108.2928 1.005086 318.42 326.8024 3.483271 86.69814 110.0561 118.9797 102.3554 79.81484 69.52955 66.12068 51.34797 261.6824 256.5849 257.5351 273.0733 293.1063 295.3221 287.5976 280.2222 273.4533 259.2869 93.84414
135.5357 195.474 243.5072 240.66 226.326 219.1634 216.2727 207.5301 196.8937 190.3758 189.4623 180.8551 147.0948 152.7232 199.0079 231.6251 228.963 181.5694 144.9 170.5817 243.1848 250.9872 247.7038 231.6208 177.2536 153.1381 156.9487 150.9983 136.9001 129.2041 126.6834 130.9666 133.0182 126.3165 120.4581 117.0438 110.4623 107.6725 117.8596 128.2902 123.4607 116.6617 39.40066 322.8712 320.4403 347.1523 69.81419 106.4222 128.1117 138.3178 123.5729 73.01789 59.79239 58.98826 58.40435 262.2643 250.4476 250.2648 259.0114 270.3015 270.5758 258.1188 243.9498 238.1246 210.1137 95.34708
158.5622 241.214 266.9653 256.9726 236.6115 223.9456 220.2609 211.112 199.3716 205.2631 222.3974 174.1933 134.7106 145.8347 197.2551 231.6799 225.34 185.6774 159.4867 178.5559 236.8887 244.5876 238.806 222.4582 191.8723 175.0063 162.2352 124.4722 118.3008 118.8964 118.3185 124.0518 133.698 130.6173 127.6614 129.2623 122.3807 113.2842 114.4698 123.6901 118.5707 50.63068 329.1083 319.5309 330.3169 56.88866 102.6804 116.0535 130.7108 150.2852 169.2869 157.4162 82.87498 69.03149 69.97276 37.87498 260.011 264.015 266.0378 261.9524 254.8554 241.8656 232.6404 228.9693 220.2058 112.9887
194.3593 244.7989 260.8954 262.5906 257.7995 247.9541 240.6039 234.2239 234.8658 258.8453 260.3803 132.7974 124.9354 141.1466 195.0413 230.6144 224.8128 190.3859 169.7317 188.6156 237.3997 248.2592 245.9601 235.5187 220.5613 225 209.9315 99.89392 104.4 107.796 101.8812 98.80266 108.5458 117.0991 118.794 122.4712 123.8962 120.5153 111.6444 100.008 26.81096 337.6646 329.0363 327.0223 16.18921 98.26319 113.6988 112.4469 95.94686 90 137.3859 172.4053 163.8255 123.2749 101.0923 65.74426 278.3799 274.1576 267.9399 258.8759 262.5284 271.9021 273.0876 259.6513 237.6606 198.1381
215.1342 247.223 260.4657 277.2303 301.1652 318.9452 315 304.095 302.2425 291.3093 223.4089 123.3566 117.4248 129.7099 191.1779 232.36 228.4814 198.2945 180 207.5907 247.8999 255.7415 255.0524 248.2842 238.4859 238.2213 202.3801 120.8124 118.7479 123.4783 115.2363 104.1435 107.4472 116.8619 122.2213 122.6192 122.6609 117.0465 91.35747 40.1148 340.1679 327.9946 329.9729 335.4496 102.019 102.5478 91.33222 48.78611 28.57461 49.14462 85.28735 139.5323 164.4169 151.094 124.3191 332.5924 289.0751 280.8008 278.6627 277.1046 280.3973 292.7919 299.9729 273.633 199.8265 183.3178
225.4182 251.9958 259.9784 271.7075 295.4729 324.5989 335.031 303.8571 249.6559 216.5289 161.7711 129.8572 119.6967 122.6841 182.49 235.3596 235.7131 212.8208 211.866 253.8866 265.0063 263.9233 262.4401 256.1453 243.8471 235.7843 185.6483 129.8251 126.8474 138.0128 142.5564 130.5467 122.3406 126.8404 135.5004 129.3176 104.404 54.05072 37.68447 4.105099 329.6209 326.3099 29.74488 139.2589 126.2538 85.05403 33.41658 17.89188 31.51694 66.02074 82.71404 98.40556 130.2418 137.4895 7.922791 322.5563 288.8649 284.1514 291.4677 290.8694 276.3402 260.5377 215.7644 185.9571 167.2875 174.2558
240.2126 252.4145 249.6352 246.3027 241.9074 223.6574 180 175.1148 181.757 186.1702 173.211 147.8428 125.1017 106.9298 142.3524 240.6392 236.4241 225 247.1355 274.3987 280.8016 277.0869 275.3418 274.6949 270.2283 253.8481 159.7751 119.4537 116.1543 127.4303 139.7802 135.9361 126.4883 122.602 120.4799 70.01689 11.0635 20.50143 32.43465 4.55995 317.07 218.6598 122.5351 125.0729 120.9532 10.81891 13.89119 39.48509 66.30931 78.88407 76.29014 71.37533 60.63842 319.6355 321.2171 307.9542 285.2551 276.1736 269.6649 256.6477 246.0863 220.1469 188.6525 178.9733 160.5488 171.8699
258.8305 251.304 237.0568 225.5787 213.3453 198.2085 178.2397 168.016 175.0577 186.538 186.3729 177.8142 167.8557 49.20597 55.72202 243.7489 243.1992 252.9698 270 282.7656 289.3119 286.3231 284.8444 292.2817 307.3493 322.2061 103.5232 107.3985 103.6382 103.7105 111.4534 118.4956 112.4727 80.37475 18.24268 357.9944 3.51375 42.17785 58.19061 51.54629 139.2364 152.488 128.0081 111.6343 329.9314 311.2917 24.02651 71.38141 80.65533 76.57177 65.79173 60.01405 57.23733 50.19443 256.8873 283.6713 278.2494 260.4858 241.4869 227.2457 226.8934 213.1664 197.6165 178.4349 153.2051 173.6592
258.5549 244.0256 221.6003 216.4261 211.7769 200.6517 182.3533 167.2929 175.4139 194.5582 201.5953 211.0455 239.1495 105.2551 96.41163 171.6879 248.1544 267.3458 279.6166 289.3845 293.0968 288.7413 286.472 293.293 312.6746 32.76389 94.17477 100.3717 97.29864 95.46909 97.02396 96.58195 69.35301 8.039445 357.1844 12.72436 61.87627 90.3274 86.7603 86.98721 104.1843 119.9315 101.5922 62.70396 319.1976 312.0489 23.62938 66.93388 71.84386 64.67582 61.38954 64.70529 68.05642 71.04439 271.1516 281.1069 285.5111 275.4301 269.7805 264.7497 245.556 228.0529 209.9315 175.3999 153.1104 221.0091
238.815 211.4641 194.3614 222.2619 229.3461 204.5672 181.7848 171.9624 187.5394 204.2173 208.3289 219.1844 231.0502 193.7531 119.3467 158.587 246.6292 253.8399 263.6264 277.0552 283.4274 281.7516 278.521 274.5632 254.4759 124.2541 111.9911 103.8812 98.70222 100.5659 97.41586 73.44293 24.91802 352.9333 24.90477 102.6086 116.4449 117.2161 98.97263 96.24837 93.9005 36.25384 23.79077 16.55707 325.7289 316.5911 25.44175 68.55226 72.67208 69.00128 72.50645 77.66091 80.56074 80.66904 266.1254 266.1898 280.3416 298.9183 308.6076 323.4986 326.489 304.0193 217.875 197.354 319.5511 312.3929
219.4725 195.141 194.8586 246.7443 241.4068 185.4281 174.5597 182.0454 203.6164 199.0256 199.4291 214.9534 224.7982 198.9967 139.1134 177.3741 247.1748 247.4292 249.9218 253.2319 254.9137 254.782 245.1505 223.9978 191.8336 159.706 139.1849 118.4956 105.0791 101.0734 87.32457 44.42706 40.39991 88.15239 130.0834 121.5925 124.1145 136.3479 117.9921 101.4966 34.28688 348.6901 12.72436 16.07357 326.1951 318.6914 61.1645 86.83367 83.44582 81.64193 88.02506 85.69894 82.3332 81.79661 233.2361 249.8532 261.8325 278.7789 292.2917 304.8545 313.2376 344.8989 350.6553 326.2008 331.7458 307.4347
202.9321 204.9739 242.8787 257.7791 217.3255 169.1405 175.2979 200.521 212.1593 191.2008 200.0043 228.5424 235.8501 196.7209 157.6003 191.3979 218.1673 218.2783 221.0548 218.0641 218.0497 217.9008 206.371 196.8995 190.6822 182.4471 169.4439 141.941 117.7231 104.9314 95.42059 93.71529 100.9679 111.7271 120.6407 116.8725 121.5222 140.1173 120.5297 38.4802 344.1161 348.5245 23.60019 25.75047 316.5911 312.3974 87.43623 84.61069 74.60445 81.74411 94.04449 94.96179 87.20371 83.42682 99.66145 248.0404 253.828 252.6316 237.7153 211.8094 210.0049 208.7398 249.444 280.561 294.6468 284.8084
201.0923 225.9964 242.6676 224.1512 187.8917 170.967 194.1332 221.0741 206.565 189.8336 228.0128 259.8678 254.8698 176.9059 150.6777 200.3764 207.2286 200.7526 207.4744 209.7133 214.9442 212.877 199.6741 198.148 202.79 199.2525 184.844 163.1063 143.8164 127.0107 128.6095 145.3048 138.5487 128.3865 125.7617 123.2177 127.2079 133.5679 27.64598 331.336 331.5873 84.28941 120.4998 141.9811 221.0548 203.6294 100.0691 75.63541 78.48617 87.29208 87.63676 83.70457 77.56287 68.23107 47.62888 273.68 256.0678 246.2043 224.7465 205.7407 205.9065 206.6837 210.9638 220.0137 227.3278 253.1132
206.3177 225.4697 225.3649 205.7873 190.3365 189.9506 216.142 213.3312 195.8902 207.5701 249.0503 252.3777 219.03 177.1534 174.1047 278.9432 197.2893 197.7004 221.4237 234.0085 241.1315 231.4908 214.1145 223.6589 229.7955 211.5974 186.4392 172.4762 167.7177 147.5288 133.3445 149.3074 151.6992 137.8768 139.2642 146.6074 161.1616 185.1022 214.6952 195.8519 165.0464 160.3167 163.1699 177.4705 199.8407 207.0721 152.418 107.3332 105.4993 94.83659 74.93151 62.18571 54.33839 45 38.23288 19.97147 256.9642 252.395 244.7392 235.0691 247.225 264.1554 275.371 273.8141 272.0214 275.2578
134.8955 227.1561 227.3863 219.0754 209.2488 205.0836 212.3196 204.7751 208.5231 236.0409 244.1252 222.2242 196.742 205.4976 229.357 198.435 151.3895 192.875 242.8019 259.3461 266.0548 261.7644 249.5308 252.3203 246.1089 213.6185 179.2808 180.4696 190.9722 151.4342 134.4437 155.2437 150.2551 131.6754 140.114 157.0256 177.3458 192.7111 187.0735 173.4312 164.278 161.8299 169.8019 191.1717 208.7279 208.2664 173.9498 143.4927 139.1446 124.5085 71.131 58.33278 51.90222 50.65442 60.72475 72.15788 257.3474 263.818 276.0396 304.5226 315.3472 320.7487 321.6325 316.9415 296.3898 266.2415
64.57391 284.3032 259.1814 238.1092 216.5111 207.3874 219.3693 231.7662 254.3578 253.8108 231.8182 205.5885 209.1199 226.6135 216.1666 191.3099 180 205.8664 251.8058 265.6526 271.0659 275.9882 275.2503 256.9726 231.9811 195.1011 176.1575 189.4623 195.6422 151.9158 141.8898 167.8894 153.5326 129.3327 133.0475 150.9777 180.3494 191.3099 176.5454 168.4862 167.2187 164.7449 173.4055 199.2744 210.0246 194.1189 167.7472 156.0501 166.2777 182.7263 159.8637 96.25404 83.96232 93.66193 98.71746 93.50662 282.4167 270.1451 266.9191 272.4896 277.8417 268.8983 241.7826 219.5597 213.9063 234.2239
100.8918 286.7715 269.9788 243.0343 219.1737 215.1807 235.4599 250.8664 255.6507 233.1301 209.2914 203.334 223.2986 222.2073 208.9336 205.8011 213.1785 225.924 254.8091 262.875 258.0481 239.8797 215.8584 212.6446 202.0761 187.2243 183.5323 190.204 185.1326 157.0362 149.8913 172.5394 165.1631 131.974 120.4655 135 172.9498 183.2155 170.7667 166.5948 171.4842 171.0817 176.6101 198.7815 204.8171 183.5498 162.9892 162.4266 180.3452 192.0306 191.3099 167.7352 106.607 84.26662 68.66314 37.18471 330.6859 288.7886 257.1618 222.1545 211.1514 208.241 197.1659 194.5966 218.2409 244.3087
151.6992 270 258.1113 244.0935 223.0448 223.6165 239.6589 241.6992 226.5482 197.2815 198.435 226.7357 259.6513 268.7811 252.1213 233.7462 230.4403 232.2143 254.2814 256.185 236.5346 206.2948 195.4885 200.4474 197.5855 187.3472 183.9767 183.8323 181.8823 164.2345 152.3933 170.5377 176.6566 145.7057 122.6192 125.3673 153.9526 171.5151 169.0175 168.0659 174.451 176.4065 179.9934 198.4331 199.7982 176.4529 160.2274 166.2588 186.5515 192.6851 200.7727 195.5699 152.2415 74.45367 39.18752 22.80228 344.8355 308.019 268.3694 207.7208 207.8076 213.588 207.0127 213.0558 249.918 253.0245
338.192 335.3266 344.0546 321.9112 331.4791 312.7094 270 254.7449 246.8014 250.56 294.3045 305.4555 315 334.6307 1.674838 355.8554 271.5482 269.4838 270.339 253.0508 219.5273 195.0089 201.2973 214.8058 205.1593 181.4783 176.8892 182.5548 184.1624 170.8783 159.0901 168.0239 173.991 158.6928 141.5134 130.0963 135.3673 158.1391 167.9053 169.5393 175.2978 179.9243 183.4733 204.3978 193.1511 167.7755 157.1609 166.1109 191.3163 194.046 208.3555 201.9105 185.0702 173.2488 138.1876 85.67577 317.9182 271.1516 264.8118 206.9655 216.2795 231.3037 239.0389 260.48 275.3893 275.3767
336.6951 346.2319 12.86275 344.7449 343.387 351.5098 342.1109 325.758 326.5922 342.4076 331.8584 315.6194 313.9036 331.8214 18.27711 32.71605 332.1619 302.1712 290.3084 264.1554 219.6442 191.8644 228.0356 235.112 196.3587 169.6409 176.6822 187.4716 181.0975 173.1572 168.7831 161.565 159.1284 158.1336 153.3444 138.3199 126.6729 134.8782 90 90 90 90 90 224.7074 182.7849 140.5112 132.5385 90 90 90 224.8074 203.7737 189.1853 185.3827 176.4641 156.3293 217.5771 274.0256 311.4006 41.36456 329.8507 287.3201 290.7504 304.6703 313.0347 320.7872
331.1721 341.834 27.1213 345.9637 334.4115 348.9511 351.2292 333.5661 327.6526 345.0271 331.6992 301.2469 291.0375 297.582 38.65981 59.56577 358.7811 265.6013 245.3532 247.7297 197.7447 180.8551 245.1062 230.2812 167.8848 163.5296 185.6307 187.2243 176.1171 177.732 180.6903 149.2903 129.9306 133.3153 137.1476 122.1885 108.001 315.3383 337.4408 3.763019 26.92822 45.46937 90 90 90 90 90 90 90 90 90 90 90 81.8699 45 8.116109 291.8923 294.3623 329.1487 17.59289 344.6389 322.2332 319.1331 324.8589 334.4786 351.4769
329.0475 267.0015 70.82099 318.9005 301.569 318.5035 332.1027 311.748 306.4692 335.8545 327.6996 297.929 295.0169 301.1088 48.30186 73.79098 77.73523 219.5077 214.8753 220.7636 186.8817 201.666 252.2695 209.6785 146.2168 160.0113 198.7353 185.1022 167.8763 177.5998 187.5947 166.8908 129.7376 84.95755 62.10273 73.20422 82.55066 270 277.1974 325.3143 351.1163 3.004807 19.26698 39.90974 45.78828 90 90 90 90 90 90 90 81.8559 45 8.130102 0 277.178 281.6691 310.7895 354.6281 341.2465 329.234 327.2435 330.9633 340.6669 2.299799
111.5113 200.2454 172.4437 226.3331 235.7843 237.7575 268.4089 289.0412 298.9797 330.3128 334.584 312.7852 314.7205 339.121 33.59345 61.00102 51.91123 4.398705 297.3499 219.7204 199.9366 233.6875 241.1134 179.4493 142.1358 155.9991 266.6296 160.2011 130.2364 149.2911 180.5228 180.4206 175.4947 176.7699 84.47246 87.64348 92.77647 224.6617 213.2882 251.2869 291.0527 342.3072 24.58145 34.88191 17.95745 26.12462 45.23067 90 90 90 90 81.88389 45 8.144101 0 0 262.9032 265.7578 278.7462 316.2563 326.9472 325.5453 325.3777 328.249 338.8104 6.508956
97.87808 306.8297 329.1037 306.6262 276.3402 274.6001 286.336 296.2587 303.3407 321.1829 328.8655 318.5292 318.9909 355.3999 49.36526 47.80245 28.41266 12.0306 21.47679 44.98361 248.7495 253.7366 237.3391 185.2203 317.8053 334.4405 358.8182 62.35402 107.4635 120.9116 139.125 183.5181 229.0768 268.8974 61.99082 75.37913 71.72532 45.59739 224.1791 236.416 227.4823 217.3188 154.8104 87.10172 78.64583 90 90 90 90 90 81.8699 45 8.116109 0 0 0 246.8609 252.1441 257.2386 270.971 291.0738 306.1142 315.3626 317.8025 330.3215 9.057888
24.93371 341.5421 342.8218 352.1592 336.9487 309.4278 299.2488 301.5904 309.6184 311.6087 311.7295 311.4237 317.5858 37.50414 64.79887 22.14124 18.43495 30.67728 53.27589 52.43248 332.6929 304.214 301.7014 323.5615 329.39 336.4646 15.52411 58.79948 69.48841 49.46339 43.45937 41.18881 260.7421 259.9872 36.26046 69.55343 73.48849 84.61079 90 224.7879 211.0039 205.9948 188.5536 157.0229 148.5498 153.8754 134.7693 90 90 81.8559 45 8.130102 0 0 0 0 244.6618 255.2751 253.0793 249.9878 256.3287 267.5805 281.2425 287.354 295.5885 355.192
17.86486 342.646 330.4463 352.304 351.573 319.4474 299.8201 296.6687 311.9872 316.5694 302.2864 296.6706 312.2475 47.83411 39.1304 350.0316 16.48445 46.6181 48.76403 22.56701 352.9211 342.1811 321.0542 301.9081 304.6952 315 25.55997 48.17983 25.6848 11.75364 25.85019 38.09735 33.82257 223.6581 201.1402 110.4905 97.77846 124.7383 90 90 90 224.8062 200.1458 163.2211 134.8351 90 90 90 81.88389 45 8.144101 0 0 0 0 315.4618 315.0392 299.0359 277.3159 255.689 251.565 250.6745 246.9487 245.1275 247.1219 284.37
33.82616 342.2768 327.8581 348.3407 351.7593 332.7276 315 300.3791 307.0645 319.3987 308.7007 298.9601 316.0051 32.15229 20.85446 341.3814 15.90618 47.27922 33.62852 7.431408 7.514778 12.72436 342.2996 301.8908 277.125 258.6901 329.6209 28.1416 16.64504 16.13728 34.35713 44.57236 37.20328 13.28752 206.4647 106.6208 63.36634 24.04837 45.1933 90 90 90 90 90 90 90 90 81.8699 45 8.116109 0 315.5799 0 44.42012 0 302.9548 303.0535 305.4759 303.4862 284.5067 265.3645 251.1753 239.2447 239.4568 254.9911 282.6966
15.61099 339.4737 342.3874 355.4922 349.7164 339.201 332.5799 319.946 313.2322 313.2902 311.7191 308.5533 322.5074 27.05755 15.19089 338.0704 33.7992 61.14434 20.9497 359.0833 21.22765 25.5192 357.4266 344.2113 348.4078 288.4349 274.8991 53.1301 87.95459 91.90915 77.30733 62.44719 43.74082 15.55763 3.018069 12.99461 18.16096 29.47704 34.01345 354.1626 8.658917 31.29897 45.46841 90 315.2329 0.2316033 45.17292 45 8.130102 0 0 305.3874 355.9324 47.15724 44.21976 274.6758 271.1045 266.1063 271.9368 282.4396 273.3468 252.5528 242.1822 248.9445 264.3032 280.8796
348.2935 332.7097 345.8542 1.573664 352.771 340.7553 339.2784 338.4287 338.334 320.4774 310.3141 314.0954 333.1595 29.96957 23.57471 355.8151 99.78241 70.66519 343.3612 355.791 33.24494 29.20407 3.110841 9.668669 36.60707 319.3987 311.6335 56.88866 106.1892 135 141.2635 120.6 111.2796 194.0362 318.9452 57.38076 96.76617 100.8417 63.36653 337.9467 34.46998 72.38892 90 90 270 81.88389 89.88452 8.144101 0 0 0 292.4477 342.139 45.65717 51.5706 243.467 240.466 240.1972 255.5679 266.3086 265.899 259.3078 256.3994 258.2834 261.9656 268.2882
333.9704 323.5308 342.3177 3.59501 355.9036 340.744 341.5651 349.886 357.8789 340.56 318.8482 320.3282 349.6635 51.99192 72.97948 109.3978 95.90614 343.2016 326.3771 5.927504 48.36646 43.57973 24.8142 55.30485 51.88173 316.3169 335.3532 63.43495 79.8907 98.35435 135 149.6036 150.9403 189.4572 193.4458 159.0458 155.6751 160.7425 180.9314 207.3376 140.1312 119.9444 134.5316 90 224.8253 179.8839 134.7677 0 0 0 315.2309 290.981 326.1819 48.66838 64.26591 270.1932 272.514 277.389 275.6525 267.8931 266.1859 274.5818 275.0131 266.5587 257.7062 253.9113
