CHESS/lxh_sk/geo/lxh_sk.slope
ncols         392
nrows         434
xllcorner     775806.62903
yllcorner     2617280.34204
cellsize      90
NODATA_value  -9999
[rows 351 to 377 of 434, columns 183 to 243 of 392]
1.697779 8.992924 21.55772 39.98866 45.54033 37.13636 19.07467 1.06752 13.55267 18.96232 15.67249 13.45389 19.67789 23.02175 25.36361 27.79787 29.56607 31.42035 32.41965 31.85965 30.1988 29.6638 30.166 29.61141 29.58242 29.27358 29.29727 26.06408 15.11961 16.64404 22.12622 20.84855 23.36263 25.4062 27.23127 27.54694 25.79009 23.2924 21.34035 18.54641 14.22254 10.74385 4.866459 6.952056 17.6118 16.09221 17.13071 22.52238 18.0539 12.59685 6.962017 6.62069 8.716697 16.79758 26.51919 26.93521 28.63662 30.17935 24.89135 16.1712 21.7759
3.981865 2.024249 9.529481 28.49255 42.50586 44.45422 33.35918 21.1059 11.54527 3.985147 3.068794 4.972358 14.7384 23.03298 26.33084 27.94876 31.20965 32.56287 31.42035 28.59494 27.4708 27.15434 26.8414 27.25299 28.62867 26.13649 22.50576 22.33361 19.03006 18.75163 25.10147 22.70664 24.25428 22.45651 21.1201 20.67931 18.37814 13.82849 13.02615 11.94327 11.96126 13.43541 12.66706 3.94586 11.7632 16.91951 21.0322 25.478 21.70248 18.45672 13.52273 14.22533 15.18957 6.864999 21.87104 29.18679 30.49113 30.20603 26.5447 21.37638 21.93258
7.7524 6.751661 5.849756 18.11949 31.00272 39.65771 38.0154 31.43483 28.30145 24.48085 18.32982 11.19988 4.733249 11.00792 17.34677 20.17796 20.16205 16.83411 12.55248 7.78913 9.622177 11.85034 9.87216 9.916435 12.3424 13.29506 14.60408 12.40393 16.97361 23.11029 25.53028 22.19303 16.37669 2.625423 9.453284 16.3611 19.94914 20.20047 18.44986 13.82129 9.317245 5.363853 9.719868 12.62743 12.29312 19.54053 21.89663 23.37104 17.00141 12.67805 9.841905 14.48794 17.20159 7.84838 12.81793 25.91938 29.26202 31.57078 32.95499 30.37995 25.24899
10.10107 8.397502 2.81123 16.16903 22.07576 25.13645 28.44088 28.14606 27.55926 26.39386 24.38486 24.36138 23.95335 20.85868 14.77097 10.21106 13.47834 19.52558 23.06751 21.91627 14.75686 8.889544 11.48119 15.86965 17.12776 17.67114 13.81052 2.068116 9.245604 16.36283 15.55252 9.585982 15.97784 21.1785 24.45489 25.92637 25.49104 24.40972 22.9774 22.12786 22.62393 21.75967 19.93999 23.30149 22.77684 23.78059 22.82041 20.3075 11.43248 11.10815 13.59981 12.44221 14.79799 15.65093 10.56283 14.54954 20.56819 26.42742 28.20826 23.95937 15.12876
7.179646 10.25633 2.52592 17.45351 21.82283 19.4601 13.67167 12.83962 16.3604 15.85417 16.76567 21.87223 26.85461 28.17959 28.28871 28.73316 30.47063 29.85131 27.2862 25.73083 20.95865 10.30979 9.064293 12.67243 10.16041 9.967212 8.143088 1.061574 9.553842 11.86496 6.684264 14.74194 20.3623 21.54514 21.64941 20.44452 17.76437 17.40436 16.58554 15.34857 19.00254 24.02984 26.77659 29.22114 27.18843 24.71299 23.44415 19.86658 13.3481 16.90087 15.04237 13.3987 16.75086 19.53914 18.74112 12.53118 3.945476 10.13408 18.61584 19.27006 9.374783
8.864676 11.48746 4.05246 15.53076 20.65546 18.57541 14.05703 13.22173 14.43973 12.20415 10.50768 12.68723 15.90845 19.76144 22.8068 23.17588 19.00656 12.52881 12.00312 18.56092 16.79758 7.605224 6.514578 12.74007 9.191033 8.854292 9.807973 6.910323 9.034147 9.547723 3.05437 10.11248 9.496453 11.80838 13.49533 11.00628 9.377389 11.89062 14.86002 15.15312 12.63494 12.90947 17.51054 22.14254 19.75306 16.85156 18.2135 17.96814 16.72104 21.61113 16.80496 8.565999 4.87429 5.789911 9.616484 11.72488 11.03955 6.370145 12.84653 21.5541 17.44955
11.65326 12.7289 8.137836 7.879004 17.75592 23.69487 26.60832 25.83787 25.09915 19.67351 7.812887 2.387217 1.575157 3.259001 6.389126 5.452944 11.77947 20.9579 24.78043 22.63455 15.90306 8.831402 5.070965 11.58364 10.18249 11.81648 15.04889 16.29439 14.88529 10.93595 7.303762 12.21001 8.207208 4.796455 5.716062 6.986941 8.690595 8.864676 13.56869 18.18084 14.38608 11.12602 12.3881 15.61613 10.92105 6.104144 5.288095 6.991884 11.05127 20.25422 21.64869 15.60549 6.944157 4.920388 2.776981 1.805938 4.132316 3.817637 8.052531 21.46087 24.80272
15.95999 16.64404 15.46042 7.467286 3.42422 8.550918 11.78861 15.01549 21.64171 26.13866 20.34973 17.51016 18.7128 14.68268 10.36842 14.96581 19.99159 22.665 22.25978 15.68928 7.673219 2.596398 2.149056 7.27656 12.38858 15.82533 16.51 16.20105 16.32987 14.65363 12.72658 15.136 13.96488 15.91884 17.27145 15.33733 13.60973 11.76015 16.55927 18.69577 8.792413 7.291874 16.40159 21.97244 17.97214 13.70062 10.08953 3.706661 4.016231 13.18702 22.64787 26.05222 17.83583 12.2407 6.469629 6.466048 13.10971 16.84391 18.47309 25.13722 30.47621
23.43427 23.57575 23.5683 23.11489 20.13444 15.45485 12.05818 9.890635 14.24416 27.76503 31.6614 19.47372 16.49388 15.53039 11.24009 13.58685 15.61576 18.02353 18.77264 12.24314 8.619631 7.994872 7.45401 8.21921 9.807204 10.07155 9.809067 8.171844 10.40343 12.08191 14.94727 17.13366 18.83633 20.01518 18.20543 16.94476 15.27421 17.226 22.67447 21.87579 13.008 10.79377 3.710315 14.47189 18.83343 18.89773 15.89667 10.05818 3.023652 5.740431 15.06153 24.84877 27.43596 23.81646 19.65788 16.68639 16.69688 19.77104 20.35707 24.9084 29.93152
29.75075 30.92701 31.14935 31.7995 31.11718 28.06119 25.15362 24.33076 27.38759 32.88583 33.22087 17.41174 8.485238 11.36293 8.376519 10.02559 11.76829 17.88245 20.40412 15.22251 13.59593 16.69992 16.78852 12.83731 7.444868 4.940735 6.230139 3.77592 7.22012 5.944238 10.77417 14.11628 15.54257 14.21795 16.93812 17.75436 16.91519 20.9438 26.21635 26.05933 16.43886 15.92314 18.2336 7.120662 9.117498 16.07841 13.73968 10.11144 7.203459 5.571971 11.71221 16.53671 18.61171 18.2587 19.8414 24.78576 26.1354 20.11955 12.00113 22.79182 29.23423
34.86372 36.03994 35.056 33.41343 33.26039 33.03558 33.15934 34.58449 36.71542 35.25574 26.19954 8.716697 5.658921 6.890288 1.964648 7.081347 10.80271 17.85263 21.4711 19.58885 14.77097 12.9003 14.27561 14.73526 11.37878 7.714196 7.746974 5.275596 3.1238 4.058664 6.092502 3.767573 2.514844 5.269658 8.622481 14.47831 19.63289 22.87099 26.89314 28.67773 21.63521 11.49947 16.35139 19.94645 17.54999 21.55022 17.95548 14.03666 12.62555 11.12656 10.15742 11.22295 11.37455 14.10346 15.48341 24.57866 31.3813 24.10555 8.086919 20.41065 28.22281
39.92564 38.63865 36.35408 34.63602 35.37012 35.63779 35.78779 36.00773 33.3566 24.68463 10.88564 3.440745 7.396218 3.660037 4.058571 8.804269 12.33372 17.82649 20.75499 20.2203 12.65183 3.489845 3.722176 8.603222 10.50768 10.07336 9.868461 7.828682 13.22441 21.44918 23.28481 21.46745 20.22241 17.6118 11.15844 8.025678 18.77934 22.85786 25.44167 27.78769 25.55325 18.63468 7.268891 18.01861 23.19507 25.27198 22.72708 20.75116 17.43419 10.69482 5.062307 11.08047 12.76748 14.51358 15.40126 22.21369 31.55876 28.02029 11.92725 15.49823 24.54346
41.81313 39.52837 36.88131 35.60507 36.27597 35.28782 31.58696 25.34514 15.61283 6.500231 7.26292 8.199094 5.820339 2.488891 9.384044 11.55358 14.15631 17.80686 17.97923 15.86533 12.13215 8.086919 3.486232 3.244614 6.864999 8.293805 11.07177 18.99824 25.10418 25.89545 25.53894 24.24326 22.61987 21.30005 19.52115 11.6984 14.07363 21.25865 23.75936 25.54741 26.03487 24.05938 15.7166 8.050233 14.81089 18.40657 16.47914 14.05853 11.54752 7.890125 8.922587 9.637373 12.08438 15.98069 17.06374 19.07723 30.15562 32.07024 17.19442 10.20809 21.99575
37.52776 36.9629 34.45883 30.21114 26.8381 24.06867 17.96689 10.33563 10.31978 11.94327 9.639271 6.920326 2.915058 7.303861 12.19775 12.84284 15.0799 16.85651 12.72471 8.52572 11.65532 11.355 7.469772 1.672545 3.368546 6.375463 14.19908 25.88716 27.94827 19.64388 18.28405 22.10802 23.36177 23.86187 24.25978 17.1892 9.279772 14.97815 22.28566 24.78576 25.01086 25.42726 23.62545 16.25951 12.29312 11.22884 7.928993 5.160109 1.562335 8.984374 11.52239 8.864676 12.59119 18.45642 20.69059 18.14617 25.95467 33.54214 21.23915 5.579932 26.09887
26.78445 28.55221 25.97173 19.70308 15.09213 16.71309 19.69679 18.96462 15.58492 11.00464 6.423151 3.835275 1.309107 9.970038 14.35247 13.96488 13.72133 12.33372 6.058619 3.947071 8.198195 11.03635 10.69877 8.618205 3.970912 9.573247 19.68748 26.8784 26.08631 19.22039 11.82255 14.85885 20.4156 21.77113 25.94383 24.09587 14.00792 5.90208 17.32096 23.36263 24.33685 24.62735 25.59046 24.2163 17.91468 10.16698 6.278729 9.144756 7.685685 3.917337 11.63268 11.55617 15.50193 20.5206 23.25966 14.18676 17.9598 32.20459 29.23979 20.02964 24.86252
16.26405 21.45283 23.49833 23.07607 22.33361 23.22555 23.07651 17.87034 9.261965 3.527557 3.500662 4.086309 5.114813 10.52073 14.23311 12.56382 9.308713 7.624716 6.876752 5.459824 6.576377 8.276711 10.84287 12.62038 10.98874 18.29852 27.52193 28.8276 22.39335 17.54999 14.91438 11.10436 9.439711 12.25675 21.12458 28.02757 26.45166 17.45787 7.705378 17.97707 22.97077 24.12303 25.47781 26.78462 23.93297 15.79353 4.75837 1.81794 7.143795 3.741682 11.20418 18.18722 18.10316 18.1288 20.82597 11.9847 16.88521 29.4146 32.44443 29.63359 22.62642
14.11298 21.06797 27.14274 25.21867 22.75243 20.71285 16.4901 10.69764 8.16581 8.930141 8.770751 8.557384 9.083188 10.90446 12.05719 9.009392 7.730939 9.875031 9.902498 8.601079 7.068192 5.742238 7.583232 12.23145 13.82172 18.76826 25.3891 24.15938 19.06238 18.26323 16.79255 13.87582 10.35731 11.76015 18.65321 27.35796 31.30545 28.25731 17.70826 9.577706 17.1438 20.73661 22.68482 24.73478 26.88048 24.94243 12.54396 8.514174 10.01082 7.166126 12.51416 23.69783 18.28405 12.33034 14.9577 12.3953 13.68582 21.00012 23.4186 25.87886 24.84896
14.45381 18.96232 27.904 24.31676 19.01516 17.64971 17.99432 14.4522 11.61257 10.97557 9.819613 10.39935 14.19703 16.57872 14.92716 7.852313 1.283132 2.882181 5.869808 7.510264 6.325435 2.701289 5.62235 11.77236 16.33369 16.94609 16.87454 19.35965 19.20003 16.34653 13.91413 11.72294 9.561132 11.62495 13.76695 17.85668 27.27452 32.1895 31.23045 25.96935 18.86127 16.17999 17.28215 18.39221 23.33328 27.56409 21.87792 8.470004 5.682443 2.547333 13.12001 23.11752 17.64371 13.5492 14.80229 13.48836 12.60438 15.17667 18.74725 23.33393 23.01844
21.40965 20.11184 24.68225 20.94053 14.24457 14.01042 17.54967 13.64418 6.661898 5.663338 6.28591 12.06807 17.44763 19.50259 17.25297 13.40265 10.64688 9.887273 6.969022 5.470127 5.075905 6.990494 13.16722 17.21038 20.53536 21.22605 15.79462 8.28043 14.846 21.51411 24.4085 24.22611 21.69481 18.87285 13.53836 8.603222 12.30135 26.9863 31.95635 31.1812 23.851 17.22567 14.44094 15.53482 17.86009 23.70226 24.27384 18.10649 7.272216 4.33376 12.07098 16.8692 18.6488 19.59519 19.07467 16.14516 13.511 13.96488 19.68091 19.10034 14.50197
19.94264 18.05863 15.95177 13.83315 12.87276 12.21586 15.9131 14.42644 7.958515 6.37937 10.11248 17.29186 19.46816 18.10286 13.4237 12.08832 8.596791 4.920388 4.262693 8.686355 14.80229 20.01277 22.73987 22.95308 21.92762 21.5541 21.80331 20.13657 13.17796 7.303762 11.4246 14.93838 19.8728 23.13437 22.02113 22.36397 15.98426 8.864676 20.82699 27.79213 28.8165 23.55211 15.18009 10.47306 12.38858 19.99213 22.52488 20.73599 12.0249 1.77848 10.08554 16.55585 19.80151 19.85765 19.3714 18.99594 15.89014 15.18009 12.54396 12.6462 13.44952
4.454442 8.752692 7.525525 5.388046 9.501594 12.94972 17.35966 19.26217 15.98889 13.09262 15.98033 19.40661 17.95085 13.26445 10.19381 11.44559 8.478713 14.51918 20.57257 22.97298 24.85761 24.74111 23.11839 20.98279 17.50002 14.55951 15.55731 20.50817 23.61845 21.53084 18.73031 14.9577 8.889544 10.16041 16.79255 24.50014 24.71299 16.37253 9.042646 18.36345 27.12139 28.05069 22.83447 12.65183 6.696347 16.21473 20.78861 20.2554 16.71006 8.383128 3.640056 9.39106 14.0869 16.43231 17.13071 20.23614 18.75623 14.88846 10.36032 15.00588 14.45542
18.15644 11.30515 5.349645 2.228638 3.487354 9.822092 17.09792 21.39523 19.69323 14.33422 15.68599 16.42886 10.51862 1.912462 10.55825 16.27626 18.04808 21.85942 24.4085 24.30131 23.92444 22.15209 19.82106 18.18691 14.80229 9.039259 8.098348 14.3978 21.60122 25.73995 25.14243 22.26787 16.53671 7.117177 6.636642 19.94161 24.10328 23.79066 19.35965 10.89616 9.308713 18.73761 25.58577 27.15963 22.70664 14.37758 12.53876 17.61244 18.52568 14.51678 8.305675 4.361799 6.500231 9.269884 11.32904 15.1097 11.54686 6.744453 11.24231 12.36888 12.18069
21.34722 18.15976 12.0842 6.744231 4.450153 6.271021 9.525329 15.59374 16.53671 12.62743 14.51358 10.71457 2.215667 13.90277 19.67241 20.95865 20.58496 21.25939 20.99284 18.53131 17.43098 17.24647 17.85326 17.51818 13.86949 11.69482 7.201204 18.73381 17.24842 21.55022 23.5834 20.95765 18.44956 14.22492 6.145503 11.92475 19.14814 22.36741 24.14686 20.08227 12.3809 5.51908 8.919839 20.05714 25.40491 23.33318 15.30243 9.387807 18.10194 20.93246 12.10504 5.815272 7.308002 8.56241 8.220708 14.47952 15.64663 15.06332 14.47726 12.20952 7.896225
16.077 16.21473 9.572265 6.743143 6.653639 7.973233 7.296971 13.20255 13.84584 10.73485 7.676442 5.515679 20.11131 25.48178 25.70923 24.01328 21.61063 20.79777 19.7596 17.29607 14.40668 13.87244 15.05809 13.62525 13.58902 13.7038 11.89314 19.59519 16.41299 12.57846 15.22894 16.91951 20.35262 16.89521 15.15882 13.87961 11.71834 15.35231 22.0528 25.56792 24.15261 21.5044 16.91019 9.384174 3.624449 13.07283 19.38762 17.71757 14.7545 21.83187 13.51993 3.548925 12.60522 11.72907 11.66148 19.06324 17.94467 10.32624 6.766536 6.671227 3.554247
17.20908 16.48839 7.126757 2.589091 7.804185 9.776732 7.397308 11.80483 10.35263 5.090698 8.281918 22.89633 28.81573 26.70592 25.26183 24.4923 23.23381 20.81709 18.60169 17.61244 13.35118 12.4932 12.78417 10.46612 15.18464 16.27626 17.28992 15.90055 15.89696 13.48531 11.18429 14.29151 21.45551 19.86847 21.55749 19.60015 10.90446 3.529342 11.59708 16.75624 16.07841 14.55472 16.93579 19.2581 18.35024 11.6604 3.321432 10.24554 14.11628 16.25147 13.28764 1.216807 13.26925 14.06326 13.76695 17.73556 9.959888 5.951584 11.32957 13.78268 11.72294
15.83724 16.10812 8.053297 3.720484 2.654128 7.654665 16.80228 19.44369 17.287 18.06156 22.40046 25.72953 21.47207 15.88547 17.31062 17.05683 16.55927 15.8772 14.65482 15.07034 12.08832 11.90469 15.09213 14.85885 18.2457 20.44166 19.60015 16.14199 17.75342 17.79812 13.72432 12.436 17.93447 19.98488 21.67609 19.31759 16.50451 8.286377 7.154552 15.7297 16.58281 10.98874 4.822542 6.951307 14.54155 17.15847 13.72205 8.274791 5.719341 10.07155 11.66611 3.306213 11.61567 15.35531 18.31328 18.00016 3.874657 10.36141 12.42835 14.62471 12.18461
16.31318 13.75417 8.306416 8.551637 17.23543 26.61943 31.11154 31.36478 30.00459 28.82067 27.09007 21.90823 14.68011 11.09188 12.9839 12.50318 9.774863 8.071654 9.185707 12.7098 13.5023 13.795 16.86319 18.84475 21.98351 23.63796 22.78198 20.42942 20.50609 19.68118 14.40224 12.9168 15.09481 19.66693 20.52371 21.38079 23.05498 18.86562 9.283066 13.80519 17.13889 10.94697 7.420711 9.083862 7.829471 11.08047 13.84711 10.0818 6.968257 12.02051 12.77072 3.21533 13.00573 18.15804 19.36441 13.81155 5.848942 11.25025 9.927471 12.34385 15.31896
