CHESS/lxh_sk/geo/lxh_sk.aspect
ncols         392
nrows         434
xllcorner     775806.62903
yllcorner     2617280.34204
cellsize      90
NODATA_value  -9999
[rows 330 to 359 of 434, columns 198 to 263 of 392]
245.4207 242.3189 246.1435 271.106 293.7136 313.9352 325.7185 326.7683 332.1917 330.4612 225 128.4802 104.5536 98.47115 92.21475 53.68636 15.64225 340.9189 329.6013 29.53878 70.70995 85.50742 98.90172 100.8525 86.0275 74.0546 245.2565 235.4915 225.3274 218.526 233.5912 247.3996 219.2176 136.3479 134.0608 140.4991 142.9821 126.1932 89.79165 66.44774 63.74409 63.82471 72.8241 105.9454 150.0333 156.0375 134.1152 114.5173 107.8893 132.3974 207.4744 220.7636 202.6199 184.8158 168.8603 149.5966 150.0111 139.2364 127.355 157.4098 219.9994 212.1523 172.203 156.6979 159.1022 165.8542
245.799 236.345 236.0786 254.0925 275.1944 294.6288 311.3358 310.2364 187.5238 160.8329 165.0294 168.4445 141.6592 123.8962 135 168.8785 208.1786 279.9406 306.9829 70.95877 96.04851 105.481 110.1363 80.53768 31.6075 29.70345 344.2488 248.6294 216.1623 207.4307 212.1386 217.7058 191.2331 140.1944 129.0331 139.3493 156.2973 165.4655 148.1965 103.4778 81.48421 70.82099 69.03654 72.22685 85.46223 118.0879 125.7334 116.0683 109.5583 122.8285 195.2551 214.5544 193.5399 185.4403 172.7887 148.9027 157.1867 159.444 137.5077 146.8887 214.6952 207.532 168.1402 147.1443 150.7512 172.1083
253.1286 244.3765 244.21 255.6554 266.0844 270.1374 247.8336 168.8183 158.7495 155.8545 168.5265 178.1623 158.7577 145.1577 151.9406 192.6002 235.758 268.5498 290.0261 70.64101 84.36932 81.39442 43.81474 356.1859 10.91588 23.83874 9.540381 7.853313 359.101 231.3402 222.2471 217.3276 188.3013 141.2907 122.8163 128.8953 153.5985 176.9998 174.2105 164.0378 143.8667 110.9426 90.15612 77.56908 78.62766 92.48956 109.946 114.444 107.9335 108.6001 166.866 204.358 189.9262 184.022 172.515 152.5256 158.3945 169.0662 151.2797 149.4703 199.708 201.3959 171.7772 144.4623 134.0833 163.369
258.6901 268.2039 267.4181 264.8429 261.4557 248.0164 189.302 155.9879 153.6646 154.1114 170.8456 181.0095 168.4838 163.7203 169.3007 229.9271 268.1693 285.7924 297.5701 75.5406 80.04937 53.37426 4.573921 356.0175 19.09349 18.18087 7.415855 20.17065 16.31233 6.402156 356.8828 223.6028 164.6499 142.5011 128.5101 124.4341 140.2096 165.5792 172.1677 175.7347 174.9662 158.8539 137.3859 113.8952 105.1541 106.2476 112.2414 118.355 117.1497 114.4867 137.1211 185.3656 187.4959 178.6141 172.1237 163.9439 162.4928 165.6852 160.4417 159.8142 189.9042 202.8737 176.2483 147.1837 126.2926 139.8531
274.5599 288.6536 286.1276 271.3101 257.2148 231.3871 175.1116 147.8541 148.9223 155.3177 170.5976 180.2418 177.0279 185.6259 208.5231 255.0524 271.3875 278.8646 290.4926 73.36905 68.1616 21.57131 352.9497 4.243852 15.3191 4.962815 7.687673 27.99715 22.46675 15.97873 34.25414 80.81116 126.4954 136.1523 135.9926 131.485 134.254 148.144 166.07 176.465 181.3322 176.3785 162.481 145.157 130.3293 121.5561 113.9814 111.1292 114.0108 117.532 125.8377 160.3716 183.7723 176.3086 173.6598 177.7094 168.1976 158.1265 160.8519 168.8571 190.561 206.7675 186.4698 145.008 120.3791 114.7435
275.4923 281.3099 279.4623 269.2598 250.5269 213.5477 169.6539 144.516 144.0361 154.9256 168.0984 177.0247 186.5303 211.7837 239.3003 257.9885 260.66 255.0524 241.8987 103.2665 88.58906 74.47589 273.6522 333.4349 356.8983 3.78448 30.02316 62.84021 75.25644 106.7826 119.0546 116.565 112.4569 114.2789 118.5514 120.8438 123.4078 131.7603 155.918 172.9188 178.3819 176.2776 164.7034 156.8312 150.1096 140.8313 126.6168 114.1748 108.435 110.7907 116.565 136.7715 173.8534 176.5434 177.3102 181.5482 173.9275 157.1452 156.2864 172.3332 189.888 207.1598 198.435 152.6501 125.4258 112.0362
248.331 238.6597 238.4141 246.6846 228.2397 187.4463 164.8793 147.2126 143.1081 153.0569 164.7235 173.0356 198.435 236.5346 253.5778 251.6915 246.3706 242.2618 214.6027 143.1301 138.6215 166.6075 189.9885 202.8762 204.444 173.2902 140.2443 133.6831 140.4619 149.8539 152.8076 110.8676 81.91548 76.78947 76.55959 80.10751 87.47917 98.1301 125.8161 157.1355 167.4365 168.2153 160.8848 160.192 165.2413 157.8737 142.2632 138.8141 130.6777 122.9052 117.2903 124.0459 153.6767 166.373 177.0643 183.3665 184.8739 165.9638 151.4404 166.6075 195.8519 218.8534 205.4077 159.0573 130.5444 138.7517
228.0566 213.7527 219.1094 226.8135 205.4892 170.368 159.2994 149.6873 145.0975 151.4926 163.7612 175.7026 229.7825 259.1883 262.4663 253.664 252.3239 245.4445 182.8784 142.6712 140.9192 159.1022 182.9108 191.6278 194.0134 182.4254 158.1779 150.0565 150.2396 163.4052 209.7976 55.84031 69.92177 72.73249 71.56505 68.7064 68.06287 67.86638 74.83876 105.3709 139.8304 157.5155 155.531 157.8905 174.0412 165.9174 148.8669 153.1131 153.3313 141.0823 120.9638 120.6646 135.9094 139.6107 162.7585 186.4588 199.44 179.3415 152.5713 167.3807 249.444 274.2364 173.2902 159.6236 131.5318 134.0452
222.366 208.1989 214.9223 219.3504 202.174 170.4699 153.9046 147.5644 145.8139 151.9661 172.2522 220.0497 274.0166 277.761 275.2199 273.0941 268.8403 237.4791 152.2121 141.2566 142.0013 146.0095 168.0067 185.1085 196.1362 188.9258 161.9254 154.0359 161.103 206.565 254.8904 146.0937 111.3557 105.7512 99.03297 89.25594 79.31282 71.10791 67.64912 78.41487 98.78381 129.4725 145.5994 149.5603 165.5524 161.4449 150.1048 156.6357 171.2978 164.5923 126.7029 121.2777 135 123.6901 118.3008 167.5741 200.6954 184.0445 160.796 193.815 259.2611 265.2364 115.821 148.2986 146.113 126.0851
227.1642 213.3497 218.4055 221.5609 210.3858 180.3097 148.134 139.8895 145.1367 159.5012 199.8359 254.9105 275.5618 278.0739 276.2693 270 248.0851 183.2961 141.009 139.0334 147.1368 147.4583 153.9928 178.8618 199.9293 189.2263 160.2292 154.8954 190.5973 247.0942 258.0707 131.154 121.1028 126.99 129.2894 128.4693 119.3787 110.7541 101.5346 97.3996 98.77684 107.7687 126.3986 133.6028 142.6745 148.05 142.696 149.6209 186.5321 188.1301 130.9717 112.4965 130.9144 154.179 132.7974 139.6669 183.4474 183.3019 174.4725 206.565 235.3533 213.2317 130.5328 128.1183 153.435 142.3058
238.471 225.7777 228.0007 230.1944 221.5318 190.8786 144.1988 129.932 139.9863 171.661 216.8315 246.0375 253.9358 250.0946 239.2343 222.6264 199.8494 164.4563 140.5722 135.5886 142.1757 152.041 159.7914 177.3281 196.1443 181.1624 156.6112 159.3046 235.7389 259.1417 250.4807 117.0041 107.519 110.8766 122.7721 134.0094 136.401 138.6193 130.8335 113.2329 99.41263 89.55927 92.12109 105.5615 115.133 127.4437 124.8753 126.545 182.6026 201.1135 166.2184 93.21548 103.0791 147.1715 149.7436 140.7106 162.0309 181.3322 186.1886 204.8637 220.3331 210.5476 165.9638 126.7241 139.3987 164.0546
239.4476 229.4199 230.5023 232.3738 222.7717 191.5272 147.9946 127.7403 132.2836 178.6468 229.209 240.5437 234.7824 225 216.8328 208.1075 192.4943 163.6105 139.8852 127.725 124.7408 133.5236 150.0252 174.6678 193.6987 176.5482 159.6345 214.5923 271.4476 265.9717 220.1261 130.3013 111.5447 95.38438 93.45332 100.6279 108.7095 115.0169 108.2962 92.27546 71.04182 50.45392 49.95713 61.50436 68.25259 68.27895 82.47618 98.91492 141.3402 195.5241 209.5537 128.1572 99.75243 121.2005 147.4074 141.0725 140.856 172.1847 190.2222 206.9165 216.6341 214.0889 190.4077 152.5256 146.3099 181.1233
236.6716 226.9946 226.0369 226.3915 216.1998 185.6205 151.8831 135 132.5737 201.2092 256.8353 251.3377 227.7363 217.4627 216.2069 214.7576 202.785 174.2072 144.2299 115.5792 100.2614 101.9356 121.5941 161.1417 194.4642 180 178.9191 234.516 251.0194 243.2603 174.3567 144.1564 143.5981 124.3302 101.3626 87.08916 70.74805 45 40.8972 46.11456 35.94928 35.17607 45 45.46963 42.337 46.30939 59.03624 74.88653 94.4846 167.1523 215.4258 173.6598 116.1881 120.4111 156.3706 32.00538 62.96914 105.5241 180 210.9638 215.7274 212.7749 192.2648 167.5351 159.1455 191.9293
242.0147 227.0952 222.9854 219.3864 209.8698 180.5422 150.5129 142.5276 150.0184 250.1278 272.5051 265.1469 230.3257 221.7139 226.7149 227.2845 212.6003 187.9175 168.3186 139.9863 119.495 112.6065 118.258 148.0998 193.2258 188.1301 204.7534 234.8794 236.9829 213.3952 157.1095 145.7389 153.2212 151.543 135 114.9329 87.77604 43.64681 41.83612 41.38137 34.48256 44.2527 53.74616 52.18854 59.68879 73.34216 78.80197 75.36427 76.75948 98.1301 199.3978 183.2397 134.4032 128.2902 253.3008 318.2705 57.22512 83.95591 146.3099 213.6901 214.8245 197.9044 181.9306 174.9204 167.4712 195.2551
242.8076 216.2222 208.7151 205.2189 202.848 180.9765 150.5241 146.5601 190.0493 258.9342 263.496 243.435 218.5169 230.9061 242.4328 238.8462 219.8479 194.6209 175.2032 162.3902 148.4652 125.2606 120.2231 143.2407 186.4108 196.5571 219.0531 230.7781 223.3865 193.0197 153.6767 142.103 147.3047 155.8634 151.4404 141.1768 150.6997 164.876 146.0515 105.6978 79.39884 73.55962 70.79603 76.44281 88.25372 98.3814 112.3244 118.3008 102.8043 99.8193 146.5922 167.5351 147.2361 151.9275 243.1038 244.9831 99.21103 96.4416 130.2364 223.3153 209.5778 174.8056 173.2902 190.561 187.696 181.4688
222.93 194.6013 191.696 193.515 198.5256 186.3063 159.2744 156.656 232.3681 255.2374 242.0601 208.7544 202.6004 222.5105 241.5873 238.9752 222.5105 194.2039 166.1972 163.3164 161.0345 135 121.6189 140.5632 175.1009 195.7158 211.8275 212.3529 201.6022 182.5638 153.506 138.5374 138.7409 151.6208 153.435 138.9362 148.9784 169.5667 173.4537 167.5796 154.938 137.0454 120.3168 108.5491 103.7294 103.613 114.2584 138.846 139.357 129.9987 132.4419 128.7843 135 172.1847 220.2364 212.6375 149.444 114.092 132.2737 221.9872 195.2551 164.9816 170.8376 232.125 248.6294 117.646
206.8886 188.3751 188.0552 191.6028 199.5108 193.2986 175.5635 190.823 245.7583 242.4639 213.6318 190.2398 197.4923 219.1554 232.965 227.7393 211.9019 185.9588 160.71 159.8386 167.6353 152.0831 128.7844 132.9667 162.7585 192.7834 208.2471 206.565 199.9659 186.7098 146.8568 131.8603 133.4859 149.692 154.3978 129.8056 129.7099 153.5235 168.2994 170.4657 167.9556 160.2239 149.5428 132.1633 110.9151 104.1115 111.3369 132.4209 144.5765 145.0597 153.9671 95.40816 80.70669 119.0546 188.6156 195.3409 169.439 133.5498 139.1849 199.0577 186.3402 180 188.427 227.9357 249.1455 92.12109
321.3752 302.7352 317.386 300.0817 277.5238 220.3645 192.9946 227.7927 236.8421 218.7007 194.0926 183.2984 201.2403 225.8098 231.6279 217.2348 198.1967 180.5224 162.6359 157.9959 168.854 164.8271 138.7462 126.0475 139.0461 188.4939 214.3775 212.3546 215.9689 214.3461 119.9696 107.391 113.6677 134.5937 150.9454 134.715 125.8112 131.2847 142.0667 147.9614 152.0785 154.7894 156.5815 152.5924 129.2144 113.1986 105.1172 62.1759 16.82454 12.38113 1.218026 5.692183 26.87814 49.49715 94.844 175.4622 173.047 151.0908 147.6835 173.8914 182.4823 183.0868 191.0235 212.6609 219.8056 169.992
5.715208 339.2886 350.4448 347.6328 351.0029 3.306746 2.098906 338.4986 300.75 231.4831 186.9926 185.1022 222.5052 240.3885 234.7524 211.3496 192.9355 180.4182 164.9832 159.1913 167.3569 163.6476 145.9807 134.4884 126.894 170.5551 225.7281 225.5307 240.7719 257.2756 61.62076 67.28559 66.80141 74.09117 91.87174 95.48615 77.94922 44.5103 23.87528 38.65981 64.20768 84.85724 109.7761 136.7149 136.404 112.5979 25.1593 357.8631 357.7057 6.337924 6.601921 5.831445 34.18217 51.59674 48.85064 35.53768 47.2026 98.1301 122.7538 138.2133 174.7539 177.8365 182.7263 202.0679 205.71 187.5614
13.57043 338.4841 341.2742 343.9761 351.0274 2.29061 3.751729 359.2065 358.7737 9.27714 13.79136 2.534007 313.1814 264.7048 248.0757 226.2922 212.9052 202.0362 145.4548 118.6105 126.62 125.8377 124.9025 122.1523 115.3163 139.2605 226.5912 235.1773 248.8845 255.3902 324.4623 55.9652 52.56143 47.50041 38.5042 26.4765 15.83239 8.822834 12.99462 32.16705 38.98015 40.63316 57.14152 76.21093 68.62938 358.6678 345.7291 350.4258 354.7751 12.91463 19.75186 24.21514 55.46534 51.68691 36.69432 33.69007 41.33221 52.81529 43.15179 45.02388 50.30247 108.4731 131.4237 175.1009 196.8584 188.4848
13.12291 348.5484 337.3286 341.5651 349.4184 358.4846 1.432096 358.9139 5.094828 16.95189 13.79949 8.181351 5.806727 321.0377 281.9597 293.279 320.1104 336.6444 357.8956 11.97714 18.60837 25.29202 22.59787 25.46334 33.7808 31.81734 21.31067 237.4883 240.096 240.3382 227.7792 109.0108 88.93909 71.56505 49.86451 20.86762 1.584854 2.610462 21.4839 38.20617 41.08472 53.36589 65.31668 60.82277 19.08417 337.4885 337.6199 346.9307 357.2737 23.81567 38.13357 53.1301 69.47372 61.50436 60.04639 67.57413 68.67054 50.38931 34.9194 49.3987 62.65012 86.98721 95.19443 86.18593 135 164.4735
7.873938 352.5444 339.5049 341.2481 351.9061 359.3163 358.8822 357.2607 9.991758 20.03101 11.14289 11.42119 23.07041 14.89347 298.5892 299.0166 323.0047 335.4951 351.2538 7.911417 15.44245 17.39332 17.26581 26.83832 32.83285 24.60454 20.56538 19.06159 239.907 237.1443 218.746 149.3905 136.9001 147.5288 145.1247 160.7407 248.9625 312.7974 26.80083 46.12772 55.91899 68.98341 71.04577 59.21272 9.372092 326.9177 329.8057 341.4612 2.9401 36.08972 55.91411 72.77251 80.97239 80.90972 87.43623 85.3141 71.91656 50.07961 53.32565 63.43495 53.88066 38.41806 21.25051 18.43495 38.88449 35.94978
0.2999752 349.5659 341.8803 339.5049 353.5631 2.449663 357.6722 357.4831 13.24937 20.55605 15.76718 27.33811 42.80793 30.48894 320.6446 297.9326 309.3429 323.2714 346.1972 12.0372 29.30033 42.62816 56.04094 68.51796 55.16208 27.74104 23.28432 39.99144 64.99845 223.9191 203.4047 150.1011 139.0183 160.4269 174.0284 186.6325 235.2651 262.9477 348.6901 53.72485 61.96941 63.6767 58.66115 42.0701 6.519802 327.6804 318.9543 330.717 16.94708 62.32409 78.18583 84.61069 83.96232 75.78415 71.80579 70.37775 62.03777 49.57392 55.84031 49.96974 16.8584 357.8789 0.4063462 15.9454 33.69007 9.309664
353.7076 341.7021 334.7289 319.5538 336.0375 358.1221 353.1572 8.259438 44.35625 56.91515 71.13907 85.4139 62.14035 13.15095 336.6055 312.8789 304.177 297.8973 305.1342 117.8476 122.6375 125.0279 131.6335 140.7442 154.5923 166.7872 150.7807 94.18491 103.2609 168.9765 186.2907 154.409 135.5209 155.2976 196.8687 240.7672 268.768 264.8521 257.7843 72.22868 65.33923 53.66981 38.76093 24.42364 10.51125 346.373 323.5692 328.134 64.79887 92.94759 98.63342 98.73267 96.40744 87.31622 81.06941 73.72033 52.00127 45.97102 49.92711 26.93953 344.1975 341.1543 2.544804 31.93068 33.45331 0.9548413
197.0378 184.6534 185.8446 188.8172 198.9353 207.646 189.7133 153.6102 146.1547 146.0235 132.1729 120.1854 89.95589 323.3325 319.6045 309.3297 258.1356 202.8336 173.2062 154.6871 145.9467 141.8615 140.4638 148.3925 166.7707 178.8542 182.9918 161.7038 137.8755 153.2654 177.6516 166.8353 144.1624 159.0755 244.8852 267.3676 259.1145 233.5518 212.0355 158.5948 84.47246 46.19974 29.64558 28.6223 28.56758 4.714755 312.0185 191.3099 115.56 107.354 101.3715 93.67824 85.17924 81.8699 77.61924 59.58892 50.61758 63.10376 61.58734 358.0909 319.808 330.2551 14.98163 43.56791 28.7398 0.4658091
183.4858 173.6299 181.8029 188.8283 213.0031 224.4124 200.0952 139.2364 120.8424 125.5377 107.0029 91.66866 257.0054 266.6885 266.5891 211.4296 169.0459 177.6408 171.2998 154.0626 142.8739 132.8919 121.225 122.4302 144.0579 167.4211 179.4645 170.1747 150.061 153.5042 174.8056 177.7974 163.9336 188.4147 241.9121 240.2551 211.6513 201.9487 198.0095 185.874 168.8305 115.0169 45 58.14487 71.70901 100.1755 168.1113 157.8466 141.2954 126.9314 110.7598 96.50562 88.5312 81.44444 65.9245 61.38954 76.39027 83.15723 60.25512 321.8817 305.2996 318.6215 43.09085 56.43368 42.67074 20.87828
182.2312 179.5379 216.8699 271.8717 286.336 280.0691 288.8119 41.05481 63.74976 55.49148 50.06362 43.6979 4.60115 297.0105 272.3662 141.3402 118.3612 150.6682 161.8058 145.8501 133.8427 108.1302 81.65611 70.42687 79.95798 110.6807 152.9691 156.9339 141.0959 145.0806 167.5627 179.7654 175.8249 203.1311 234.417 235.8715 237.0426 239.6764 203.4047 190.3943 192.3733 196.1152 174.2738 87.2073 77.82082 86.9606 121.6447 135.5483 137.7146 135.5817 123.1699 102.9946 86.68222 75.42578 69.84239 64.24953 55.36632 47.23117 18.43495 314.2927 297.5042 289.9831 116.8781 114.9439 108.43 103.4762
261.6341 311.7603 314.7062 315.9752 317.9702 316.5802 312.1014 39.92039 63.43495 39.35175 20.60056 17.12449 3.814075 345.165 332.1455 29.8989 68.54004 74.35775 77.57406 60.9454 51.4416 70.90651 76.0875 78.04342 81.73283 71.36884 47.8624 60.03043 79.69515 83.38654 92.23291 139.906 174.815 219.2223 235.1076 240.2054 261.7087 314.076 17.85032 13.20855 311.3568 272.2035 286.9414 46.59114 60.35555 63.58897 70.68171 79.28688 77.29288 71.77884 71.06467 59.33543 38.07278 33.95906 38.88449 21.09795 23.11421 32.60914 14.65675 324.8939 309.8056 20.55605 59.25003 66.03751 78.38831 78.74526
312.8945 312.2148 310.684 308.3865 314.5993 322.5395 297.3499 87.87891 44.1186 9.462322 5.906141 10.25682 2.465759 354.5597 356.9552 29.87599 50.83479 31.29304 8.682524 14.22247 33.85101 48.72131 58.64291 88.394 99.92625 94.63546 27.1213 38.87092 48.62853 42.57073 42.22911 51.98068 48.52865 251.4647 238.5505 233.6641 229.8401 206.1226 177.0643 210.9662 305.9964 329.1476 337.9087 3.814075 37.78574 50.93894 54.32954 51.13222 39.2072 42.70939 47.14759 31.58382 12.74529 19.68712 24.68717 11.12146 21.03751 33.16989 11.19511 344.5052 342.8143 5.033787 18.939 32.27565 36.18575 17.17521
307.5284 286.4538 279.5829 284.4337 305.6229 346.2184 2.834111 9.162347 0 351.2188 6.736011 23.68209 4.993744 341.0168 2.231175 33.11134 32.11483 9.845822 2.622401 29.0546 47.21679 43.76359 61.94261 85.80582 101.7764 140.856 197.3789 133.2643 55.96787 40.04455 41.71076 45.79034 39.92389 23.26186 237.377 224.5818 214.7386 198.7258 192.7243 216.7808 249.3818 291.4565 323.4843 358.0694 41.60508 60.838 59.44403 43.31532 39.23965 55.71312 56.04094 29.12882 11.12919 23.68209 30.13172 19.82246 22.4706 19.88516 2.882963 350.7355 351.9953 2.635185 17.24146 34.72286 34.2157 17.8787
