CHESS/lxh_sk/geo/lxh_sk.dem
ncols         392         
nrows         434         
xllcorner     775806.62903  
yllcorner     2617280.34204 
cellsize      90.00000    
NODATA_value  -9999.00000 
[rows 288 to 319 of 434, columns 213 to 283 of 392]
498.00 454.00 431.00 463.00 489.00 447.00 394.00 408.00 450.00 479.00 495.00 517.00 539.00 553.00 542.00 529.00 537.00 554.00 571.00 595.00 616.00 648.00 667.00 676.00 690.00 711.00 729.00 728.00 688.00 637.00 637.00 651.00 678.00 660.00 639.00 642.00 624.00 632.00 651.00 680.00 701.00 710.00 710.00 713.00 714.00 714.00 728.00 743.00 697.00 664.00 652.00 668.00 645.00 602.00 561.00 518.00 474.00 445.00 424.00 412.00 395.00 371.00 371.00 401.00 418.00 450.00 461.00 425.00 381.00 352.00 321.00
505.00 471.00 467.00 509.00 522.00 468.00 412.00 422.00 473.00 527.00 563.00 557.00 553.00 560.00 566.00 580.00 587.00 599.00 606.00 630.00 651.00 682.00 707.00 712.00 729.00 754.00 763.00 756.00 719.00 681.00 673.00 678.00 696.00 684.00 669.00 663.00 642.00 639.00 644.00 666.00 697.00 726.00 729.00 728.00 743.00 747.00 749.00 742.00 697.00 666.00 652.01 662.00 631.00 576.00 531.00 490.00 453.00 434.00 418.00 398.00 380.00 373.00 381.00 400.00 428.00 444.00 434.00 398.00 356.00 333.00 315.00
546.00 503.00 504.00 532.00 510.00 456.00 427.00 439.00 494.00 541.00 582.00 601.00 611.00 616.00 609.00 615.00 635.00 648.00 651.00 668.00 688.00 710.00 735.00 756.00 775.00 792.00 801.00 790.00 766.00 735.00 711.00 704.00 710.00 712.00 713.00 693.00 679.00 660.00 663.00 683.00 710.00 739.00 750.00 749.00 768.00 778.00 767.00 748.00 715.00 684.00 664.00 658.00 623.00 566.00 521.00 494.00 461.00 437.00 429.00 402.00 386.00 391.00 406.00 415.00 416.00 416.00 388.00 365.00 335.00 322.00 315.00
572.00 535.00 529.00 529.00 502.00 476.00 477.00 493.00 515.00 572.00 597.00 623.00 645.00 664.00 670.00 651.00 655.00 672.00 672.00 686.00 701.00 726.00 751.00 781.00 810.00 824.00 838.00 840.00 812.00 788.00 752.00 736.00 740.00 742.00 754.00 732.00 720.00 692.00 697.00 728.00 759.00 777.00 785.00 776.00 785.00 796.00 786.00 755.00 739.00 708.00 682.00 656.00 637.00 593.00 566.00 530.00 483.00 462.00 443.00 420.00 404.00 410.00 426.00 417.00 396.00 384.00 365.00 345.00 328.00 340.00 319.00
585.00 562.00 547.00 526.00 496.00 495.00 526.00 553.00 570.00 586.00 598.00 627.00 648.00 706.00 714.00 701.00 713.00 715.00 709.00 704.00 720.00 738.00 763.00 801.00 832.00 856.00 878.00 888.00 872.00 844.00 803.00 786.00 783.00 781.00 781.00 761.00 764.00 735.00 735.00 766.00 805.00 826.00 817.00 803.00 812.00 820.00 808.00 774.00 758.00 742.00 709.00 671.00 660.00 636.00 594.00 537.00 497.00 463.00 430.00 409.00 416.00 430.00 431.00 421.00 397.00 377.00 378.00 360.00 332.00 339.00 319.01
610.00 599.00 577.00 546.00 517.00 526.00 562.00 601.00 632.00 649.00 633.00 647.00 671.00 699.00 747.00 754.00 781.00 795.00 793.00 758.00 753.00 766.00 798.00 835.00 865.00 892.00 917.00 932.00 921.00 902.00 871.00 848.00 833.00 823.00 801.00 784.00 791.00 780.00 772.00 794.00 839.00 857.00 840.00 823.00 827.00 843.00 837.00 815.00 777.00 741.00 713.00 679.00 650.00 623.00 580.00 520.00 470.00 443.00 437.00 442.00 446.00 435.00 416.00 416.00 419.00 403.00 386.00 351.00 342.00 339.00 320.00
654.00 637.00 603.00 571.00 548.00 559.00 588.00 631.00 666.00 679.00 661.00 633.01 675.00 703.00 766.00 801.00 835.00 842.00 849.00 829.00 804.00 807.00 825.00 851.00 879.00 903.00 929.00 946.00 952.00 945.00 921.00 897.00 878.00 865.00 831.00 813.00 807.00 807.00 808.00 822.00 859.00 886.00 868.00 854.00 849.00 858.00 847.00 824.00 769.00 707.00 683.00 649.00 613.00 587.00 554.00 510.00 477.00 461.00 453.00 468.00 457.00 433.00 407.00 397.00 406.00 396.00 369.00 350.00 347.00 345.00 336.00
696.00 676.00 642.00 604.00 592.00 618.00 630.00 658.00 694.00 703.00 691.00 668.00 656.00 701.00 733.00 775.00 813.00 864.00 856.00 869.00 868.00 859.00 848.00 850.00 852.00 858.00 880.00 911.00 940.00 942.00 909.00 896.00 880.00 882.00 874.00 860.00 836.00 823.00 832.00 858.00 897.00 920.00 907.00 889.00 881.00 873.00 841.00 813.00 771.00 714.00 662.00 622.00 583.00 553.00 538.00 523.00 512.00 482.00 470.00 479.00 459.00 429.00 409.00 394.00 383.00 379.00 364.00 353.00 354.00 368.00 357.00
690.00 664.00 637.00 630.00 640.00 666.00 689.00 699.00 724.00 731.00 723.00 710.00 687.00 663.00 728.00 766.00 793.00 814.00 830.00 864.00 883.00 882.00 875.00 860.00 836.00 828.00 844.00 880.00 901.00 893.00 871.00 863.00 856.00 876.00 899.00 894.00 880.00 841.00 842.00 883.00 922.00 933.00 919.00 906.00 902.00 895.00 860.00 819.00 777.00 726.00 667.00 611.00 583.00 558.00 545.00 536.00 534.00 499.00 483.00 485.00 463.00 442.00 423.00 399.00 383.00 377.00 370.00 353.01 362.00 373.00 380.00
669.00 651.00 648.00 666.00 690.00 722.00 747.00 749.00 758.00 768.00 761.00 755.00 751.00 720.00 711.00 734.00 763.00 794.00 793.00 813.00 825.00 846.00 847.00 846.00 832.00 816.00 829.00 852.00 853.00 836.00 831.00 830.00 833.00 856.00 877.00 886.00 902.00 873.00 842.00 865.00 894.00 912.00 907.00 905.00 903.00 896.00 866.00 820.00 774.00 736.00 686.00 641.00 607.00 578.00 555.00 554.00 549.00 516.00 503.00 503.00 489.00 466.00 442.00 419.00 395.00 379.00 366.00 367.00 377.00 374.00 382.00
679.00 673.00 675.00 695.00 724.00 763.00 788.00 791.00 796.00 794.00 793.00 796.00 788.00 769.00 742.00 736.00 752.00 767.00 762.00 774.00 780.00 786.00 807.00 827.00 825.00 814.01 815.00 827.00 819.00 814.06 816.00 816.00 820.00 829.00 839.00 864.00 887.00 883.00 840.00 828.00 855.00 893.00 896.00 894.00 888.00 880.00 862.00 818.00 775.00 744.00 712.00 679.00 620.00 591.00 578.00 584.00 570.00 536.00 519.00 506.00 480.00 464.00 455.00 430.00 410.00 388.00 369.00 396.00 403.00 389.00 382.00
710.00 719.00 712.00 707.00 735.00 777.00 804.00 820.00 820.00 815.00 812.00 811.00 804.00 782.00 760.00 745.00 736.01 743.00 767.00 773.00 773.01 773.02 798.00 813.00 816.00 814.00 819.00 826.00 822.00 814.05 814.05 814.05 814.05 817.00 818.00 833.00 853.00 862.00 833.00 817.04 838.00 877.00 887.00 878.00 877.00 884.00 873.00 830.00 790.00 763.00 745.00 716.00 666.00 624.00 609.00 604.00 572.00 538.00 520.00 506.00 478.00 447.00 433.00 420.00 405.00 386.00 386.00 411.00 425.00 410.00 413.00
722.00 743.00 740.00 724.00 752.00 787.00 809.00 836.00 845.00 844.00 839.00 820.00 804.00 788.00 772.00 763.00 756.00 765.00 791.00 797.00 790.00 796.00 816.00 809.00 809.01 811.00 813.00 816.00 814.04 814.04 814.04 814.04 814.04 814.04 814.05 817.00 827.00 835.00 819.00 817.03 821.00 854.00 878.00 862.00 872.00 897.00 894.00 857.00 822.00 810.00 790.00 771.00 722.00 669.00 631.00 602.00 570.00 541.00 529.00 504.00 476.00 448.00 429.00 420.00 396.00 386.01 403.00 430.00 436.00 420.00 440.00
722.01 735.00 747.00 749.00 785.00 813.00 824.00 850.00 860.00 869.00 868.00 831.00 809.00 795.00 780.00 791.00 799.00 802.00 819.00 824.00 818.00 806.00 817.00 824.00 812.00 815.00 816.00 820.00 814.03 814.03 814.03 814.03 814.03 814.04 818.00 814.06 817.00 817.01 817.02 817.03 817.04 843.00 859.00 847.00 870.00 904.00 921.00 912.00 882.00 863.00 827.00 786.00 742.00 683.00 633.00 596.00 569.00 560.00 546.00 511.00 485.00 469.00 456.00 429.00 407.00 406.00 425.00 451.00 430.00 436.00 466.00
722.02 732.00 745.00 763.00 800.00 826.00 839.00 859.00 880.00 885.00 864.00 829.00 819.00 806.00 787.00 800.00 822.00 831.00 848.00 856.00 847.00 830.00 814.00 812.01 813.00 813.00 815.00 815.00 814.02 814.02 814.02 814.02 817.00 818.00 817.00 822.00 820.00 817.01 817.02 817.03 817.04 826.00 834.00 833.00 862.00 910.00 939.00 947.00 948.00 909.00 842.00 774.00 721.00 672.00 634.00 609.00 599.00 590.00 564.00 518.00 497.00 491.00 468.00 436.00 425.00 425.00 444.00 444.00 431.00 460.00 491.00
734.00 760.00 771.00 773.00 783.00 805.00 831.00 861.00 887.00 899.00 881.00 845.00 834.00 817.00 794.00 798.00 820.00 854.00 880.00 881.00 868.00 853.00 819.00 812.02 815.00 813.00 815.00 823.00 822.00 814.01 814.01 822.00 826.00 823.00 817.01 824.00 821.00 819.00 817.02 817.03 817.04 817.05 817.06 828.00 844.00 889.00 930.00 945.00 971.00 922.00 847.00 788.00 724.00 681.00 661.00 656.00 651.00 615.00 582.00 543.00 508.00 485.00 465.00 461.00 463.00 456.00 455.00 435.00 453.00 481.00 510.00
761.00 799.00 808.00 784.00 775.00 792.00 819.00 846.00 873.00 904.00 899.00 868.00 859.00 847.00 821.00 819.00 831.00 861.00 883.00 890.00 876.00 859.00 828.00 812.03 812.03 815.00 813.01 818.00 819.00 814.00 826.00 837.00 818.01 818.00 829.00 833.00 820.00 828.00 817.03 817.03 817.04 817.05 817.06 822.00 829.00 857.00 910.00 944.00 968.00 947.00 878.00 812.00 752.00 731.00 742.00 729.00 679.00 627.00 594.00 566.00 523.00 488.00 480.00 492.00 494.00 477.00 458.00 435.01 456.00 495.00 520.00
812.00 842.00 834.00 792.00 783.00 797.00 805.00 821.00 855.00 888.00 900.00 885.00 889.00 878.00 853.00 847.00 857.00 870.00 860.00 855.00 861.00 865.00 841.00 812.04 817.00 814.00 813.02 813.02 813.03 815.00 834.00 842.00 818.01 818.01 827.00 853.00 841.00 826.00 823.00 818.00 817.04 817.05 817.06 817.07 825.00 851.00 893.00 949.00 988.00 991.00 918.00 851.00 816.00 799.00 816.00 775.00 703.00 644.00 606.00 568.00 531.00 505.00 510.00 521.00 515.00 497.00 464.00 441.00 468.00 507.00 539.00
845.00 877.00 857.00 811.00 803.00 808.00 802.00 813.00 844.00 868.00 883.00 896.00 912.00 907.00 888.00 885.00 892.00 890.00 865.00 850.00 842.00 837.00 827.00 819.00 838.00 829.00 827.00 817.00 818.00 833.00 851.00 845.00 821.00 826.00 835.00 861.00 878.00 867.00 854.00 835.00 817.05 817.05 817.06 817.07 824.00 857.00 897.00 947.00 995.00 999.00 939.00 914.00 870.00 853.00 853.00 795.00 718.00 655.00 611.00 569.00 540.00 523.00 538.00 560.00 555.00 525.00 481.00 455.00 479.00 518.00 555.00
849.00 880.00 877.00 841.00 827.00 820.00 805.00 817.00 837.00 845.00 861.00 886.00 915.00 934.00 931.00 928.00 931.00 909.00 871.00 856.00 847.00 827.00 821.00 829.00 849.00 856.00 847.00 832.00 837.00 855.00 877.00 864.00 843.00 844.00 853.00 876.00 894.00 868.00 849.00 830.00 828.00 830.00 826.00 817.07 822.00 856.00 900.00 939.00 963.00 964.00 960.00 947.00 898.00 907.00 876.00 799.00 715.00 661.00 617.00 583.00 561.00 546.00 552.00 585.00 585.00 546.00 488.00 469.00 493.00 527.00 563.00
844.00 869.00 873.00 850.00 839.00 822.00 809.00 815.00 825.00 832.00 855.00 873.00 900.00 930.00 948.00 963.00 966.00 930.00 885.00 856.00 846.00 839.00 836.00 851.00 870.00 883.00 870.00 851.00 861.00 882.00 908.00 893.00 870.00 874.00 887.00 891.00 877.00 845.00 836.00 851.00 866.00 874.00 853.00 829.00 839.00 861.00 898.00 911.00 913.00 922.00 941.00 927.00 921.00 936.00 879.00 795.00 706.00 664.00 635.00 616.00 598.00 571.00 571.00 582.00 573.00 549.00 493.00 478.00 508.00 535.00 555.00
837.00 856.00 866.00 852.00 838.00 827.00 826.00 814.00 820.00 835.00 857.00 870.00 890.00 912.00 940.00 980.00 982.00 936.00 899.00 879.00 861.00 842.00 859.00 885.00 904.00 903.00 882.00 873.00 896.00 917.00 934.00 921.00 900.00 890.00 878.00 858.00 853.00 842.00 849.00 859.00 886.00 900.00 863.00 860.00 883.00 890.00 889.00 863.00 844.00 863.00 888.00 889.00 895.00 881.00 841.00 778.00 693.00 648.00 633.00 624.00 611.00 584.00 574.00 560.00 543.00 517.00 489.00 494.00 520.00 533.00 538.00
842.00 865.00 873.00 861.00 846.00 837.00 833.00 822.00 835.00 852.00 862.00 871.00 883.00 904.00 933.00 971.00 969.00 932.00 901.00 888.00 875.00 856.00 880.00 908.00 937.00 924.00 900.00 897.00 925.00 942.00 919.00 905.00 897.00 877.00 859.00 846.00 842.01 844.00 864.00 874.00 889.00 906.00 878.00 874.00 910.00 921.00 879.00 820.00 768.00 772.00 803.00 808.00 805.00 765.00 776.00 724.00 663.00 618.00 604.00 598.00 599.00 582.00 583.00 554.00 521.00 497.00 502.00 516.00 522.00 521.00 510.00
832.00 864.00 871.00 865.00 851.00 840.00 832.00 828.00 841.00 861.00 874.00 889.00 897.00 913.00 943.00 971.00 953.00 922.00 901.00 888.00 876.00 878.00 904.00 937.00 958.00 945.00 935.00 927.00 934.00 943.00 911.00 889.00 880.00 862.00 855.00 859.00 851.00 854.00 872.00 884.00 898.00 912.00 893.00 887.00 916.00 928.00 899.00 829.00 757.00 718.00 705.00 687.00 685.00 685.00 699.00 669.00 632.00 592.00 567.00 574.00 580.00 577.00 590.00 552.00 512.00 508.00 532.00 532.00 518.00 510.00 484.00
780.00 821.00 849.00 859.00 853.00 852.00 839.00 832.00 837.00 855.00 879.00 909.00 926.00 944.00 975.00 977.00 948.00 927.00 902.00 889.00 889.00 900.00 916.00 951.00 975.00 974.00 969.00 960.00 943.00 930.00 898.00 867.00 858.00 857.00 863.00 882.00 888.00 880.00 881.00 900.00 912.00 915.00 900.00 903.00 913.00 929.00 914.00 847.00 785.00 722.00 663.00 625.00 604.00 636.00 632.00 621.00 592.00 566.00 536.00 553.00 555.00 566.00 565.00 539.00 517.00 537.00 557.00 538.00 521.00 509.00 482.00
715.00 759.00 807.00 845.00 853.00 861.00 849.00 847.00 844.00 856.00 875.00 898.00 922.00 962.00 990.00 973.00 937.00 918.00 897.00 898.00 922.00 938.00 944.00 954.00 978.00 1001.00 990.00 978.00 944.00 918.00 900.00 873.00 875.00 892.00 888.00 894.00 917.00 909.00 902.00 924.00 925.00 925.00 904.00 911.00 937.00 947.00 937.00 892.00 818.00 732.00 657.00 617.00 586.00 581.00 585.00 575.00 556.00 533.00 509.00 520.00 522.00 530.00 527.00 529.00 540.00 570.00 570.00 540.00 533.00 519.00 488.00
691.00 705.00 749.00 806.00 844.00 850.00 867.00 872.00 861.00 857.00 866.00 875.00 897.00 956.00 982.00 960.00 923.00 906.00 898.00 912.00 935.00 954.00 970.00 980.00 984.00 1005.00 994.00 975.00 939.00 911.00 889.00 877.00 890.00 916.00 929.00 921.00 932.00 924.00 921.00 923.00 904.00 891.00 895.00 911.00 942.00 952.00 928.00 895.00 839.00 753.00 678.00 622.00 581.00 555.00 542.00 532.00 517.00 505.00 485.00 478.00 483.00 486.00 505.00 535.00 572.00 594.00 571.00 541.00 539.00 524.00 492.00
677.00 677.01 726.00 769.00 832.00 843.00 872.00 894.00 882.00 868.00 867.00 868.00 890.00 944.00 970.00 956.00 938.00 922.00 906.00 915.00 938.00 960.00 988.00 1013.00 1011.00 1006.00 990.00 962.00 923.00 896.00 881.00 889.00 914.00 938.00 951.00 952.00 961.00 945.00 935.00 900.00 857.00 846.00 867.00 866.00 895.00 918.00 896.00 879.00 854.00 784.00 735.00 669.00 613.00 559.00 521.00 501.00 487.00 482.00 461.00 455.00 447.00 466.00 505.00 545.00 584.00 593.00 559.00 547.00 538.00 515.00 488.00
708.00 690.00 704.00 748.00 804.00 846.00 869.00 895.00 897.00 887.00 889.00 883.00 907.00 941.00 969.00 977.00 972.00 948.00 917.00 910.00 932.00 959.00 992.00 1022.00 1030.00 1014.00 993.00 964.00 928.00 897.00 885.00 907.00 938.00 949.00 945.00 943.00 932.00 920.00 900.00 876.00 829.00 781.00 747.00 815.00 820.00 853.00 894.00 848.00 832.00 827.00 788.00 745.00 666.00 602.00 549.00 509.00 477.00 461.00 443.00 439.00 434.00 458.00 507.00 541.00 558.00 548.00 530.00 541.00 548.00 527.00 488.00
743.00 702.00 702.00 746.00 790.00 831.00 862.00 890.00 898.00 905.00 910.00 911.00 927.00 949.00 971.00 993.00 989.00 968.00 936.00 911.00 925.00 947.00 973.00 1016.00 1026.00 1011.00 996.00 962.00 934.00 903.00 893.00 906.00 913.00 900.00 891.00 882.00 866.00 861.00 864.00 861.00 802.00 743.00 720.00 712.00 710.00 754.00 813.00 830.00 826.00 853.00 806.00 765.00 710.00 640.00 568.00 521.00 484.00 453.00 432.00 425.00 422.00 451.00 504.00 512.00 516.00 493.00 503.00 530.00 563.00 546.00 503.00
743.00 703.00 723.00 761.00 797.00 828.00 854.00 866.00 867.00 897.00 912.00 915.00 927.00 934.00 945.00 975.00 983.00 978.00 947.00 916.00 927.00 951.00 973.00 1013.00 1010.00 992.00 982.00 949.00 929.00 914.00 885.00 867.00 851.00 836.00 830.00 822.00 802.00 817.00 825.00 826.00 774.00 731.00 692.00 668.00 657.00 657.00 732.00 776.00 800.00 805.00 758.00 730.00 709.00 664.00 589.00 531.00 492.00 458.00 435.00 413.00 409.00 429.00 475.00 461.00 467.00 469.00 487.00 522.00 561.00 555.00 518.00
737.00 708.00 720.00 722.00 748.00 778.00 811.00 840.00 853.00 871.00 889.00 903.00 913.00 903.00 917.00 942.00 967.00 971.00 953.00 933.00 933.00 953.00 980.00 1001.00 969.00 949.00 936.00 921.00 916.00 904.00 850.00 803.00 781.00 764.00 764.00 757.00 737.00 773.00 791.00 796.00 759.00 712.00 670.00 637.00 617.00 626.00 689.00 732.00 757.00 756.00 696.00 658.00 640.00 629.00 588.00 529.00 481.00 470.00 455.00 419.00 391.00 390.00 424.00 415.00 427.00 448.00 479.00 511.00 545.00 557.00 528.00
