CHESS/lxh_sk/geo/lxh_sk.aspect
ncols         392
nrows         434
xllcorner     775806.62903
yllcorner     2617280.34204
cellsize      90
NODATA_value  -9999
[rows 90 to 119 of 434, columns 0 to 65 of 392]
1.432096 338.4774 326.2188 305.1723 298.4312 295.475 281.7029 266.6707 259.0631 248.4451 191.3099 176.1575 205.9285 231.2092 245.5845 253.3164 280.9807 307.4762 47.81556 80.48398 88.31532 95.07052 99.80415 96.44675 82.99873 51.92112 356.2194 355.479 33.27489 39.4349 19.65382 321.0885 330.4704 17.13058 344.0817 268.7258 310.8554 322.7336 359.9841 16.9516 5.929766 296.1224 282.308 282.3808 279.5543 280.3448 286.607 298.6241 341.7711 40.49781 45.48555 47.81556 63.20848 78.18822 85.04455 73.39302 16.69924 323.5308 320.7743 316.6847 299.0546 282.9426 281.8215 283.861 271.2018 276.6453
265.9144 294.3701 318.3109 321.5404 319.8793 311.0443 307.1207 300.9044 278.9537 237.2491 168.4137 163.4624 201.1814 240.9088 258.855 271.6366 310.6013 329.3493 83.4802 88.65211 83.97247 78.74168 75.09856 66.61478 48.59233 22.85195 358.7363 5.589869 25.47289 42.15181 46.51741 335.4223 330.3269 28.93116 51.42744 287.0533 291.7371 322.8153 351.7772 2.621644 21.64391 1.231315 291.7139 279.8814 270.3131 270 276.2184 283.0756 337.751 83.84084 95.12317 114.444 117.8015 107.9044 98.74616 37.87498 336.8014 330.3409 329.4568 330.8839 327.5933 294.5777 290.0782 315 309.8415 303.9011
220.8653 233.8683 242.3789 256.1951 273.3665 287.1524 293.2995 290.6506 232.4069 182.3695 167.8114 170.4216 206.565 250.0712 263.2358 270.7514 297.646 95.52754 118.0447 101.6649 92.30143 84.07407 71.34637 52.19347 39.00591 27.30636 14.11153 13.76809 45.45835 73.9336 70.3674 316.0708 318.0822 49.79984 67.91462 256.7595 243.1271 248.9625 288.9832 347.6375 30.33217 27.14968 320.0636 288.6819 283.5479 278.2894 277.2032 278.5799 112.0113 116.7005 123.7656 121.4521 118.4339 104.4898 73.61046 345.4111 317.386 326.9442 334.3508 342.6316 351.6419 330.8558 325.4915 333.869 319.792 298.0977
271.5765 265.5444 252.9921 246.3706 252.9698 260.1342 248.1569 206.2077 171.7593 165.3385 175.8335 194.4524 230.2677 257.0054 260.7165 255.6021 205.5341 154.5367 144.1936 125.6939 110.2727 89.81091 64.6326 52.16531 55.76814 61.6543 76.92088 117.8241 115.821 99.54038 52.39959 314.5937 322.6333 67.65524 73.73106 72.83067 228.7158 240.0694 251.2587 265.6013 38.94581 33.50344 352.1998 313.6468 306.9727 295.4269 284.8484 283.634 86.3255 96.21564 92.17474 79.27114 75.40343 65.55605 31.1593 336.6951 315 316.4321 323.8264 344.4009 348.1664 327.816 332.2815 344.9536 341.5651 289.8321
327.8043 324.5273 315.7073 260.5377 251.1198 240.5725 209.0546 183.9825 168.3407 168.7812 207.3499 232.1935 239.6973 252.7028 251.8212 237.9791 196.3269 166.6672 153.6393 144.4256 129.9681 69.88741 44.31794 52.59464 65.41638 77.97772 98.03165 122.5295 120.7189 86.00909 349.6111 318.2052 15.9454 93.19954 83.59256 73.76461 281.42 263.4679 261.9331 250.2631 201.8014 13.7816 348.2152 322.3524 313.8983 305.8821 290.4838 288.4349 49.35108 55.42853 46.21029 57.77124 58.13402 40.19651 8.471145 330.2551 319.7636 317.5734 321.5819 348.1536 345.3791 311.1432 315.3472 351.2853 61.79837 170.5377
321.6745 329.0363 84.55967 214.1145 226.9637 215.9097 191.4725 181.0194 177.4293 192.0508 226.302 233.5308 237.5288 247.7682 244.949 229.0341 199.922 176.1859 157.6907 160.8149 179.7788 198.1131 67.13549 66.51028 68.05659 68.19859 69.65058 72.20401 61.4293 28.70595 327.2953 317.2906 100.4516 106.2602 93.27048 79.26135 347.2677 280.0803 268.9391 225 201.3706 246.541 301.866 311.2605 304.616 298.2443 289.5136 299.4222 10.69651 42.35746 56.6244 68.19859 43.16716 23.40469 7.503088 330.3955 317.0826 315.2795 323.0207 350.8376 356.4105 326.2455 311.7295 87.7974 110.9892 139.5739
300.9637 146.3099 137.9108 182.6196 206.0194 208.0609 195.2145 185.5993 194.1151 215.789 241.4136 254.3578 260.4069 259.2971 253.7358 236.1386 206.565 182.2799 159.6448 169.3345 194.3936 204.7024 187.5614 123.449 88.99491 70.26964 59.89018 50.89353 43.49257 35.83765 309.4725 139.9697 111.2716 103.2127 83.53018 64.659 352.1413 282.8303 255.0465 190.2587 221.1428 260.5844 279.8778 290.8676 282.6526 279.3855 288.1131 303.1664 6.648645 65.33411 77.49326 54.75243 5.792797 12.13905 12.31945 343.393 321.0542 314.7593 319.5265 347.3633 3.12213 352.5191 21.29735 106.4486 97.21426 92.72631
147.3391 140.7106 135.4584 169.3078 200.3231 213.9136 204.8516 199.0577 218.8448 246.8014 261.6168 263.7227 267.4471 274.9697 272.0454 255.8346 204.2173 177.2272 160.6904 175.1718 203.0676 202.801 187.1063 171.4769 155.6895 133.5121 105.5844 68.85047 60.25512 54.21103 51.00901 116.2413 99.78241 48.81408 47.07003 51.00901 358.0909 281.9442 243.0681 225 276.3412 274.3987 268.2021 259.2157 259.0558 274.3987 285.8712 299.3578 38.21103 81.8699 76.93845 14.21585 346.2438 4.635463 12.96821 356.1859 324.3276 312.7002 316.8702 346.185 21.48544 54.46232 107.0764 130.6013 129.8572 114.1714
175.6568 158.6002 129.3405 153.869 213.1785 225 230.886 248.7495 256.4641 246.6055 235.8403 235.2754 252.8803 277.1456 279.2263 254.9816 162.7076 162.5444 164.6667 184.6859 213.0315 195.5972 174.8056 179.4124 171.8699 165.6711 180 167.7843 79.87533 56.16488 56.12919 69.22775 17.35402 14.85861 46.73571 46.95251 22.95204 289.1132 281.7251 292.5995 269.0403 259.2562 253.457 255.129 273.9452 280.4805 279.8766 288.8432 48.33385 68.88309 48.34682 352.4239 335.3583 351.3339 10.6303 14.52015 326.0864 298.2061 306.6194 348.2544 46.45945 73.77981 90.75717 105.1909 125.4171 119.7449
191.7251 178.0443 150.6274 166.0594 220.8724 238.8912 264.9994 277.7652 234.6888 204.6955 215.0316 238.1611 261.7808 271.9946 261.1666 183.3309 147.2361 153.9582 173.8907 200.0188 214.8457 185.1571 166.3191 180.7639 166.9523 164.9667 198.2325 206.7481 172.2553 116.565 64.0256 41.63354 351.3843 21.80141 47.48955 37.44366 40.9071 349.3803 263.6575 249.3046 261.0851 267.5372 273.8141 280.8855 280.5064 275.4477 269.0474 268.6028 42.27369 54.31932 24.47904 354.9204 339.5998 339.0302 10.64922 39.13613 346.185 279.3295 275.9882 317.6838 69.03429 78.0596 75.9064 62.13628 43.79395 36.7142
180.7162 177.7688 166.7113 189.2461 232.4069 250.4841 260.1589 238.8697 161.565 176.2245 220.1286 254.0332 267.5218 261.8699 217.1116 161.4563 147.8407 150.8114 179.7886 207.7766 213.5265 176.9627 162.4744 181.2364 161.9355 158.3049 203.8157 215.7274 205.3693 217.875 30.96376 5.290081 352.5686 26.01238 31.373 31.88356 43.02489 31.16521 345.9637 250.2214 275.7594 282.313 279.5491 267.8562 253.1482 251.4649 252.5301 249.5424 217.0304 54.67336 8.702224 352.1104 349.771 352.7939 41.08175 67.58731 22.16635 271.7899 253.1063 229.0856 100.3591 80.61086 55.50506 27.89727 17.61258 11.95187
181.6366 184.8566 191.7683 225 257.0054 268.1524 254.3022 190.4915 153.435 173.0616 237.926 261.1582 264.4155 246.3586 182.7006 149.2811 148.6045 152.8297 180.5846 229.3729 239.5889 153.939 149.0362 176.6087 163.7866 162.7432 221.3555 240.0111 238.1725 253.1507 298.3008 341.5651 2.520828 27.89727 32.17122 42.66269 51.64528 51.55695 60.91605 251.6223 254.2145 250.8329 236.6222 225 235.3327 244.6538 243.2499 235.3992 220.0909 233.1301 322.275 335.9041 0.8550974 43.95837 83.46786 84.88958 27.7185 289.6121 250.1148 230.1104 103.134 43.02507 18.81607 7.001267 10.53571 5.875193
221.4237 236.5346 236.3099 249.2744 270.9191 277.7119 219.5597 154.5988 159.8246 194.226 255.0559 264.8056 261.6381 229.4926 163.0016 139.9571 146.6538 156.2505 188.9726 252.6995 247.751 132.0069 139.2958 168.0007 171.9858 202.0679 273.9372 292.3569 300.9637 295.9065 300.8745 328.5166 9.668669 27.85965 48.01279 68.19859 84.24544 95.19443 100.5359 209.1087 248.0202 239.0362 226.8328 234.1229 251.4225 255.3712 247.3801 241.455 248.8753 276.024 299.5007 305.7701 63.43495 86.55261 85.17924 79.18612 31.75948 259.992 242.796 256.0383 305.4509 358.4398 4.074016 0.2968667 7.312759 5.440332
289.2307 269.0608 262.5686 280.8403 273.2961 253.369 149.311 137.559 175.9623 236.7251 263.038 264.1736 257.2091 212.2425 150.1858 138.4212 152.7609 166.9447 208.1013 248.0394 203.2702 140.8218 143.1301 169.5923 216.9829 278.5308 284.2025 292.4965 311.883 317.5511 314.0504 336.1135 10.00798 50.41187 81.15819 90.73452 92.72631 93.57633 92.16353 293.4749 270.0134 258.2935 254.3578 265.1355 271.0728 273.4136 274.0105 273.496 275.5599 273.7477 225.6662 185.2952 167.4211 148.0231 126.7328 129.3517 162.4076 184.7998 238.4732 269.7717 285.218 321.474 352.3423 353.9604 3.084812 10.91705
143.5308 208.0725 242.9044 264.8978 239.6474 200.9497 154.29 137.0952 204.0573 248.7204 260.4778 261.1967 250.5234 205.6837 135 128.9204 156.0659 177.8789 216.4913 227.3305 170.6764 143.9017 151.2429 268.6981 303.7711 299.5576 283.1145 271.9149 278.5308 296.6746 309.9869 347.296 27.64598 76.1951 89.4491 80.94211 61.80869 56.41098 61.88619 356.9777 282.0468 284.4898 274.6859 272.7263 274.1446 274.3383 273.6984 264.6184 245.4042 210.2849 176.476 173.0888 174.4547 173.8219 169.7891 158.4542 167.9052 213.6901 264.2894 276.7938 270.2083 267.8789 296.1469 327.5877 354.8674 21.85422
160.3462 199.1556 240.9454 226.302 180.3515 179.0207 165.2824 150.1645 219.4278 246.1941 257.3073 261.0694 250.592 206.7424 135.4982 114.1791 129.8056 180.3845 215.665 196.4404 163.6105 155.3231 245.9558 284.9103 282.0115 278.4927 281.4025 277.0789 274.4533 286.1539 305.1807 351.8699 48.36646 72.89727 71.38983 60.9454 58.86969 70.14478 75.39063 11.3394 289.0997 296.8109 296.9522 284.7436 275.9514 266.7845 253.6918 225.6861 204.1666 190.4411 173.6293 170.3991 169.8309 174.4866 183.4064 176.5634 191.9151 257.8451 278.7462 280.561 259.0193 244.8265 242.071 247.4427 278.8068 21.12472
205.4633 235.8403 246.0838 196.4486 155.1363 174.4128 184.2795 185.3322 261.0274 266.9552 263.5475 260.0913 244.6326 191.1738 157.2296 119.8459 95.54847 143.8068 200.3441 186.8864 189.0276 301.7595 305.352 286.3895 275.6774 276.1829 283.9875 290.2605 292.6888 299.5052 313.3276 6.512423 62.53978 66.45798 57.77124 63.57235 84.20721 98.85796 83.65981 341.9958 316.6523 315.5509 311.3956 302.55 289.7595 267.6627 237.3391 191.4184 180 185.0424 175.3574 169.9474 164.5942 169.9631 191.8156 205.4077 243.3383 271.7453 274.0233 258.4166 222.9727 220.4775 216.1893 219.4631 231.7536 240.7512
315 209.0546 214.1861 182.8624 137.9207 173.7966 209.7449 236.6593 272.8025 278.7198 264.9516 251.8753 225.6331 180.8384 178.0021 172.5686 105.9454 124.6182 194.8265 248.3691 299.6339 322.485 330.0464 300.9637 288.2289 283.8824 286.1996 292.31 293.0932 293.5411 304.9631 36.53871 65.96107 52.12502 50.58724 63.73079 73.32745 71.56505 17.38697 333.5757 331.6992 333.5526 322.9618 304.4482 248.2946 214.4608 202.433 172.0565 163.8788 176.9705 172.142 168.289 168.1976 174.9739 211.0383 245.78 266.5318 274.7148 268.0979 213.0434 185.9645 201.0375 210.1461 223.1066 230.1479 209.3726
126.1582 155.1885 199.5136 192.7799 143.3439 174.6442 221.0548 246.6823 259.8085 259.8622 253.8754 239.6697 214.8409 183.8506 196.8214 194.3148 124.8085 126.0475 245.556 279.3384 281.8464 264.2257 239.4208 268.9949 276.7662 274.1636 268.0851 267.4692 272.2799 273.23 267.9727 95.55994 71.90109 47.58579 57.71534 66.40318 63.12186 43.59137 350.5377 327.0702 331.4813 345.165 344.8989 171.8699 175.7544 189.7167 190.2568 172.2267 161.0954 165.5692 165.1916 167.3474 182.5448 212.8729 261.9456 275.5936 277.9549 278.1301 263.0789 162.0721 166.2637 199.4036 223.3477 234.4623 222.6992 189.349
137.2457 133.0679 209.4072 195.0053 162.8476 213.3106 282.1443 291.3093 284.8863 265.8818 245.1998 232.7478 214.8753 189.1416 208.8108 186.789 131.1265 143.9396 270.6095 270.5256 231.3402 197.8076 206.565 233.8129 251.7321 250.4783 234.2399 235.2722 245.2548 249.5979 229.2006 151.5873 143.7147 131.2686 88.90878 71.29479 59.91031 48.91157 346.866 279.8658 277.3524 130.1009 137.883 153.0605 167.2889 186.1988 182.4091 176.5318 168.7669 157.0679 158.1238 174.9427 225.9022 266.2218 280.103 277.7266 272.8495 263.5412 204.0442 148.8812 167.0054 228.4422 247.3801 231.8551 199.7289 174.2894
136.3972 135.0185 199.7843 172.8647 237.9946 302.7995 313.5057 308.2338 295.0836 248.0513 229.6534 231.7098 207.0438 186.8924 207.3988 176.3715 139.0593 230.3893 271.0809 233.3833 188.6525 197.7341 219.6185 244.4808 255.2076 241.3139 219.9462 235.196 245.6526 245.43 218.7257 151.7826 160.1735 180.9022 145.6604 83.06161 80.45547 96.13725 149.3354 207.0309 202.9169 163.7571 140.7626 147.1152 172.6656 183.0775 168.0984 180.2377 184.8136 143.8646 134.5018 195.6039 252.6607 263.4261 262.1042 255.8492 245.9245 223.1449 176.57 156.8014 198.605 248.6875 237.7656 199.3845 178.7737 166.2827
160.0836 184.3987 175.2364 178.2643 271.8882 280.4599 270.5256 231.9112 203.1986 208.6518 241.8375 244.9831 170.3313 178.1858 204.0755 181.1573 168.2317 260.0958 235.3973 182.7554 183.7376 215.9605 243.8078 260.2333 260.08 252.5746 269.5417 272.8221 264.8056 256.3976 220.4562 138.9259 152.2874 212.0307 213.2875 114.1092 115.1374 122.7117 144.6808 190.1408 194.7036 171.0489 143.7462 144.8983 191.6593 175.7636 145.1755 182.8271 215.2867 148.5359 111.46 195.4612 244.1913 245.2117 242.4549 238.8579 225.8519 201.3244 175.124 173.8731 214.3007 225.2348 198.3098 180.1916 172.1402 160.719
192.45 194.7436 186.4993 210.9638 240.3215 223.2986 203.8243 193.6367 202.2176 237.4649 265.1696 214.8245 137.1693 174.4278 221.5318 210.4655 228.5763 228.3274 200.2657 197.3189 254.5778 273.3665 271.3079 268.8496 264.7557 274.6859 296.8839 301.9666 284.7993 270.8594 220.4261 122.613 144.9721 225.8384 220.2691 121.4902 111.2796 114.7617 129.5917 177.1936 192.5789 173.9559 153.9164 160.0915 201.666 175.7321 137.2197 181.2018 226.6847 174.629 125.4069 185.371 238.1134 235.5873 236.4588 233.5991 214.242 188.4641 174.7786 192.7453 218.3036 215.8012 192.5674 182.2906 178.0098 159.4716
254.3578 214.2157 211.4296 227.7927 224.0122 207.7839 200.1795 204.1455 225.6031 241.6992 227.3091 167.7639 139.1223 274.0856 292.0459 284.4208 264.6678 266.5318 303.8453 320.553 334.8225 335.7827 311.6532 296.264 298.5187 303.0403 305.0454 308.601 288.3098 262.9922 181.4943 114.5005 132.4632 230.3282 236.3099 101.3099 78.76823 78.30399 86.96266 131.0741 180.5509 170.7144 163.9336 174.3693 189.8336 180 154.4023 190.751 231.0725 167.6375 135 192.9946 229.5739 225.5617 229.2282 220.1148 197.1027 179.2748 180.6031 219.7497 243.2576 233.3544 181.9946 180.1983 183.4738 170.9421
348.4862 2.090159 7.431408 337.249 254.0546 231.5819 223.1524 225 229.7079 222.2298 202.225 181.5074 276.3402 313.8693 331.8937 340.56 336.3093 337.3286 331.9836 325.6197 333.9369 350.8265 339.0525 313.9088 310.9483 312.1042 305.967 267.594 228.8141 230.8696 187.0379 108.435 112.2606 232.7478 240.325 191.0564 84.05848 76.23921 82.12798 101.4006 149.1305 167.8729 176.8983 176.5936 173.4181 176.7603 174.0939 216.0029 221.8698 160.4454 147.7867 187.3738 206.131 212.6775 216.9298 205.5709 193.3512 188.2381 216.5877 262.8482 271.4581 224.2258 150.8085 172.3667 191.2289 194.0362
349.992 357.4438 14.55138 17.08023 15.15407 347.4712 306.0274 289.359 273.4682 256.5348 245.8545 278.7906 291.9564 296.9315 316.5482 328.9457 332.2415 336.8896 336.6271 326.6336 326.8887 353.0238 347.4712 318.2397 307.5586 306.0434 225 167.9052 201.3706 224.5643 210.3148 114.4867 105.4713 212.7577 227.0184 205.9423 139.2364 109.5583 109.7167 114.1455 132.2446 168.4595 195.6158 172.4053 155.1234 173.5926 209.5052 227.0273 187.3806 163.9627 162.646 180.5509 202.184 210.8089 210.9638 208.5828 212.4712 230.7487 266.8452 276.2993 253.4742 160.7581 149.3056 195.1799 270 297.2996
315 332.2096 9.748594 21.30386 27.10051 20.22486 352.6262 332.8787 326.6115 326.6115 324.8336 301.3903 277.4314 263.9559 275.1364 296.6813 308.9204 317.663 327.1913 320.2971 310.486 331.9553 334.2693 315.6296 299.8989 291.4677 122.0054 144.9341 205.6806 229.4971 215.8112 147.2315 114.8637 164.8989 215.3462 217.4238 160.9744 117.5942 119.3944 123.43 128.1957 167.3807 194.4594 167.0472 157.0113 192.5724 221.8493 190.9541 170.4634 169.439 172.3853 189.5301 218.7844 228.0665 248.0782 273.0715 287.2759 289.867 284.6852 264.8978 183.6914 153.1617 188.4475 297.6025 316.2254 325.0279
265.7321 261.8699 291.0375 45 40.08821 23.57954 2.214755 350.4753 343.3549 320.4923 306.8699 294.0755 280.2348 277.9355 279.7004 284.4703 289.3301 282.5674 260.2563 232.5947 233.8418 251.2666 277.0735 282.1443 267.3676 190.008 105.3661 118.5892 205.0963 230.7824 220.1009 167.9247 136.2276 137.1693 197.3393 220.9982 179.4491 114.9048 110.7461 117.5301 119.5287 143.0047 172.2348 159.3312 162.9795 202.5035 195.8239 175.3226 173.3952 180.8303 196.1134 230.1022 264.0939 290.556 304.1145 311.4821 317.7792 304.5625 262.1261 202.1263 166.0207 180 287.8271 300.5451 312.2298 323.7974
253.0873 219.9573 196.7379 175.04 152.7447 6.74558 9.013205 15.16446 355.1792 334.5583 329.8935 325.9541 305.8698 298.2235 289.5072 279.1179 271.3972 234.211 191.7529 196.4845 211.1345 220.89 226.7253 223.1035 224.2361 192.4259 104.9027 105.9132 181.7899 227.5511 215.0076 177.1702 163.3008 140.2624 175.452 218.6034 189.5622 128.8845 112.4259 117.9671 134.4491 140.2471 153.9876 158.6294 165.5476 193.7995 189.2461 182.1611 194.5889 221.0091 261.1932 290.6744 300.1497 299.7946 297.6009 293.6041 279.8458 199.4115 188.7114 179.8193 188.7283 246.7271 274.11 278.9525 285.9454 297.5973
24.25578 60.18443 214.3598 199.9371 231.0725 248.3556 99.46232 62.8787 324.9638 329.8265 338.9968 348.7917 331.1892 302.6484 290.556 271.5154 243.6279 184.4749 170.5947 192.8174 208.3988 214.4874 216.2538 216.1646 225.9602 204.8804 117.9999 109.2216 157.3407 225 201.4253 178.6407 179.7854 158.7638 164.4156 210.0686 186.4831 141.4416 125.1887 129.3208 145.5392 149.1495 157.1452 169.6409 171.6341 207.646 241.5044 257.0054 260.8376 268.0251 278.1301 289.6538 296.8962 288.4349 259.8658 222.3974 187.5653 171.4411 178.9806 195.1096 236.3953 256.569 259.439 256.1972 244.5807 238.3428
