CHESS/lxh_sk/geo/lxh_sk.slope
ncols         392
nrows         434
xllcorner     775806.62903
yllcorner     2617280.34204
cellsize      90
NODATA_value  -9999
[rows 405 to 431 of 434, columns 61 to 121 of 392]
16.29299 20.88525 23.39796 22.41283 18.75397 17.53378 22.83714 24.05546 20.85286 18.06371 10.29095 7.892314 25.18271 27.58404 23.26335 22.82822 23.58638 18.16321 5.930571 11.12602 9.772994 13.95148 12.3424 19.43394 35.02431 35.68974 23.0508 10.89007 18.54079 22.18466 19.21163 8.507673 4.63002 16.58043 25.11481 26.00397 25.51425 28.78501 29.65559 34.68091 34.66848 29.60494 26.18217 20.03419 21.47231 25.19118 30.97743 32.40116 31.21926 29.18091 22.42176 16.65727 20.47703 20.96167 28.44419 32.27579 32.31403 33.38855 30.12416 30.3057 30.81532
3.070849 5.515679 5.781273 1.94199 2.866812 11.96126 21.37369 19.10689 10.796 8.125707 12.78417 20.24854 26.51209 24.01494 18.57068 18.53161 20.59785 14.83353 4.289153 5.82105 4.702335 12.71219 15.73079 9.064293 23.62757 36.57876 38.66899 28.5122 7.608476 7.776429 9.583437 9.256682 9.631678 14.01959 20.60506 22.04085 23.21097 27.79016 26.66695 29.17879 32.19089 30.23791 27.98529 23.24316 23.49576 25.13645 29.84783 31.43338 30.479 30.64014 29.46554 22.84806 19.37364 18.25628 23.74715 26.96509 27.80836 33.86689 30.33612 29.04259 34.14329
17.64971 15.1554 17.31159 22.10545 21.33028 20.53484 21.67633 16.9703 13.93135 16.13106 18.83285 18.84562 19.08636 17.30286 15.45039 17.50034 18.93611 11.81192 4.722631 1.015003 4.057641 11.70213 17.39922 16.13106 9.651912 19.09435 31.60313 38.59583 33.99988 21.24902 10.48923 14.8308 18.75163 19.57561 21.5112 22.8721 19.41359 21.62726 22.45308 19.78601 25.25819 34.31718 35.18343 32.28005 28.14798 26.14828 29.50568 33.0499 30.94655 31.54255 34.25965 33.69122 31.95737 31.88528 31.42245 26.51919 20.13684 29.37036 29.05095 25.76523 33.44422
18.56477 18.1486 21.64941 19.56346 20.38767 22.73382 22.51692 22.65441 18.64822 15.18919 14.82143 11.53124 8.742715 13.82002 16.96466 19.27541 16.22068 10.66765 12.09276 10.03844 4.699744 7.211715 13.86569 18.83111 17.12514 10.34911 3.520405 23.1116 34.32447 32.71266 20.56638 17.88617 24.49351 27.40407 27.87316 21.75752 15.15388 18.79361 22.55214 21.01216 16.43886 30.74149 39.07324 38.76493 36.46812 34.76752 34.22236 36.01768 34.288 34.10036 36.69665 36.42124 37.65324 40.25758 42.35303 42.23944 39.50029 35.89087 29.84783 22.86053 27.99762
23.24055 20.95589 19.22463 12.265 20.06225 17.48024 18.68639 21.6446 21.00463 16.20807 12.20415 9.238166 5.363853 8.843202 17.2221 19.8045 14.11422 16.77374 19.08209 18.2852 13.41392 7.081364 6.864999 16.57053 17.96319 16.65727 11.86899 4.472736 21.82902 31.74597 25.83694 18.03304 26.9663 30.16145 28.86409 25.37256 19.40996 20.11131 22.96701 21.66095 17.85326 14.16702 24.56447 32.87895 37.63635 38.39792 36.78185 36.89798 36.36206 33.50179 35.98841 37.55606 39.68188 41.49636 42.10884 40.92843 40.96469 40.9165 37.83003 32.90197 29.62434
26.72344 23.40656 18.91044 17.97214 20.82623 19.13507 19.60097 21.0842 22.50576 17.15557 8.496825 4.386221 3.598285 4.368997 14.99202 17.07164 17.40693 18.93352 17.19833 17.40693 12.52596 7.757336 5.90208 14.91787 16.32222 15.0734 16.68064 16.04438 17.45435 30.71663 30.62397 22.03076 27.79984 29.23318 20.96041 15.28438 20.56509 22.14371 17.60041 13.37321 19.53914 19.08408 9.881402 14.83392 27.36032 33.19723 34.3461 33.63718 31.86426 25.21252 26.51759 31.20151 33.5602 34.02745 32.95691 29.90858 29.15917 28.21258 25.09334 24.04575 26.66466
26.13866 24.55166 20.56638 21.70296 20.05023 21.75585 21.9517 20.2604 20.52371 18.11049 11.60793 5.552971 3.681347 1.94199 9.316589 14.44899 15.77652 9.478438 8.947285 13.40967 17.68657 15.34445 7.74059 12.34529 14.32406 16.40677 22.03803 24.56287 16.88188 25.21675 28.3797 19.89874 20.56896 18.07748 17.74183 16.88888 9.035192 5.698543 14.30291 22.09634 27.14274 27.56342 25.2419 24.88253 19.20484 15.44705 14.47952 13.40572 14.91322 14.06783 7.319016 10.35438 16.17437 16.94476 14.72582 12.43839 13.47616 13.5036 13.93135 14.27684 17.97029
22.39243 21.0109 20.909 21.75393 19.95049 19.84357 18.37814 14.7211 14.99202 15.11656 15.74568 15.98426 14.7211 9.769254 1.915765 5.64565 10.55309 19.62079 19.78275 20.51646 23.25792 14.12744 8.267777 14.23966 17.51181 20.57232 23.1243 22.2051 8.565999 15.60989 17.90136 5.58889 9.87216 20.41873 25.45057 27.60978 24.01411 29.30835 31.10752 27.16662 23.98988 23.87127 28.11631 28.98223 20.16524 17.28215 18.91448 22.47294 29.41326 33.72733 31.59218 24.14933 15.6491 11.70454 17.5484 24.59385 27.91117 22.28289 9.301487 7.120662 13.95274
17.41623 15.60255 17.77031 16.86319 13.00073 14.24579 18.67084 17.45435 11.48746 13.65793 20.02456 23.28547 23.40914 22.0209 19.81454 18.29973 26.77939 29.69118 26.13866 24.68443 22.06803 10.35438 14.18717 20.44036 22.59725 20.72512 14.28377 17.07854 24.95942 28.07378 25.66519 23.20661 25.07455 24.62157 24.32082 25.94695 26.69539 30.23295 24.62038 20.81836 25.77692 27.14632 26.82209 21.3455 21.51387 29.39406 29.65134 29.86304 34.64988 39.06208 41.79912 38.57127 27.26926 19.82106 25.89877 32.98138 40.41849 44.20966 40.91118 35.2696 28.82637
14.85885 14.56748 14.7211 15.95999 13.26312 13.4552 17.51341 14.62313 12.58365 18.44241 21.06397 20.65366 21.63593 26.02299 29.08331 29.56607 32.47499 30.96484 26.90752 24.64726 20.00178 12.53734 19.81183 25.01242 24.36786 13.9431 9.069695 23.36436 29.10833 28.77032 27.00559 25.79009 22.45537 18.73791 21.65686 22.98668 25.42631 19.67461 19.60538 30.02654 31.64997 24.63611 17.58711 15.56284 28.19657 31.29059 30.10662 28.29874 29.89182 30.63683 38.94009 40.81765 30.42885 22.36466 26.43901 29.08407 36.46851 46.28948 49.9292 48.29211 41.97472
19.5654 19.85115 20.78174 21.06472 16.91951 15.16642 15.21192 6.846876 8.508395 16.99942 17.01528 16.20912 16.2609 19.91412 21.6116 22.0589 28.3226 27.72058 23.29868 17.51818 11.54631 12.15522 22.70664 26.63581 23.56255 10.35263 21.56837 26.70592 26.94575 25.8807 23.01999 19.90927 15.25537 17.99432 20.34004 22.54033 21.25495 16.32535 27.57456 32.06251 27.24485 22.42977 24.00914 27.85551 32.67595 30.09121 30.85682 27.90775 18.9315 14.89499 32.40725 35.51667 21.98563 21.02494 25.61859 24.91486 26.38904 32.22656 37.34526 45.14193 46.17601
19.04294 18.74784 18.4236 14.06824 10.45454 10.92105 12.66822 5.182177 16.91519 18.58486 16.077 18.53546 18.56713 17.13889 16.68064 18.39311 25.98328 23.53826 17.28215 9.797887 10.90446 20.40699 30.03585 27.74545 11.48746 15.66591 28.68146 29.3094 26.30211 24.0969 20.06065 16.65659 15.03393 19.24835 21.40794 21.28207 18.06003 23.85288 30.62895 28.58039 25.72395 30.37616 32.27579 33.42452 31.6371 26.89505 26.76769 20.30382 15.03508 26.07975 34.77912 28.58587 9.001909 23.53314 25.16866 21.00614 17.2728 14.78124 20.08527 40.28719 46.44047
13.82638 13.72602 14.71323 10.84454 10.40867 12.59355 10.08542 9.361739 22.8222 19.62437 13.06056 17.82151 17.60231 17.06012 18.87604 24.59704 26.55462 20.83511 13.24222 11.81851 20.10066 28.58978 30.83335 15.45596 14.44094 28.61743 31.91805 29.03422 22.14254 20.19597 18.09247 15.69001 15.0822 17.50321 18.59903 16.99645 18.46952 27.5261 30.8748 30.0569 31.0034 32.0896 31.85965 29.98118 22.37844 16.88788 15.97891 19.41136 28.39348 32.64381 31.04658 12.94287 19.63316 28.76506 22.17885 11.76575 2.382605 5.193044 17.39693 34.18566 42.28634
11.15844 9.974529 8.453287 12.23924 18.48262 23.77134 23.5325 18.69811 22.72371 19.70719 12.30135 15.96641 16.29299 17.5738 22.47682 28.08571 25.62197 16.49765 7.988696 16.59678 26.65569 31.55772 22.53306 11.39671 29.93512 32.73859 29.8194 23.44457 14.7494 13.49577 13.92673 12.11543 9.117498 7.500369 6.526987 6.141443 12.76237 23.36889 27.67685 27.80525 25.61578 24.26243 22.26787 13.45477 8.687768 17.77688 25.27179 31.03431 33.29993 29.86391 18.66731 12.516 28.83562 25.03283 11.80078 14.8105 14.52912 19.1474 24.57754 28.57977 34.19556
11.1579 4.547928 12.11395 24.33198 32.29068 35.35593 33.42557 26.40601 27.00559 24.94243 20.72129 19.08836 19.36441 20.82597 24.34346 23.94178 17.36723 8.618953 14.19826 24.23428 30.42031 27.83539 9.989757 25.65192 34.58742 31.58418 21.7063 9.078741 2.708292 2.925646 3.924687 7.201204 10.79209 13.70423 15.7504 15.23461 11.51719 12.53118 15.03508 13.72474 10.54391 9.040614 14.58141 21.25544 26.50215 29.94967 32.57332 32.51252 26.77659 14.50477 15.90916 24.47582 28.46847 14.49235 19.23622 25.75092 22.72012 26.62859 26.88464 23.37556 24.79306
22.04835 20.78658 28.27415 31.69903 30.4073 31.07661 32.75731 28.3226 30.45664 27.14528 20.73053 15.97243 16.49586 18.05899 17.24121 11.59158 5.098846 10.4795 21.47621 29.11409 29.3717 11.99914 22.98359 34.89433 33.18789 20.74003 4.077842 16.10212 17.09628 14.78351 15.94032 19.62437 21.00012 21.74127 22.0596 20.65777 19.39237 18.97411 20.30803 22.23385 21.95028 23.7522 29.33019 31.26081 30.39902 30.48235 28.56239 20.56896 10.02074 18.71422 27.78769 28.66886 23.20727 9.069695 24.76918 30.52969 26.79421 25.37256 26.52344 23.84996 20.58496
31.07284 29.6196 27.77327 17.60475 5.70823 10.1534 20.34345 21.73509 19.80931 11.76048 6.409935 4.91805 5.977661 6.485957 4.633991 1.562795 3.062401 12.67652 24.83717 29.93382 21.8302 22.09634 35.97456 31.28676 19.60337 2.619223 16.62244 21.23413 11.77998 10.15742 13.64891 16.03692 17.42617 20.6975 21.15665 19.83788 21.20947 23.25944 24.71557 25.87517 24.24591 24.44401 27.24197 26.69908 24.8106 21.25544 10.70611 11.74131 22.58955 28.22313 27.15042 19.86388 7.112817 14.77097 27.83621 33.83689 31.66646 24.75653 26.16061 27.37413 26.39386
15.25424 15.49136 10.25365 6.523746 17.37655 14.04721 3.577215 3.462909 1.256017 8.011497 10.23616 9.707192 6.9304 2.576544 0.006362701 0.006362701 2.067298 11.43717 23.73768 30.22602 26.06827 31.41598 27.71492 12.24931 3.588693 5.219042 16.53056 19.10262 10.66255 5.569838 9.402761 11.96725 15.15578 18.50461 15.90055 16.84582 22.30504 26.10196 27.50741 28.06555 26.22502 23.69994 21.73959 19.34676 15.77035 6.933418 14.85729 25.37788 28.41767 24.88587 13.88762 13.13986 21.05798 27.10839 31.29338 31.88528 29.99153 27.28552 26.94281 25.60303 26.69416
19.77104 17.51757 16.68463 20.46856 21.20034 16.74918 18.06003 14.49794 12.48177 15.20554 18.47893 18.60731 15.8025 8.63669 1.691204 0.7337831 1.114004 7.192214 17.90576 27.23127 24.24953 21.14689 9.816453 0.6492511 0.3297705 3.028745 12.08477 20.00813 19.46604 13.76695 12.33854 12.60485 15.95748 20.10758 15.70204 14.77097 22.23733 26.9378 27.87267 27.77719 26.46092 19.36021 7.647391 12.88562 14.60606 12.49273 22.3343 24.9221 20.4843 11.2764 15.96177 26.72852 29.05582 30.55914 30.27481 23.69466 27.06676 30.8861 27.08185 19.29736 9.283066
32.41109 32.13525 29.89886 26.7969 22.69585 18.20876 20.34109 18.33823 12.26015 14.88257 14.52957 14.88878 18.26974 12.3925 5.274836 5.70384 3.824027 2.298384 11.59121 15.55694 4.84489 2.621386 8.321777 8.289517 3.936271 0.109256 2.354059 8.249832 13.56279 17.6475 24.03211 22.68325 14.94109 14.23843 18.10072 21.59543 26.88534 25.03419 24.3551 27.04806 24.03397 16.01418 12.84146 17.29089 20.26462 18.59903 23.66443 18.62379 7.012659 16.08691 23.33673 26.6731 27.13266 28.06377 26.96561 23.41881 27.50056 31.10966 22.7605 13.28043 16.16311
32.437 30.73298 28.60228 24.89704 20.29804 15.38484 14.24947 14.33056 9.171708 13.4552 6.875849 10.9838 17.43226 10.45454 8.563128 12.34926 13.52169 8.744908 17.7357 21.16559 18.93302 21.26994 18.6579 14.66995 7.75441 0.004502543 0.005632472 3.723443 14.68314 26.06408 30.938 25.01242 21.87104 18.19693 19.70308 23.96436 29.81708 27.6383 23.09911 24.89351 19.11031 26.60038 24.6112 13.3481 20.86856 22.83759 22.34374 10.30567 13.35647 20.42786 20.39133 23.34537 27.6661 29.62786 25.80196 18.93237 20.60145 20.06733 19.06238 19.33274 25.94585
30.22828 28.1985 26.58431 21.01216 12.42404 8.376519 9.134266 11.24704 6.345103 8.306416 3.835471 14.66589 12.47179 6.965583 11.10436 14.4216 17.7486 14.00709 14.52022 20.55475 13.47834 13.63429 12.7289 19.45047 8.632601 0.005632472 0.004505978 4.197017 15.72504 26.60779 31.49331 24.57467 13.09983 19.29286 21.27936 23.67839 29.19584 28.41293 21.76062 13.03703 5.3346 30.34174 29.04076 10.86733 17.06769 20.47183 15.67724 9.261965 20.34659 21.87579 18.16321 19.05667 25.35885 28.98773 28.41988 24.23428 17.79812 21.3266 29.57094 28.71672 27.6204
24.00604 21.34231 19.44062 15.62896 11.32692 8.000272 8.720217 10.78873 6.403731 1.71364 10.5307 9.287675 6.722294 10.94697 10.81891 13.79627 13.21683 15.97891 6.573538 19.5314 17.48375 10.05163 12.97707 21.59061 7.574287 0.006362701 0.005622856 3.659041 14.40028 24.72824 30.29174 30.53469 18.15317 5.943188 10.15981 20.00956 25.3108 21.86251 20.38767 23.50965 26.96906 29.57432 26.03086 15.59374 12.68132 9.772994 6.190992 13.19898 21.14945 23.0508 19.80884 19.59326 23.14115 24.01328 23.06729 21.80998 21.85183 28.75407 32.93854 33.88925 29.17849
13.21371 12.94606 15.00011 15.38223 10.16041 6.684264 10.15563 10.78705 8.468553 8.42778 11.34812 6.900197 14.01292 13.23866 9.158355 12.46464 8.767251 16.38499 7.755743 14.11422 15.15426 10.20036 10.16041 20.37793 9.013022 0.3320163 0.006362701 1.971647 12.15736 22.93894 26.14901 28.19097 24.57287 18.79361 19.00828 24.82281 23.52994 21.79402 28.29874 33.58182 35.80191 30.89168 21.11412 17.64213 9.283066 8.300484 17.28215 18.26957 18.58929 21.1201 22.60743 22.27457 22.07716 19.04552 14.16249 17.58014 25.54421 29.85145 29.6638 31.06005 27.72058
22.80188 22.53874 20.61459 15.07072 4.069499 2.970595 8.468553 9.174376 9.478438 14.40668 10.0818 13.26667 12.40728 13.21148 11.46393 11.81192 9.719868 15.06153 14.07695 15.67468 15.18464 8.975324 8.988286 18.5722 11.7195 3.215505 1.155608 0.2228705 10.30057 22.28287 23.57851 21.98798 23.28135 24.54966 25.59027 28.78563 27.83883 31.16756 34.30779 37.79581 38.92709 34.85506 26.7628 18.45672 9.01551 15.2104 19.62822 13.31675 13.82172 20.18935 24.84955 23.18482 16.33786 14.35693 21.55966 27.97475 29.84029 28.0841 23.71829 23.19877 22.16536
27.63962 22.01267 17.91777 12.04482 7.96084 5.542826 6.206079 9.24346 9.494525 16.8712 5.943188 14.96272 9.809067 12.80268 15.56726 14.75764 14.39578 16.6155 17.23023 19.01803 17.31837 10.2886 11.2358 16.20912 14.86068 11.6829 7.378467 3.004302 8.250986 21.67314 20.69366 17.56999 22.04554 22.75153 26.24541 29.199 32.48043 33.91349 35.28074 37.75143 35.70729 31.8179 26.35002 15.91884 7.84838 15.98461 21.43894 17.54904 17.86072 22.38417 23.65808 17.64213 18.37035 26.3102 30.21114 30.11104 27.61077 23.13787 19.71812 19.68748 17.47321
22.0378 16.67015 14.727 9.679029 10.94917 11.311 5.961016 7.43155 12.66307 16.00278 6.684264 15.47155 10.94862 13.9074 17.8405 17.90136 18.88732 20.38192 21.73887 23.58468 20.08973 14.55951 14.32772 15.77072 16.99347 16.70229 14.61424 8.840978 3.993611 19.15075 18.58988 17.13693 18.04317 20.20972 25.13973 30.26124 32.81552 31.4811 30.79494 28.69825 22.67041 22.17164 19.63591 11.78404 7.008232 11.04344 18.00478 21.93258 24.06619 22.26417 15.30694 14.90197 24.76128 27.04205 25.62496 23.64729 21.32955 17.95702 17.55348 16.22909 14.95384
