test-CHESS/lxh_sk/geo/lxh_sk.patchorder
ncols	392
nrows	434
xllcorner 	100000
yllcorner	100000
cellsize 	90
NODATA_value	-9999
[rows 102 to 135 of 434, columns 154 to 230 of 392]
41171 46635 47987 44185 42190 47798 44354 42348 43246 44540 48010 51329 50706 43811 41997 45525 46211 46212 48598 47799 45749 42725 42349 38654 34209 35443 40682 42880 46975 52710 52711 48801 47164 45750 43993 43426 41838 42191 43994 43247 43248 45751 49021 49022 49260 48209 45127 39264 35736 36441 37738 37593 37594 35598 33566 35599 36442 37027 34643 31239 30125 28397 26743 27013 25004 24295 25451 27417 30531 31240 32701 31880 30404 29490 27559 27164 28398
40811 45340 47988 47362 46213 47996 46021 42726 41358 41998 45341 50707 51535 47165 43995 44940 49265 49876 48400 44186 41839 43642 41172 37335 35737 37454 44187 47363 50281 53215 54314 52507 48802 44734 44355 48011 46976 45342 44735 45343 47800 49598 49597 49266 44736 42526 42727 39538 35186 33035 32454 31242 30818 29364 30406 32716 33332 34371 33567 31881 31243 29863 28399 27418 25834 25593 27016 29491 31109 32703 31624 29864 29252 29752 30127 27562 28889
41999 44941 47989 47991 47994 47997 48001 48012 45128 42528 44541 48803 51735 50480 46022 46214 51321 50910 45129 42881 45526 43812 40537 40195 38219 36756 42000 46023 47801 49877 55024 53429 49023 42728 43427 49878 51111 49621 46977 49024 49602 49599 46215 42350 38220 36443 38510 38511 33959 29753 27669 25836 24729 25149 27298 28625 31388 34210 34211 33806 33677 31884 30408 29630 27670 28626 30257 30679 32584 32717 30128 29013 29868 31110 31499 29254 29989
42729 44356 45752 45344 44542 44188 46216 48013 48791 44543 43643 46636 51330 51736 48804 48401 51323 49025 44737 48402 48589 45753 43059 40812 37337 35056 37455 42730 44738 48805 55465 55683 52264 44942 42529 49426 51331 49427 49611 49606 49428 40813 38655 38786 34644 31500 34212 35057 32176 27420 24580 21418 20393 22020 22742 26104 31389 32879 32316 32585 33788 33678 33036 32177 29756 30260 32455 31754 33037 31626 30536 31627 31886 31628 30411 30681 30131
42882 42883 41173 40375 39854 39855 42001 43813 48806 46978 43814 46637 51536 51737 51738 50911 51332 49267 48599 48592 44739 42884 40376 38221 36007 35738 37740 43644 49622 51792 55238 55684 54549 49429 46979 52265 48014 46980 46638 48600 43428 36574 34083 33679 31111 28630 29497 30132 27792 23903 21081 18342 17823 20271 23251 26402 29014 28754 29145 30133 32317 32023 33208 33192 32880 32718 32719 32881 33176 32024 31391 32153 30950 30261 30262 30538 31887
42885 42002 39266 38943 37741 38512 40684 43429 49026 49623 46639 47802 50282 51739 51740 51741 51742 50481 48210 46441 42192 42351 42193 38944 40540 38788 38081 43815 51112 53216 55466 55685 55686 54315 53430 54823 52027 49879 44189 41359 37194 32883 29147 26404 24867 24868 24168 23904 22137 19709 17624 15511 15985 20394 24300 24732 24733 25979 26625 27300 29015 29369 31888 33193 33189 33187 33184 33181 33177 33169 32180 32154 31392 31501 32149 31757 32150
42886 44190 41841 40034 37743 38657 40197 42531 46217 49880 50708 48403 47803 49881 51744 51745 51746 48807 45130 43430 40986 43996 46442 42731 44191 39856 40814 47166 51793 51333 53217 55687 55688 55689 55690 54824 52952 49430 41672 38789 33680 31393 27426 22607 22365 23121 21531 19381 16850 15612 14299 13335 14523 18240 20955 21648 23905 26106 25302 26887 27566 29259 30819 33190 33191 33188 33185 33182 33178 33170 32183 31633 31113 31394 31114 32155 32156
45326 45329 44544 40686 39539 39688 39397 41360 44357 49882 51747 48808 47167 50071 51752 51753 48404 45754 44741 41174 40687 44742 48601 49268 46640 42532 39857 42732 46218 46641 49431 55691 55692 55693 54100 49269 48809 49883 46024 39398 34795 32884 30955 23787 23646 21300 18242 15789 13798 13336 12898 12966 14052 16198 19607 21533 24301 25838 27021 29151 30137 31245 31759 32586 32186 32720 33186 33183 33179 33171 33038 32187 30413 29994 31502 32188 30956
45327 45330 45345 43645 43249 43250 41673 45527 49027 51748 51754 50482 48405 51334 51758 51759 49270 48810 46443 41674 41361 42887 47804 51537 50072 44358 40541 41538 41362 41675 44359 50283 55239 55694 54316 49624 46981 48015 46219 43818 41175 38368 36166 33961 27567 20398 16669 14525 14300 15206 15790 16405 17525 20273 22744 23648 25456 26408 29500 30414 33210 33808 32721 32026 30820 31246 32189 32885 33180 33172 33164 33160 31890 32886 33154 32190 32887
42003 42353 45131 46220 47585 48016 48602 51538 51743 51749 51755 51760 51763 51764 51765 51766 51767 50709 47364 44545 43646 45346 46982 53653 52028 48017 47365 46025 42888 45132 45133 48211 54317 55697 52953 50073 49625 45528 43647 42004 40815 39400 36008 30685 23907 18438 16199 15792 17426 19075 19505 20502 23122 25457 24736 24443 26629 28635 30416 32460 35583 34214 31397 30417 29996 31118 32461 33173 33174 33175 33165 33161 33158 33156 33155 33040 32723
40035 41176 44192 47805 48792 48811 50912 51113 51539 51750 51756 51761 51768 51770 51771 51772 51773 47168 45347 46983 48406 50483 50710 54825 51335 51114 52266 49028 47169 50711 49029 48603 53431 55702 54826 49884 46444 43251 39858 37597 35861 34085 30546 27171 21653 19382 19169 20169 22611 24445 25602 25460 27308 28637 26892 27429 29373 31892 34926 35603 35584 31893 29501 27569 28523 30547 33166 33167 33168 32463 30957 32192 33159 33157 32029 31894 30421
40198 42733 45134 45755 43997 42194 43819 44943 45756 51751 51757 51762 51769 51774 51775 51776 51115 44743 43060 44193 46642 51116 53654 55467 53432 53888 55025 52712 50484 52954 56208 54550 55715 55468 51794 48018 43648 39689 37456 35740 36009 33809 31509 29262 27800 24870 25304 27309 29999 30138 30689 29503 29877 31120 31399 32319 34511 35862 35847 33962 31510 28895 26753 25842 29156 31636 33162 33163 31761 30548 30139 31248 32465 32193 32032 31249 28641
35189 38369 39859 39268 38082 35863 36875 38790 40542 44194 43820 46026 50485 47366 49626 51778 48812 43998 42533 43061 44195 48212 49030 51795 56209 56810 56811 55716 53655 55240 56403 56401 52955 50284 46984 45135 43999 39120 35864 33963 34216 32727 33211 33810 32320 30691 30692 31400 33041 33212 33335 32466 33457 34512 34927 36876 37195 35445 32590 28642 26633 25985 25014 26754 30001 31121 31895 32888 31511 30422 30140 30549 31401 30550 31512 30824 29505
30960 33458 33811 32889 32322 31638 32033 33681 36877 38083 36577 40036 47367 46643 49031 51782 47586 44546 44744 45757 45136 46644 46645 50285 55241 56812 56813 56814 56815 56412 54551 50913 50712 51117 49432 47806 44360 40543 38658 36011 34217 33336 34928 34646 33459 32890 32891 33570 35447 36578 35865 34929 37032 38223 38946 38791 35058 31762 28526 25844 24872 25987 27571 29507 30142 30693 31763 32868 32869 31896 30694 30423 30002 29376 29879 29508 29880
31897 31404 31252 32196 33461 33682 32591 33043 35866 36012 34513 37599 41539 46221 49885 51785 50286 48813 49032 50074 50713 48814 49627 50714 52956 56620 56816 56817 54318 50075 48604 49433 51540 50287 47587 46445 43062 41676 40987 38370 38084 36758 36168 35867 35059 33965 34648 33337 32467 35060 37745 36879 38371 39390 38659 36880 34087 30961 27430 27310 25846 29022 30825 31217 31122 32592 32863 32864 32865 32866 32593 31514 30425 29765 29640 28408 27678
36446 34798 34799 35741 37033 38372 38224 37600 37339 37196 37034 39401 38660 43252 46985 49886 51796 53218 52713 53433 54319 51336 52714 52508 53889 56210 56818 56819 54101 49434 49033 52029 53890 50076 45529 44196 42534 43649 41843 41677 41678 39691 38225 37197 37899 35868 36325 34515 34218 35606 37035 38661 39402 36760 34930 34649 33338 31123 30143 29159 28897 30695 31212 31218 31253 32034 32858 32859 32468 31899 32860 32323 30696 29766 28643 27027 26415
40689 39541 37746 38226 39271 40378 41844 40379 39272 40690 40816 40199 39122 41540 44944 46446 50715 55469 55717 55934 54827 52715 53642 52716 53891 56820 56821 56211 55026 53656 54320 55242 52509 47807 47588 48213 48019 47368 45137 44945 44197 43063 41177 40200 38373 36013 37747 35450 35743 37458 38948 40039 37036 33044 33462 33966 33045 32469 31764 30962 31219 31213 31214 31124 30144 30266 32324 32197 30826 29767 32198 32594 30267 29265 28644 27431 28763
44000 42355 39123 40040 42005 42535 44001 43650 43064 44361 43821 43651 44002 42889 44946 46222 49271 52717 55243 56621 56212 53657 53219 53220 54321 56822 56823 56824 56622 56413 55935 55244 54102 51337 49435 47589 48020 46447 44947 43255 40988 41679 40381 37601 35869 37037 38085 36326 37748 40382 40989 38086 34516 32892 33967 35190 34931 34090 33571 31254 30963 30268 29642 28409 29266 29881 31515 32305 31516 30426 32035 32567 31765 30698 30827 29882 28898
46433 41363 39542 42734 44745 45758 48021 46027 44547 46448 48605 48022 48023 45348 48606 49272 48815 51118 55027 56825 56826 54552 53434 54553 55718 56827 56828 56623 54103 53435 53221 52030 53658 51119 47590 43431 42197 42890 43432 43433 43065 40817 37901 34219 34932 38374 40544 40990 40991 41364 37602 34650 34517 33968 36014 36447 35607 34800 30964 29267 30003 28765 25990 26110 27313 28410 30145 32302 32303 31517 31518 32565 32566 32325 32306 30146 27178
46449 44948 43652 44198 47369 48024 49034 48607 46450 46646 50486 51797 52031 49887 50077 51338 52032 53222 53892 55470 56831 56624 55719 55471 56213 56832 56829 54828 52510 52033 49436 48816 48817 46986 44199 41366 41680 45349 46223 47370 44949 41367 40545 37902 38228 40041 40818 45350 43822 41845 38664 38794 38665 37604 36883 34653 31900 31255 28899 26897 26639 26758 24185 24588 25018 26759 30004 32300 32301 31405 29377 29883 30965 31640 31901 30700 29378
48407 47371 44200 43066 43434 45351 49628 51798 52718 53167 52957 53172 53175 53178 52958 53193 52959 53223 50078 51120 55472 56835 56836 56837 56838 56833 56830 54322 52267 52034 50914 48818 45530 42356 40819 42198 42891 45759 48608 49422 44950 45352 43823 39694 41846 44003 44747 46029 43653 41682 39273 37749 36580 36448 35871 33814 31406 29884 28528 24309 22874 25020 24875 25725 27807 28645 30269 32298 32299 30427 27573 27179 30148 30966 29510 30149 30270
48408 49423 49437 47591 47592 50079 53157 53160 53164 53168 53170 53173 53176 53179 53184 53194 53203 53204 51121 51541 54554 56840 56841 56842 56839 56834 54829 52268 49438 49439 52019 47593 44951 40546 42537 45760 45531 46224 49440 49035 45532 47372 43435 40992 47594 49629 49441 46987 41541 40547 42735 41542 37038 35608 37199 36884 33684 29511 26271 22370 22140 25606 27433 27808 30428 30967 32199 32297 32200 29512 26760 27180 29768 29513 26640 25466 28413
45533 46225 48609 49868 49888 52511 53158 53161 53165 53169 53171 53174 53177 53180 53185 53195 53196 50288 49442 49630 54830 56846 56847 55473 54104 53893 50487 48214 46647 47595 49273 43824 41683 40548 44363 49036 47596 47597 50289 49274 48819 48409 46030 46031 50290 48025 42892 42199 43436 47373 47170 41847 38375 37903 38517 37750 35609 31256 26111 21902 23393 26273 28901 29515 30701 32157 31519 32201 30702 29160 28529 27434 26112 24447 23394 23395 27681
46627 43437 43825 44952 44953 47171 49631 52269 53166 52719 48820 50915 52035 53181 53186 53187 49037 46648 47172 49889 54555 56854 55720 52270 49890 49891 46988 44004 43826 43654 43655 40691 40692 43656 47374 51106 50488 48610 50489 52036 53659 53436 51122 52037 52020 46989 41684 44954 48215 49005 47375 42200 41179 41685 38088 34655 33213 29770 23262 20177 22998 26761 29645 30151 31257 29380 27684 30271 30429 30657 29646 26114 21789 20506 21423 24312 27574
46649 46650 43068 42538 44364 46990 51123 53162 53163 48611 44748 46226 50080 53182 50490 49038 47173 49632 50716 53224 55474 56865 55936 53660 49633 45761 42357 40693 40820 39127 38229 38795 42539 47174 50916 51107 51124 52512 54087 54088 54086 53661 52271 50717 51339 50081 47175 49039 49011 49006 49002 47598 45762 43069 37904 32893 30703 28766 22999 19836 22030 25467 27184 27810 27033 25309 28531 30384 30430 30153 27685 23657 19394 18857 21184 22753 24186
45141 46992 46032 46227 49634 52038 53159 52513 51125 48821 44955 48216 49275 48026 47599 47600 47176 50718 51542 50491 49276 53662 57048 56866 51340 45142 40993 39274 39128 37201 36449 40043 45355 47809 48612 47177 48217 54090 54091 54089 53437 49635 46228 47178 50082 51126 50492 48613 45535 47179 48822 48999 46452 41543 36885 31522 27435 25607 22262 20720 22374 24591 27185 26898 25156 27316 30380 30385 29027 29028 25851 22143 18141 16958 18358 19720 21790
48614 48218 50917 52720 53155 53156 51543 48411 46453 47377 48412 48027 44005 42540 43657 43438 43070 46993 46994 44202 43439 49443 56214 57049 52272 48413 43258 40203 39543 39544 39129 42006 44006 45143 45356 45144 48414 54093 53438 50918 49636 44550 42359 43658 45145 46229 45536 44366 41848 42202 46454 48219 44007 38376 34091 30006 25608 22755 20509 19952 22756 25024 24744 25157 26277 29517 30381 30382 27036 26117 24188 20623 17437 16086 17153 19841 20624
50719 52514 52701 52515 50493 49892 48220 46455 45357 46651 44956 44367 40383 38519 40550 38949 38950 41849 43659 42542 43071 49041 55937 57050 53225 52039 46995 44008 44009 44010 40821 40384 40695 44368 47180 50494 52960 54105 48415 45146 44957 42007 40044 40822 41687 40823 39275 39130 39131 38667 41182 44011 42543 38230 32894 30272 28771 25727 22880 21086 20971 22504 22757 25312 28648 30377 30378 30379 26899 24594 21792 18860 16599 16864 19178 20284 19179
47810 51127 50084 47181 49277 49893 46230 43828 43661 43662 40824 38796 38668 40385 42360 40994 39862 41688 44750 44958 47378 52273 57051 55938 54831 54556 50291 47379 44751 42544 40386 40387 42545 47602 50495 54304 54299 50292 44552 41689 41183 39132 37202 36763 35746 34221 32598 32599 33815 32733 36016 38952 41690 39547 35610 33971 32040 29270 26119 23004 21665 23917 25027 28534 30375 29891 29651 30376 27818 25611 22377 20068 17538 17639 18543 18251 18144
44012 45764 47380 46231 49278 48615 46033 42203 41372 40995 38377 36173 38520 38669 40996 42737 42738 44553 45147 48823 53663 56625 57053 56867 54832 53226 50293 46232 42895 41850 44959 44554 48028 51341 54323 54305 51799 45537 41544 38953 36764 34377 32329 30970 29031 27320 27687 26764 28772 27575 30155 32734 36327 36886 35454 35585 34657 30274 24318 21426 23131 24747 27321 30275 29382 26902 25162 26903 27576 26120 23526 20722 17540 16521 16209 16603 18145
40205 43259 43829 44369 45765 45148 44752 41545 40826 40206 37461 35612 36450 39133 41374 44203 44753 47811 49444 51544 57056 57057 57058 57059 54557 52274 49279 46034 47603 48029 51545 49445 53894 55245 53664 51546 49280 42739 38797 34659 32204 29892 27821 26417 24195 23664 24196 24748 25732 26905 27822 30009 33816 32896 32736 33687 31771 28421 22035 21668 23133 24057 27042 27578 25733 24320 21795 23919 27533 26121 22761 20414 16768 15215 15285 16769 19084
41184 43798 40997 40827 41691 41546 41547 39134 38231 39408 37607 34661 37462 41185 44013 45766 48824 52040 54106 56626 57062 57063 57064 55721 54324 53439 49894 48616 52516 54107 56843 55475 55455 50919 46996 50085 47604 42896 38090 33048 31259 30706 29773 28651 25163 24885 25734 26281 26906 28424 27691 29166 31260 29386 28425 28426 27441 23921 20847 21549 22038 23665 23528 22630 20848 19518 20072 22510 26907 26908 22884 19519 15806 14718 16524 18040 19085
41548 43073 40696 41549 42177 41550 39276 36581 36175 37041 36328 34805 36451 38232 40828 44754 52275 55476 57067 57068 57069 57070 56414 56215 55722 55028 53665 55246 56855 56848 54325 52276 49895 42204 42740 48221 44370 42897 38954 35614 34936 34937 32737 29774 24887 25164 25616 24321 25735 26770 28536 27693 26123 24750 26000 26001 23272 20630 19726 20073 20417 21194 20184 20074 18147 18550 21550 23668 24751 23922 20974 18255 16211 15530 17541 18551 20631
40998 40829 40207 39549 40697 42205 41692 40552 39698 38091 36176 36767 39550 39277 40388 45767 50294 52961 57073 57074 57075 57076 57071 57065 57060 57054 57052 56868 53666 52041 48222 44555 42361 39278 43261 43262 38380 38381 38955 38524 36768 34664 30558 25618 21551 21798 22634 22273 24890 25473 26771 25736 22762 21552 23530 23924 20514 18767 18552 17441 17643 18041 16770 16605 17049 18988 22039 22635 21799 19957 20075 18989 18258 17833 18448 19089 21907
