test-CHESS/lxh_sk/geo/lxh_sk.patchorder
ncols	392
nrows	434
xllcorner 	100000
yllcorner	100000
cellsize 	90
NODATA_value	-9999
[rows 238 to 271 of 434, columns 77 to 153 of 392]
42468 40635 38745 36966 35394 36267 37530 37994 36967 36103 38156 39065 36665 35955 35000 35539 37128 41096 40914 41097 41942 40129 40130 41524 40489 41463 41943 39492 34867 36395 43005 48159 48160 47110 48954 50906 51066 52450 52886 55180 62013 62139 57005 56764 62357 60198 54962 51964 54042 56552 62531 62649 62412 63292 63919 63804 62358 62078 62712 62359 63187 64366 64367 64368 64369 64112 62983 59362 56108 54243 51067 44665 37676 34307 35817 36666 37284
39628 39068 38594 36668 35396 35397 36831 37995 38595 36969 37677 39629 38318 36106 35956 39069 39206 40767 42297 42123 41277 40291 39789 41622 40917 43186 43550 39790 35001 37130 41623 46765 49767 50231 50903 50907 49186 48745 48746 51965 58798 59526 55182 54245 56766 55183 51495 50232 55870 59363 63189 63440 63463 63511 62984 62304 57271 59011 62817 63134 64113 64374 64375 64376 64377 63598 62305 54492 51496 52657 48163 41278 37286 37996 40492 41464 39344
39071 40292 41105 39347 37997 36398 36971 38320 39207 37998 37679 40638 38596 37999 36832 39348 41106 42298 43050 41107 41793 42124 40496 41466 42299 44311 41946 38321 37533 40639 41108 45274 49769 50901 50904 47519 46367 46151 46766 51283 57006 58636 52208 49384 51073 50233 47520 49188 54494 58800 62921 62986 62818 62413 57272 55184 56768 62577 63862 64378 64388 64389 64390 64391 63512 62532 57473 54495 50020 45665 42300 41627 41947 43006 46368 47734 45463
41951 42127 42839 42302 40135 37842 37680 38466 39793 39794 39632 41109 39795 38748 37420 39349 40497 41628 43189 40640 40136 41952 43190 44488 45275 44489 41796 39971 42128 45276 43366 43191 45667 47740 47524 45890 45891 46768 50234 54050 54497 53819 47525 45067 46769 45277 45668 51284 54730 55400 57008 56109 55874 58637 53607 51502 55401 62475 63464 64379 64392 64399 64400 64114 63190 63513 63056 59013 49189 43008 43554 46154 46155 45669 50235 54051 50442
45467 44490 43923 43801 39972 37421 38323 39208 39973 42131 42132 42840 41112 40137 39797 39974 41284 43193 43924 41954 40770 43009 45895 47947 47528 46771 43756 43368 47529 50238 47948 43557 43925 45069 43558 46370 48957 51076 53123 52889 50444 47741 42841 42303 43559 41469 44670 51286 50239 49569 50645 49772 53389 54499 52455 52456 56359 62140 62988 64380 63599 64401 64408 64409 64410 64411 63756 60203 50445 46371 48958 51077 50240 49570 48959 53124 55648
49774 46772 43926 43560 39210 37535 39635 41470 41471 43369 42657 44880 43196 41955 43370 43561 43562 45899 46580 44314 42472 44491 47950 49191 49192 48357 45070 46581 51078 54052 49388 47318 47319 44315 42133 46156 48962 50025 51969 49193 45900 41800 38325 39636 38598 38326 41630 45470 44316 43927 44492 44493 48554 48555 50867 54500 55877 57479 62714 62989 58639 62650 63920 64417 64418 64419 64420 62578 55878 56113 57480 56556 54966 51970 48358 54501 62416
54249 47742 43197 43565 41474 41113 43929 45672 46157 45472 45673 46582 44671 45473 49195 49777 48964 49391 49778 47114 44672 43930 47320 51079 51505 47743 46372 51287 52891 54805 53392 51506 47530 43566 42658 45071 45901 49196 51080 47744 43013 38327 35137 35258 35259 37137 39637 39976 39798 39212 40297 39799 41288 43014 48360 51712 52458 54250 56361 56362 54505 57011 62820 64431 64432 64433 63652 63058 62875 63807 63468 63192 62922 60205 56363 62079 63922
54506 46775 44673 45902 45475 47532 50027 51507 52661 49197 49394 48169 44674 46375 51714 54507 52662 52663 51715 47322 47953 47533 48558 52664 51508 48559 50647 54818 54819 54806 50028 46776 42846 40498 42659 45073 44675 48749 50908 48361 43567 38750 35006 33526 34737 36273 36976 36402 36110 36111 36403 35694 37538 41115 46158 50241 52459 53394 54055 55403 58641 62198 63516 64442 64443 63517 63518 63866 64502 64694 64626 64457 64451 64117 63759 63925 64412
54251 50029 45903 45677 48965 53126 56559 59529 57483 53823 52893 50242 45074 45904 52665 55652 54733 56120 52213 48561 51716 52214 53609 55191 50868 50869 54252 54969 53610 52215 46583 42310 39356 40141 44128 47323 48750 49780 47535 44883 41477 37848 34739 32977 32809 33285 32390 31975 31457 30887 30615 32391 35820 39640 44677 50243 50648 51081 54508 57275 62017 62993 63601 64444 64452 64453 64458 64703 64704 64695 64504 63236 63469 64445 64434 64421 64118
60207 54254 48170 47324 53611 56365 62419 63137 62479 59207 54971 50030 45477 48171 52216 55406 59020 59021 53612 51717 54736 55880 57484 55654 52666 55407 56121 53127 50649 48364 43571 38885 37140 40302 41960 45478 47325 48172 44498 40499 37685 33750 30889 29589 29442 29814 27731 26161 25898 26321 26322 29706 31846 35139 39802 43015 44319 46584 50031 51509 52894 56776 55881 59369 63238 64459 64460 64710 64705 64696 63603 62365 58802 58642 62775 62925 60208
59532 53824 50032 50033 57014 56560 62309 63272 62927 62142 55655 50034 47115 50873 53397 55195 59406 59407 54972 52668 56366 62143 59022 54738 56561 57486 53825 49573 48174 43375 38887 36114 36277 39214 41804 42477 45078 44129 39981 36278 32270 29081 26034 26822 27733 28576 29318 26696 24932 25899 27876 28952 29444 31701 33288 36523 39803 41290 40926 42311 46160 50035 50650 50651 59533 63760 64712 64505 64706 64697 64628 63194 56562 54256 54739 52897 51082
53826 54741 53130 54511 57488 55411 60209 63138 63300 62310 58646 53131 50875 55412 56563 55882 59210 59534 55656 53827 56777 62273 60210 59024 59408 56564 49574 44681 43765 39984 36116 35267 37688 39985 41634 42848 44323 41120 36526 31704 28706 26824 28818 30890 32117 33413 33638 30761 30762 30620 31705 33639 33640 33289 31038 32980 36280 35548 35268 38162 44887 51084 54258 53828 62311 64590 64749 64629 64591 64698 64691 63195 59535 56122 51512 46779 46586
55196 59211 57015 62250 62421 59212 58803 62481 63470 63059 62422 58647 55883 62084 62020 58648 55884 62085 59026 59027 62275 62274 62086 59536 57016 51513 45682 41964 40776 38164 36673 37545 38165 40929 44131 46379 41965 39219 34595 31039 29708 31980 33906 35549 36527 38472 36281 33414 35008 35550 35009 37145 38166 35701 32394 31849 35010 36119 35551 39644 48564 54742 59372 62251 64121 64751 64752 64750 64461 64122 63656 62366 56369 52219 46780 44683 47749
59538 62204 59539 62877 63139 62928 62424 62584 64123 63982 63471 62585 58650 62482 62586 59540 55887 62367 62313 62278 62276 59028 56370 54260 52220 49782 46587 42317 40501 40307 41637 41297 40502 43576 50245 49783 43935 39082 35552 32811 32812 34879 35826 37429 38605 40931 38168 34057 36675 37146 36407 37430 41121 38473 35704 36282 39221 43378 40780 41298 50037 56125 62252 63140 64754 64755 64753 63983 62929 62823 62253 54974 52670 47119 43577 44684 50653
62721 62483 62021 62590 63657 63871 62930 63197 64668 64669 64630 62824 62205 62931 62932 62368 62538 62369 59029 62022 56778 54261 51721 49576 48757 49201 47959 43581 42483 44502 48566 50040 48758 52671 55414 52672 47120 41810 38894 37147 37694 39224 39648 40932 42664 42143 36982 35014 36681 36983 38338 39083 43017 44892 43769 41487 43381 50450 48971 43018 51291 57490 62825 64757 64758 64756 63928 62722 62023 55197 52900 48759 49396 44503 42144 43939 51292
63472 63141 62539 62779 63658 64671 63872 63984 64552 64672 64631 63761 63873 63874 62934 63239 63810 62024 54975 55198 54514 52221 49787 48761 48178 47327 46164 45689 46782 49578 53399 55890 55658 57278 55891 54061 49397 45082 42484 41301 42851 43940 44893 45482 45483 42146 39502 39809 40308 39084 39228 38608 40653 45484 50879 47121 47328 54062 52901 49579 55199 62207 63607 64761 64759 64124 62653 60213 54063 46383 45083 43771 43020 41124 42485 45911 51722
63524 64852 63875 62591 63240 64592 64675 64125 63659 64676 64677 64678 64673 64509 63763 64634 63301 56566 51726 52223 54743 52904 51087 50654 49399 46166 45691 47966 49789 51294 53401 59214 62025 59215 58804 54976 50044 47124 43772 44137 47125 48179 48763 48180 47126 46167 45485 42487 43384 43385 44138 44328 46168 52465 57017 48972 51979 60214 60215 60216 62879 64510 64764 64762 64760 63525 56779 51727 46384 39812 39989 39360 36987 37149 41125 44687 47967
63764 65220 64713 63302 62998 63060 64680 64681 64682 64683 64684 64679 64674 64635 64665 64553 62592 55415 51088 52677 56567 56128 54516 52466 48181 45487 44894 47128 49790 53402 56371 62484 60217 59031 62655 58655 52226 48182 43387 42322 45488 51518 53403 53618 54979 56372 50881 45292 45293 49791 54064 51728 53136 62026 53831 50046 58656 63200 63526 63876 64769 64767 64765 64763 63303 55200 47331 43021 39650 36683 37151 35406 32984 32817 35277 38172 42150
64789 65298 64594 63242 62593 62999 64685 64686 64687 64688 63932 64127 64512 64670 64666 62935 59032 55895 54747 56374 62314 62145 57019 53406 49209 47971 45490 46595 50251 55203 62254 62826 62540 63061 63269 58805 51984 47542 43586 42667 45087 46596 47972 54263 62656 62541 56781 51521 51298 57280 62485 53620 56130 62315 59217 62027 63142 64636 64773 64771 64770 64768 64766 63062 54748 45696 39652 37296 35974 34484 34183 32123 28824 27245 28709 34325 38898
65299 65066 64463 62936 63201 63143 63878 64689 64690 64637 63813 63662 63879 64667 64464 62028 56376 58806 59033 62147 62958 62659 57283 54519 53836 52471 48975 49795 52472 57284 62780 63527 63243 63273 62486 59034 53140 49212 46171 45914 44897 47544 48185 51302 62316 64130 62827 62255 62660 62724 62828 62029 62256 63814 63987 64777 64776 64775 64774 64772 63880 63305 59378 52232 46172 40936 37297 35144 32818 30893 29086 28580 25521 22674 24506 32538 34485
65340 64714 63815 63202 64597 63474 63934 64692 64693 63306 62781 62881 63528 63663 63203 59542 57497 62148 62487 62488 63000 62088 55899 56137 59035 57288 53407 55420 55662 56785 62489 63767 63307 63064 63001 62882 55663 51303 52474 52475 49215 54755 56378 57289 63244 64558 63816 63935 64835 64791 64784 64783 64465 64780 64779 64778 64559 63768 63664 62426 56571 51988 48187 44899 41493 39233 38175 35407 32985 27879 26171 25661 23311 20769 22541 27880 30765
65397 65341 64716 64132 64638 64598 64514 64699 64700 63529 62661 62884 62885 62257 62149 62427 62490 62782 63476 63066 62662 57291 56787 59543 62937 62372 62030 62543 59036 56574 62373 63769 64133 63819 64134 63665 62258 56788 58807 55665 55666 62886 63530 63881 64847 64846 64844 64840 64836 64560 64785 64561 64782 64781 64562 62544 58808 53840 49799 47762 46174 47763 46601 45299 43948 43949 43588 39506 39653 31712 29936 27246 24100 20329 21586 24235 29594
65400 64962 64563 64135 64601 64701 64707 64708 64516 63610 63988 64904 63611 62375 62594 62938 63004 63883 63770 62887 59218 60219 62376 62428 63308 63067 63477 63771 62491 59037 62208 63531 65017 65262 65263 65018 63309 62829 62150 56380 62209 64467 64848 64849 64717 64517 64845 64841 64602 62377 62089 62090 62595 62210 55422 50049 46393 42155 40660 42327 45301 48977 51524 51092 51093 52233 50660 49800 47133 41132 37155 33759 27742 22193 20659 22426 29714
65401 65540 64906 64564 63989 64702 64709 64711 64519 64565 64907 64963 63532 62663 62888 63204 64566 63937 62546 62378 62596 63666 63667 62889 63479 63533 64639 64603 63312 62493 62494 63313 65300 65393 65394 65389 65067 63884 62317 62032 63480 64718 64854 62664 62151 63534 64842 64843 64136 62890 59545 54269 50454 48767 45091 41133 39365 38014 39094 43589 49216 54071 57027 60220 58809 62091 56582 54072 53842 45303 40510 38901 30898 25212 19992 21361 25903
65452 65543 64964 65069 64471 64640 64641 64567 64719 64908 65221 64568 63820 64472 64604 64909 64642 63146 62380 62259 63205 63821 64473 64474 63668 63885 64965 64720 64520 63613 63481 64569 65398 65399 65395 65390 65385 63940 62665 62666 63941 65070 62429 56384 57295 63886 64837 64838 64839 64521 62260 51989 44509 39997 39818 40316 40511 39819 42156 48188 56584 62830 63567 63564 63560 63482 62725 62381 57028 48768 43216 38179 35829 28958 22198 21017 21473
65454 65545 65546 64910 64643 64605 63822 64793 64721 65223 65254 65224 64794 64644 64951 64952 63942 63314 63483 62667 62727 63246 64522 64477 63147 64478 65071 64966 65072 65021 64856 65342 65403 65302 65396 65391 65386 65073 63772 63005 65264 65375 62495 54073 54757 62941 64831 64832 64833 64834 63148 56792 50252 41497 43779 46178 46792 47767 48769 54524 62496 63570 63568 63565 63561 63557 63555 63553 62094 50884 44902 41136 40154 32278 27624 23971 21953
65343 65552 65553 65303 64723 63991 64967 64911 64645 65022 65075 65255 64968 64912 64954 64570 63992 64523 63317 63149 63536 64724 64857 63614 63944 65076 65554 65555 65556 65557 65558 65547 65023 64795 65024 65392 65387 65382 65265 64858 65376 65025 62728 53624 51094 62547 63993 64137 63994 64524 64525 62668 55902 46180 50050 53845 54270 55903 59039 63574 63572 63571 63569 63566 63562 63558 63556 63554 62729 55423 49802 43951 42669 37301 32679 32130 26042
65457 65566 65567 65225 64479 64608 65568 65458 64913 65077 65257 65078 64859 64956 64955 64953 64796 63945 63248 63615 64646 64970 64725 64528 65304 65569 65570 65571 65572 65573 65559 65459 64860 63823 64529 64861 65388 65383 65380 65378 65377 63888 57030 48771 51096 62095 59379 56385 59380 63670 64501 63150 57505 52235 54758 62832 63616 63995 63617 63575 63573 63537 62598 62833 63563 63559 63318 63249 62383 54525 50253 47137 43393 40000 38906 37302 33541
65583 65584 65226 65027 64572 65266 65461 65585 65462 65267 65258 64862 63947 64140 64530 63539 62942 62548 62943 64798 65586 65268 65079 65587 65588 65589 65590 65591 65592 65574 65560 65305 64609 63250 63824 63671 64973 65384 65381 65379 64799 62261 50887 43220 48982 53846 50457 51304 58810 64141 64500 63825 62669 59219 62784 64422 64413 63773 59040 54761 58811 56386 53143 54527 55424 62096 56793 51991 52682 53625 54313 53410 44904 39237 38182 38183 37866
65604 65463 65081 63948 63540 63949 63950 65605 65464 64800 65082 65256 65083 64865 63151 62262 62211 62785 64801 65306 65606 65607 65608 65609 65610 65611 65612 65613 65593 65575 65561 65307 64143 63775 64144 64145 65084 64802 64648 64146 63251 56794 47139 40324 42332 44697 45709 50888 56142 62944 63776 64481 64147 63672 64435 64423 63889 62786 53411 47555 50458 49407 48193 46605 45710 50889 49803 43787 40952 42495 44698 43027 37305 32548 35830 38069 38070
65625 65466 65031 63777 63827 64974 65344 65626 65627 65345 64727 64806 65032 63997 62549 62321 63252 65227 65628 65629 65630 65631 65632 65633 65634 65635 65636 65614 65594 65576 65562 65346 64914 65269 65228 64975 64915 62599 62550 62497 57507 51526 44906 38185 36704 40327 46607 52242 54529 56796 62670 64454 64455 64446 64436 64424 62671 55669 51098 44517 42677 42678 40516 39238 38484 43956 45503 40953 38186 35832 35715 32281 26839 29716 36848 38065 38066
65033 64808 64611 64573 64809 65596 65615 65637 65652 65653 65347 64484 63484 62891 62834 63253 64531 65348 65654 65655 65656 65657 65658 65659 65660 65661 65638 65616 65597 65577 65563 65548 65349 65086 64574 63951 63007 56144 54764 55428 49410 43957 40328 37441 38024 42681 50053 54530 59041 62672 63673 64447 64448 64449 64437 63952 58812 49591 45711 40160 37167 38025 35287 32412 33301 38026 39099 36545 35716 31346 29458 24104 24513 31469 37168 38058 36854
65271 64532 64150 64977 64650 64870 64871 64575 64978 65678 65409 64151 62945 63069 64152 64917 65311 65679 65680 65681 65682 65683 65684 65685 65686 65662 65639 65619 65598 65578 65467 65350 65088 64485 63674 63619 62835 56588 53416 52918 46185 40004 39100 42162 46186 49218 53851 59042 62892 64425 64438 64439 64440 63485 62673 56589 50259 42334 39663 36995 32825 30903 29326 26332 27627 32997 34610 33543 32133 30636 27373 23568 23446 29717 34754 36132 32549
65468 65352 64918 65353 65090 64651 63254 63541 64919 65711 65272 63829 63070 64614 65035 65233 65712 65713 65714 65715 65716 65717 65718 65719 65687 65663 65642 65620 65599 65579 65036 64153 64615 64486 64456 64450 63998 62893 62385 54531 44337 41822 44703 51099 54532 56391 62386 63620 64414 64426 64427 63255 59381 54766 51100 46188 42336 36856 33429 32998 29826 24515 21362 19445 22307 27110 28831 29599 27375 26466 25910 23709 22431 25778 28478 30500 25072
