test-CHESS/lxh_sk/geo/lxh_sk.patchorder
ncols	392
nrows	434
xllcorner 	100000
yllcorner	100000
cellsize 	90
NODATA_value	-9999
[rows 102 to 135 of 434, columns 77 to 153 of 392]
-9999 -9999 -9999 -9999 -9999 -9999 -9999 -9999 -9999 -9999 -9999 -9999 -9999 -9999 -9999 -9999 -9999 -9999 -9999 -9999 -9999 -9999 -9999 -9999 -9999 -9999 -9999 -9999 -9999 -9999 -9999 -9999 -9999 -9999 -9999 -9999 -9999 -9999 -9999 -9999 -9999 -9999 -9999 5847 7352 8791 8836 8314 8714 8536 8625 7890 7204 6867 7590 8913 10095 11179 12626 14433 15888 16948 18238 19819 22251 25833 25592 24727 26102 26258 29861 33565 35442 38652 38940 38218 38653
-9999 -9999 -9999 -9999 -9999 -9999 -9999 -9999 -9999 -9999 -9999 -9999 -9999 -9999 -9999 -9999 -9999 -9999 -9999 -9999 -9999 -9999 -9999 -9999 -9999 -9999 -9999 -9999 -9999 -9999 -9999 -9999 -9999 -9999 -9999 -9999 -9999 -9999 -9999 -9999 -9999 4826 5739 7031 8409 9736 9700 9467 9873 9649 8751 8369 8195 7802 8315 9836 10911 12075 13557 15348 17423 18754 20392 24038 26886 30255 30405 31241 32175 30947 32583 34370 35600 37739 40374 41536 40683
-9999 -9999 -9999 -9999 -9999 -9999 -9999 -9999 -9999 -9999 -9999 -9999 -9999 -9999 -9999 -9999 -9999 -9999 -9999 -9999 -9999 -9999 -9999 -9999 -9999 -9999 -9999 -9999 -9999 -9999 -9999 -9999 -9999 -9999 -9999 -9999 -9999 -9999 3557 3813 4566 5812 7103 8370 9601 10740 11490 10957 11004 10572 9837 9737 9363 8626 8234 8752 10096 12333 14872 16305 17141 19268 22990 26624 29253 31387 31883 33958 35444 34794 33805 34923 37028 37029 39853 41537 42527
-9999 -9999 -9999 -9999 -9999 -9999 -9999 -9999 -9999 -9999 -9999 -9999 -9999 -9999 -9999 -9999 -9999 -9999 -9999 -9999 -9999 -9999 -9999 -9999 -9999 -9999 -9999 -9999 -9999 -9999 -9999 -9999 -9999 -9999 -9999 -9999 -9999 -9999 4209 4827 5713 6998 8196 9266 10913 12471 13037 12553 11893 11491 11492 11057 10097 8877 8102 8627 9553 11249 13558 14944 15787 18969 23250 26260 28629 29755 30410 33454 36444 37193 35187 35188 37336 37898 38941 39396 41840
-9999 -9999 -9999 -9999 -9999 -9999 -9999 -9999 -9999 -9999 -9999 1009 767 679 -9999 -9999 -9999 -9999 -9999 -9999 -9999 -9999 -9999 -9999 436 430 -9999 -9999 -9999 -9999 -9999 -9999 -9999 -9999 -9999 -9999 -9999 3262 4143 5188 6510 7698 8715 9874 11316 13406 14790 14127 13407 12896 12627 12554 11374 9650 9701 9875 10299 10958 12838 14522 15984 19820 24582 27299 29255 29870 30949 33960 36573 38500 38501 37338 35601 37595 39265 38942 40196
-9999 -9999 -9999 -9999 -9999 -9999 -9999 -9999 -9999 1320 1424 1487 1321 861 723 578 -9999 460 557 690 699 510 486 541 691 741 724 -9999 -9999 -9999 -9999 -9999 -9999 -9999 -9999 -9999 2355 2770 3917 5246 7032 8582 9554 10341 11250 13796 16505 16306 14945 13880 14129 13797 12628 11827 11894 11956 12555 13038 13408 14130 15271 18528 22487 25009 27795 30952 31756 32882 34924 38502 38503 38222 36165 36575 38787 40538 40539
-9999 -9999 -9999 -9999 -9999 -9999 -9999 -9999 1747 2239 2829 2506 1934 1251 916 862 487 700 917 1173 1592 1404 1240 1241 1459 1405 938 -9999 -9999 -9999 -9999 -9999 -9999 -9999 2011 2407 3019 3450 4279 5577 7237 8990 10342 11122 12139 14708 17522 19073 18025 17142 16506 15512 14874 14131 13963 14364 14946 16074 17243 17730 17523 18971 22364 25594 27796 29761 33209 33568 34213 36576 37742 38513 38656 37030 38945 42530 42352
-9999 -9999 -9999 -9999 -9999 -9999 -9999 1425 2507 3475 3676 4005 3388 2462 1322 1010 1085 1522 1714 2052 2576 2771 2508 2288 2595 2086 1252 939 -9999 -9999 -9999 -9999 -9999 1810 2381 3317 3892 4210 4848 6122 7316 8753 9738 10191 11761 14051 16667 20052 21898 21299 20500 18644 17824 16403 16196 16307 16197 18529 21176 21532 20396 20501 22609 25983 29762 31116 32185 33807 34925 34084 34372 35602 38367 39267 40685 43816 44740
-9999 -9999 -9999 -9999 -9999 -9999 -9999 1488 2911 4098 4828 5021 4458 3830 2032 1783 2194 2685 2528 2859 3788 4069 3814 3615 3677 2772 1952 1210 947 847 873 1157 1550 2326 3335 3918 4605 5042 5740 6479 7205 8103 8792 8991 10192 12199 14876 18243 22489 24584 24735 23384 21899 19823 19824 19074 17731 18437 20957 22743 22490 23647 26107 29152 31635 32588 33333 33039 32459 31504 31505 33455 37031 40377 41842 43817 45325
-9999 -9999 -9999 -9999 -9999 -9999 874 1471 2727 4280 5553 6344 5848 4788 3945 2559 3047 3770 3389 3407 4341 5247 5022 4829 4671 3746 2686 2167 1503 1197 1158 1690 2463 3408 4119 4567 5095 5714 6480 7063 7457 7738 8069 8671 9984 11704 13260 15791 20168 23253 26748 27673 26628 25599 24442 22491 20713 19826 20958 22253 23650 26263 29153 31396 32191 33314 32027 30684 30415 30821 30543 32722 34645 37596 39399 39540 40688
-9999 -9999 -9999 -9999 -9999 -9999 692 1691 2830 4211 5658 6481 7140 6312 5248 4099 4144 4672 4262 4342 5303 6123 6313 6159 5433 4459 3519 3126 2773 1967 1767 2240 2972 3594 4100 4521 4951 5496 6314 7383 7833 7995 8458 9651 11441 12695 13881 16076 19272 21652 24173 26891 28636 30418 30419 27675 25600 25601 26750 25984 25459 25154 26751 29998 30544 31119 30545 29873 30420 32028 32589 32725 32318 33456 34510 35739 37744
-9999 -9999 -9999 -9999 236 521 863 1489 2637 3789 5249 6868 7924 7699 6968 6160 5464 5813 6124 5434 6071 7169 7033 6936 5952 5070 4297 3831 3578 3101 2529 2748 3372 3654 3832 4101 4606 5150 5849 6869 7384 7891 8672 9876 11251 12023 12629 14435 17428 20276 23255 26108 27676 29875 32030 33569 32464 31760 31507 29502 28638 26895 27172 29017 28639 28640 29154 29155 29261 30265 29876 31508 30958 31398 32031 34086 37598
-9999 -9999 389 322 405 848 1323 1623 2382 3771 5127 6999 8716 9838 9365 8504 7141 7276 7700 6969 7170 8104 8028 7171 6095 6072 5151 4673 4650 4372 3678 3721 4182 4651 4867 4830 4991 5350 5554 5850 6192 6537 7206 8273 8992 10144 11318 13709 17041 20833 24176 29018 30822 30959 32726 35996 35997 36010 34796 33334 32194 30823 31250 30690 29019 27802 26632 26410 26411 25843 27173 29504 27803 29020 29021 31637 34215
-9999 350 605 775 849 1224 2066 2310 2886 4212 5659 7519 9555 11123 11182 9194 8583 9195 9366 8628 8629 9367 8371 7104 6781 7034 6841 6288 6125 5884 5279 4715 5128 5916 6408 6315 6040 5851 5465 5189 5218 5043 5190 6316 7627 8837 10445 13339 17933 22868 26634 29878 31402 32195 32728 33964 34373 35446 36739 36742 36757 36167 35604 34374 32321 31251 29375 27174 26267 25986 26755 26413 25464 26635 28525 29638 30141
288 531 1136 1523 1635 2053 2774 2912 3595 4907 6751 8537 10447 12334 12899 11608 10857 11252 11059 10301 10742 9602 8793 8459 8505 9143 8673 7035 7520 7559 6606 6126 6161 7172 8070 7766 7207 6511 5852 5152 4831 4480 4343 5408 7036 8142 9779 12769 17628 22495 25306 26268 25307 26414 27677 29639 28761 29509 33460 35448 36445 37457 38792 38947 36878 35449 34647 33042 31639 30551 30424 28762 28527 29264 30552 31513 31403
421 875 1768 2596 2887 3102 3747 3969 4298 5814 7996 9780 11652 13710 14794 13711 12630 13481 12475 12631 11376 10345 10148 10193 10512 10685 9513 8538 8584 8460 8029 7560 7105 7997 9267 9268 7998 7142 6375 5466 4628 4299 4344 5219 6782 7999 9877 12556 15990 18849 20056 20401 19078 19275 21901 22870 24738 24739 27311 29641 31898 34088 36881 39690 40037 40038 38514 36759 35605 34514 34089 33683 33812 32729 34797 36579 36169
725 1288 2289 3304 3679 4044 4629 4674 4992 6900 9514 11609 13559 15275 16852 16200 14877 15518 15117 12840 11377 12078 12079 11896 12407 11897 10686 9782 9879 9839 9515 8914 8717 9369 10513 11008 8993 7591 6674 5497 4568 4300 4497 5327 6607 7628 8754 10149 11958 13801 15118 15614 15209 16077 17430 20173 22749 21540 22496 23788 26757 30697 33813 35742 38662 40350 40351 40353 39692 38515 39403 39269 39693 38793 38663 39121 39270
1065 1636 2530 3633 4587 4832 5280 5527 5917 7521 10030 12257 14796 16950 19717 19612 18851 17735 14216 11959 12335 14528 14368 13883 13712 12841 11061 10401 10914 11062 11186 10687 10915 11378 12478 12970 9604 8071 6901 5741 5071 4993 5250 5528 5918 6270 6717 7485 8316 9605 11063 12697 13560 14797 15892 18442 20057 19508 19509 20715 22369 26638 31125 34375 37340 39404 40352 40354 40355 40356 40357 40361 40380 42354 43253 42195 43254
1460 2054 2888 4070 5153 5467 5919 6538 6970 7925 9986 12558 15616 19172 22027 22750 21786 17737 14949 13411 13644 14529 15712 15350 14438 11831 10449 10514 11610 11899 12027 12336 12632 13342 14217 13483 10031 8372 7385 6783 6127 6193 6096 5853 5775 5684 5776 6289 6870 7561 9026 10859 12481 13412 14710 16951 18350 17527 17528 18443 19828 22497 25989 30553 33339 35451 35870 38087 39405 39124 38227 35452 37900 40201 42196 45138 46432
1715 2531 3433 4481 5578 6097 6718 7386 7739 8235 9653 12028 14881 18029 20964 24184 22617 19079 16513 15992 15795 14711 15796 17042 14439 11709 10688 10515 11255 12082 12902 13413 14133 14613 15521 14440 11611 9517 8539 7955 7143 7000 6675 6539 6512 6434 6290 6435 6564 7001 8236 9925 11445 12482 14614 15797 16202 15993 15618 16674 17146 19510 21787 24741 28411 30699 32730 34651 34933 35316 34801 34652 36882 37603 41365 44746 46028
1769 2798 3970 4892 5981 6842 7629 8197 8506 8838 10516 13042 15522 18539 21657 24874 25019 21788 19277 18031 17433 16203 18136 18540 14531 12259 10860 10574 11446 12770 14055 14441 14950 15798 16953 15278 12972 10575 9144 8143 7387 7740 7661 7416 7388 7417 7208 6971 6784 6902 7803 9241 11010 12483 14302 14712 14303 15121 15211 16079 17043 18137 19831 22259 24308 27028 30147 31766 31767 32036 34654 37198 39125 39860 41368 41681 44362
2033 3152 4440 5409 6162 7144 8410 8952 9198 10251 12975 16081 18980 19948 22499 25992 27432 25848 22500 20618 20174 19833 21085 19511 15894 13110 11126 11189 11764 12771 14443 15122 15523 16954 17530 16676 15280 11321 9316 8373 7892 8718 8881 8411 8507 8461 8198 7701 7486 7418 7834 8756 10689 12634 14371 14883 14713 16515 16595 17531 19174 19949 20403 22751 24742 25605 27314 29885 30554 32326 34802 37341 39406 38516 40042 42536 45353
2532 3616 4789 5631 6409 7353 8238 8839 10150 12029 14534 16315 17436 17338 18981 22501 26272 28414 27030 25726 24311 25021 23655 20504 16860 13415 11495 11833 12337 12698 13713 14616 15436 16316 18035 18246 15213 11834 9705 8587 8106 9100 9468 9469 9706 9470 9317 9027 8882 8757 8675 8840 10402 12408 14884 16416 16861 18855 19389 20061 21183 22371 23124 24743 27181 27031 27315 29514 32595 34220 35061 36170 36761 37459 41178 44548 44201
2936 4045 5023 5885 6843 7563 8030 9145 10861 11447 11710 12699 13804 15047 17250 20505 23524 28530 29887 29888 28647 26274 22372 19175 16518 13416 11711 12201 13111 13645 14952 16596 16417 16678 19278 19834 17251 11653 9987 9074 8758 9146 10195 10916 10744 10796 10797 10517 10196 9988 9783 9028 9926 11654 14714 17633 19081 20405 21659 22373 23261 25022 26113 27032 29024 29379 29025 29769 32037 32596 34518 37200 39126 40202 43067 44549 45534
3336 4102 4952 5777 6608 7389 8000 9101 9740 9270 9029 10450 12030 13972 17149 20620 22876 26641 30152 31520 29648 26762 22877 19393 16418 15281 13344 12772 15048 16766 18248 19279 17150 16957 20507 20179 15437 12142 10917 10033 9927 10304 11191 11960 11835 12484 12261 11553 11192 11127 10451 9372 9373 10745 13973 17634 19616 22141 23525 24049 25155 27183 29381 30968 31521 32038 31641 32327 33685 33969 35744 38666 41180 43256 43257 45139 46451
3390 3772 4390 4929 5685 6410 6904 7419 7592 7564 7593 8916 9989 12635 14953 17636 20969 24590 29516 31768 31769 30431 25023 20838 19281 17152 14056 14954 18356 20719 21661 20839 17741 18357 21662 20064 15996 12485 11836 11379 11128 11554 11900 12700 13561 14057 13185 12701 12636 12031 11380 10452 9606 10519 13484 16767 19176 23396 25468 25850 27034 29026 29649 30555 32039 33970 35062 36015 37460 37605 38089 41181 42736 45354 45140 46991 47808
3153 3391 3815 4281 4739 4833 5024 5351 5555 6041 6345 7317 8588 10862 12906 15896 19839 23001 26275 29650 32328 32731 29162 24593 20970 16207 15283 18249 22032 23658 22503 20622 18649 19840 22144 20065 15997 13265 13266 12486 12409 13485 13418 13044 14058 15123 14799 15438 14372 13267 12907 11901 11066 11256 13345 16598 20408 24051 26276 28416 28903 27812 28532 29889 32470 36171 38518 40549 42201 42358 41686 44365 47376 48410 49040 50083 50697
2533 2889 3337 3579 3580 3596 3680 3983 4498 5154 6194 7278 8719 10347 12084 14887 18142 21544 25158 28769 31642 33312 32597 30704 24190 17637 17937 22263 27038 27814 25311 22033 19284 19954 22879 21664 16959 14956 14617 14373 14223 15439 14618 14136 15124 16680 16681 17535 16088 15049 14800 14059 12702 12262 13646 17253 21188 24191 25996 28770 28533 27317 29771 32732 35063 37342 39545 40694 41369 42514 42541 42893 43827 44749 44551 45763 47601
2087 2534 2638 2861 3020 2990 3207 3634 4373 5155 6317 7522 8412 9076 10520 13268 16600 20411 25160 27817 30154 33313 33315 31902 28418 22758 24053 25470 30432 31770 27439 22882 20412 19617 23398 23916 20413 16682 16089 16601 16602 16208 15623 16090 16091 17638 17536 18985 17939 17537 17046 15525 14060 13714 15526 17742 19286 22147 24745 26901 25997 27041 29163 31643 33572 33463 34656 35745 36762 38951 39546 39861 39695 40551 39407 41370 43660
2088 2862 3103 3154 3476 3451 3503 3919 4588 5281 6098 6905 7064 7458 8917 11496 14957 18445 22378 24193 25857 29772 32471 33340 30969 29518 27819 27319 32041 33341 29519 25998 22759 21667 23005 25613 23130 19515 18862 18359 17438 17743 18544 18037 17940 19083 18863 20182 19395 19843 18765 17439 15804 15127 15528 16317 17254 19618 22760 24055 23400 24056 25858 28420 29520 29030 30007 32203 34376 35453 35611 36172 37606 39548 41371 42894 43663
2218 3477 3849 3971 4145 4213 4023 4161 4569 5156 5632 6128 6129 6785 8462 10253 13045 16423 19288 19723 20286 23401 27820 33464 33342 33215 32735 30828 33686 34934 32042 29383 25999 24194 25030 27689 26904 23268 21903 19844 18652 19396 21192 20723 20724 19397 18546 20845 21793 22265 20070 17744 15805 15353 14801 14539 16318 18146 21089 22150 21794 22151 24597 26765 27577 29165 30008 31407 32895 33047 33574 35191 38378 39696 40825 41373 40204
2311 3697 4482 4630 4834 4930 4607 4374 4483 4931 5529 5854 5855 6753 8375 9928 11712 13884 16319 16523 17941 21905 27043 32043 33783 33785 33789 33465 34660 36174 34803 31258 29384 28422 28423 29893 29522 27440 24058 22037 20725 20726 23006 23793 23270 22380 21548 22509 25314 23403 20415 18253 17440 17255 15216 13974 15529 18653 21906 23136 22381 23404 25315 26122 26766 29385 30972 31772 31905 32331 33466 34804 37203 37204 36888 38522 38799
2577 3722 4932 5468 5328 5435 4968 4716 4765 5157 5920 6271 6291 7173 8072 9272 10403 11961 13346 15050 18254 21428 25031 29895 32898 33786 33688 33818 34093 35317 36743 35064 32899 30830 30156 32332 33576 30157 26645 25316 23271 23008 24886 27045 26994 25859 23667 24749 27580 25317 22269 20629 19521 18549 17047 16425 16960 18655 22382 25472 25860 26769 27442 26646 27692 30012 32044 33689 33577 33578 33972 35065 35748 35066 35749 36889 38523
2863 3698 5220 6272 6130 5953 5633 5469 5556 5921 6436 6906 7106 8031 8240 8632 9199 9929 11497 13975 16525 18257 20849 26283 30278 32045 33690 33691 33579 33343 35455 36766 36329 34379 32738 34380 34938 32207 30708 27823 24889 25861 27188 27046 26002 24061 25617 28652 31646 29167 25318 23010 22383 22272 21429 20633 19727 19398 23273 27324 29168 30279 29652 27694 30433 32473 33049 34094 35319 35320 33820 35192 35873 35321 37205 38234 39863
