test-CHESS/lxh_sk/geo/lxh_sk.patchorder
ncols	392
nrows	434
xllcorner 	100000
yllcorner	100000
cellsize 	90
NODATA_value	-9999
[rows 102 to 135 of 434, columns 231 to 307 of 392]
27789 29751 29862 30946 30532 27790 27014 27667 27015 29961 29963 29362 29010 30126 28888 31108 31089 31086 31084 31082 30254 29363 29251 28623 28624 27560 27668 26259 29011 27561 24296 24578 25148 23514 23120 23783 24728 23900 23901 23515 23784 26215 26216 25300 25258 24579 24037 23642 22252 20712 22485 20831 19501 19266 17821 15983 14126 12402 12470 12403 11248 10739 11003 11180 11440 11056 11702 12074 -9999 -9999 -9999 -9999 -9999 -9999 -9999 -9999 -9999
29141 30676 32009 31753 30256 29365 28752 29012 27297 29865 29866 29986 28890 30533 31882 30407 30677 29987 29988 31083 31080 30678 29867 29492 29142 27165 27419 28400 29366 27166 24439 25718 27167 25005 25978 26623 27017 25835 24866 21897 21645 25301 25719 24440 25259 25253 25251 25249 24297 23785 21080 19267 19167 18131 16402 14871 13878 13478 12895 12404 11891 11121 10912 11313 -9999 -9999 -9999 -9999 -9999 -9999 -9999 -9999 -9999 -9999 -9999 -9999 -9999
30258 30129 32022 30130 30259 31216 30680 30534 28519 29631 29754 30409 31885 32433 31625 29143 29632 27168 29493 29990 31081 31078 30535 29991 29869 29992 29494 29495 28627 28628 26103 27169 27563 27564 28501 28500 28401 27018 25006 21417 20497 23643 24166 22991 25254 25255 25252 25250 25007 23902 20954 18643 18436 17242 15710 14521 15889 16073 14050 11892 11314 11315 -9999 -9999 -9999 -9999 -9999 -9999 -9999 -9999 -9999 -9999 -9999 -9999 -9999 -9999 -9999
31629 32146 31755 29496 29144 30412 31244 31608 28891 29757 31630 32178 32435 32434 31390 29367 28892 27421 29758 27791 29759 31079 31077 30948 30929 30928 30537 29760 28893 28856 28854 28852 28753 28520 27422 27019 26261 25837 25452 22606 21775 22862 23644 25008 24167 24730 23786 22863 24731 24581 22021 18970 17932 17519 17822 17623 17520 16504 13879 12198 12472 11703 -9999 -9999 -9999 -9999 -9999 -9999 -9999 -9999 -9999 -9999 -9999 -9999 -9999 -9999 -9999
32147 32148 29871 27423 28402 29633 30951 31631 30134 30682 32437 32438 32436 32179 30539 29368 28631 29256 29738 27793 28632 29993 28755 29146 29634 29257 30263 28521 27424 28857 28855 28853 27794 27425 26403 26105 25150 24298 24299 22864 22486 21776 21646 21647 20498 20499 21777 22992 24039 24688 22993 21082 19502 19708 19380 18239 17424 15890 14791 14128 13962 11493 -9999 -9999 -9999 -9999 -9999 -9999 -9999 -9999 -9999 -9999 -9999 -9999 -9999 -9999 -9999
32151 30540 29148 29258 30683 30953 31632 32025 31758 32181 32440 32439 32182 31112 30135 29498 28756 29737 28894 27301 28522 29370 25980 26744 27565 27302 29149 26745 25151 25981 27671 28757 28851 28633 27303 25982 23645 22022 21296 21297 21529 19821 19072 17425 17521 17625 19710 21778 21298 24684 24040 22488 21530 20395 17729 15986 15611 15043 15431 15788 14873 12897 11058 -9999 -9999 -9999 -9999 -9999 -9999 -9999 -9999 -9999 -9999 -9999 -9999 -9999 -9999
32152 31115 30541 30136 30954 32456 32850 32848 32847 32457 32441 32184 30542 27304 28634 28403 29150 29499 27797 26746 28404 28758 25453 25454 26888 27798 28405 27427 24041 24734 26262 28849 28850 27020 26405 24583 22608 20272 19606 19168 19269 18241 16194 14524 15205 16075 19503 21419 20166 24042 24683 22994 20167 19504 17143 15115 14875 15513 16759 16851 16195 14215 -9999 -9999 -9999 -9999 -9999 -9999 -9999 -9999 -9999 -9999 -9999 -9999 -9999 -9999 -9999
31503 31634 32458 32587 32854 32852 32851 32849 31889 28759 29371 29995 29635 26626 27022 25455 26627 27023 27305 27306 26406 27024 24441 22610 25152 26407 27025 27799 24043 25153 27170 28848 25839 24169 23252 21779 22366 20397 18132 16404 16507 15514 13708 13964 15515 17244 19822 20956 21420 23906 24170 23516 21421 20832 19270 16668 16508 18319 18318 17524 15516 13965 -9999 -9999 -9999 -9999 -9999 -9999 -9999 -9999 -9999 -9999 -9999 -9999 -9999 -9999 -9999
32867 32861 32857 32856 32855 32853 31247 31117 31395 29763 27672 28406 29372 29615 26889 25010 24171 25595 25596 26747 25597 24585 23385 21649 23649 25303 25720 25598 24302 26890 27568 25840 24044 21780 20053 18847 21422 20399 17144 14608 13479 12473 12474 14526 17245 17626 17335 19271 21900 22745 22865 22746 22995 21650 19825 18530 18343 16760 15987 16591 15432 13799 -9999 -9999 -9999 -9999 -9999 -9999 -9999 -9999 -9999 -9999 -9999 -9999 -9999 -9999 -9999
32724 32862 32462 30686 30687 31891 29872 27674 29016 29997 26749 26264 27307 28760 25841 24172 24045 25558 24303 24444 24304 23123 23254 21781 22492 22747 22493 23651 25721 27428 25458 23386 21782 18972 17526 18344 19506 18345 15891 12766 11317 10959 12140 14609 16406 16308 15044 17427 18973 19942 21651 20614 21534 20274 20400 20275 18244 15272 13966 14610 15433 -9999 -9999 -9999 -9999 -9999 -9999 -9999 -9999 -9999 -9999 -9999 -9999 -9999 -9999 -9999 -9999
30688 29636 29260 29374 29874 31506 30264 26893 24869 26752 26630 24174 25011 26409 25461 22866 22748 24305 22867 22023 21177 21178 23219 22612 21654 20615 22138 24586 26894 26631 23908 21535 18531 16670 15988 17145 16949 15793 12967 10791 10400 11545 13108 14365 14709 14434 14947 16509 15989 17732 19943 18532 17825 18645 20367 20368 18533 15711 14053 13109 12767 -9999 -9999 -9999 -9999 -9999 -9999 -9999 -9999 -9999 -9999 -9999 -9999 -9999 -9999 -9999 -9999
30000 29157 27801 28524 29263 29764 29158 27026 25012 25603 26265 24446 23517 23652 24306 21783 21179 21083 19711 19608 19712 20054 22254 20959 20055 21180 23518 24175 25013 25722 23909 21181 18439 16309 14527 13967 14366 13261 10741 9364 10300 11895 13337 13641 13642 13338 13800 13882 13183 15273 16671 16310 16761 18534 19273 19944 18440 15274 13039 11828 11181 -9999 -9999 -9999 -9999 -9999 -9999 -9999 -9999 -9999 -9999 -9999 -9999 -9999 -9999 -9999 -9999
29637 29506 27570 25462 24871 25463 26412 27804 26266 24177 25305 24737 23519 23256 24046 23520 22024 19713 18755 17733 17627 19274 20277 20503 20170 21301 22025 21182 22613 24178 23387 22494 19945 16407 13480 11829 11605 11005 10098 9739 10444 11762 12839 12696 12076 11705 11546 11606 11442 13184 14611 14948 16672 16408 16592 18026 18535 15517 -9999 -9999 -9999 -9999 -9999 -9999 -9999 -9999 -9999 -9999 -9999 -9999 -9999 -9999 -9999 -9999 -9999 -9999 -9999
28407 28896 26636 22255 21655 22026 25015 26756 25845 22869 22614 24047 24689 24307 23257 22996 21302 19383 20834 20171 18974 18346 18027 18848 19076 19384 19714 18975 21303 22615 21784 21304 18976 15613 12768 10855 10145 10146 10573 11183 11607 12024 11706 11651 10856 10099 10446 11184 11006 12077 14132 15207 14792 13409 14793 16593 18028 -9999 -9999 -9999 -9999 -9999 -9999 -9999 -9999 -9999 -9999 -9999 -9999 -9999 -9999 -9999 -9999 -9999 -9999 -9999 -9999
26637 27175 27176 24179 21536 20616 23521 24048 23388 22616 24180 24685 23653 23389 22256 21537 22257 22223 21538 19385 18646 17246 17826 19507 18977 17734 17336 18347 20835 20172 19077 18647 16510 13968 12025 11007 10448 11185 11375 11547 12001 11443 10247 10343 10147 9556 10248 10960 10344 10792 12900 14436 13262 11707 12968 15208 16409 -9999 -9999 -9999 -9999 -9999 -9999 -9999 -9999 -9999 -9999 -9999 -9999 -9999 -9999 -9999 -9999 -9999 -9999 -9999 -9999
27679 27312 26896 26269 22871 22139 22872 23390 23910 24181 23911 22367 21539 22997 21785 19609 20960 22224 20714 18850 18441 19170 19610 18978 18348 17247 16511 17429 18756 17827 16410 15116 13410 13040 11957 11548 11830 13340 12405 11444 11060 10249 9315 9652 9781 9702 10100 9878 9368 9603 11549 13643 12406 11319 13341 14437 -9999 -9999 -9999 -9999 -9999 -9999 -9999 -9999 -9999 -9999 -9999 -9999 -9999 -9999 -9999 -9999 -9999 -9999 -9999 -9999 -9999
28764 25988 25016 23654 22368 24182 24873 25723 25017 24587 22258 19827 20278 19715 20836 20961 19716 20962 22222 21656 20963 20912 19611 18133 16853 17431 17399 16311 15794 15519 14367 12476 11253 12026 11550 12200 14301 14795 13802 11898 10858 10194 10101 10743 10793 10346 9985 8950 8878 9240 11124 12477 11320 11254 12969 -9999 -9999 -9999 -9999 -9999 -9999 -9999 -9999 -9999 -9999 -9999 -9999 -9999 -9999 -9999 -9999 -9999 -9999 -9999 -9999 -9999 -9999
26109 23522 23789 23258 23391 27177 27532 25724 23259 22873 21084 18536 18349 17629 19171 20913 20914 19946 21305 20058 20716 18757 17736 17248 15276 15615 16411 15991 14878 13482 12080 11009 11125 11187 11708 13803 15434 15349 14369 12971 12479 11763 12480 12557 11494 10250 9370 8755 8879 9269 10961 11551 10102 10619 -9999 -9999 -9999 -9999 -9999 -9999 -9999 -9999 -9999 -9999 -9999 -9999 -9999 -9999 -9999 -9999 -9999 -9999 -9999 -9999 -9999 -9999 -9999
25465 23912 24740 25604 26270 27572 25991 24183 21306 19947 19829 18537 16952 17249 18852 19386 20717 20402 19613 19276 19387 18245 16673 16201 16312 16854 15893 15520 14879 12842 12141 12081 12633 13041 14530 15119 15617 16512 15045 15277 14880 14218 14612 12901 11188 10103 9073 8674 8630 9196 10794 10795 9516 -9999 -9999 -9999 -9999 -9999 -9999 -9999 -9999 -9999 -9999 -9999 -9999 -9999 -9999 -9999 -9999 -9999 -9999 -9999 -9999 -9999 -9999 -9999 -9999
28412 27805 27806 28900 27680 25847 23392 23260 20965 19830 20059 18538 17828 17630 17432 17829 18134 19080 18853 18351 18135 17631 16675 17632 17709 16078 15046 13969 13414 12559 13263 14054 14882 15210 15120 15713 16855 18030 17147 17934 16762 16856 15619 12903 12258 11552 9703 8880 8585 8915 10032 10302 9197 -9999 -9999 -9999 -9999 -9999 -9999 -9999 -9999 -9999 -9999 -9999 -9999 -9999 -9999 -9999 -9999 -9999 -9999 -9999 -9999 -9999 -9999 -9999 -9999
30241 30239 30237 29643 28646 27029 24310 22498 21541 22260 20060 18979 19173 17529 16412 16594 16080 16204 16313 16514 16763 17044 18854 17738 16413 15351 14219 12973 12560 12974 14370 15799 16857 16764 15279 16414 18138 19832 20617 19614 18758 18032 15435 14532 14442 12260 10303 8951 8586 8631 9242 9371 8540 -9999 -9999 -9999 -9999 -9999 -9999 -9999 -9999 -9999 -9999 -9999 -9999 -9999 -9999 -9999 -9999 -9999 -9999 -9999 -9999 -9999 -9999 -9999 -9999
30242 30240 30238 30236 30150 29644 25993 22618 22619 22261 20279 20280 18139 16955 18033 17739 15994 15714 16858 16677 17434 19388 19718 18034 16314 13264 12904 13343 14220 14533 14615 15212 16205 17435 17337 18352 20175 22575 21658 20176 18759 16859 16082 16415 14951 11832 9704 8144 8237 8541 8374 8105 7893 -9999 -9999 -9999 -9999 -9999 -9999 -9999 -9999 -9999 -9999 -9999 -9999 -9999 -9999 -9999 -9999 -9999 -9999 -9999 -9999 -9999 -9999 -9999 -9999
29886 29023 27682 29268 30235 30234 27683 25308 24876 23523 22752 20966 18541 18353 18982 18760 17935 17532 18444 18354 19390 20133 19512 16516 14221 13043 13970 14535 14885 15800 15995 15801 16083 16956 18761 20404 22028 22620 19719 18355 17148 17339 17533 16517 13971 11190 8994 7926 8239 8317 7562 7037 -9999 -9999 -9999 -9999 -9999 -9999 -9999 -9999 -9999 -9999 -9999 -9999 -9999 -9999 -9999 -9999 -9999 -9999 -9999 -9999 -9999 -9999 -9999 -9999 -9999
27182 24313 22621 26115 28902 27809 30005 29647 28415 25849 23913 22029 21307 20837 19950 20062 19835 19391 19615 20619 20178 18140 15895 14536 14134 14715 14135 14537 15620 16765 18247 17252 17534 17830 18542 18856 22875 23656 19951 19392 18762 17740 16084 14798 12905 11064 9427 8841 8842 8107 6903 -9999 -9999 -9999 -9999 -9999 -9999 -9999 -9999 -9999 -9999 -9999 -9999 -9999 -9999 -9999 -9999 -9999 -9999 -9999 -9999 -9999 -9999 -9999 -9999 -9999 -9999
23125 21660 20967 24187 24589 26116 29964 29965 29269 28767 26642 24877 23790 22142 20406 20968 22622 22031 20718 20063 19280 17151 14538 13805 15524 15621 14716 14222 16085 17936 19513 19837 20621 19838 20281 21308 24314 25310 22754 20282 18983 17635 15282 14717 13417 12083 11193 11065 10518 8759 6972 6752 -9999 -9999 -9999 -9999 -9999 -9999 -9999 -9999 -9999 -9999 -9999 -9999 -9999 -9999 -9999 -9999 -9999 -9999 -9999 -9999 -9999 -9999 -9999 -9999 -9999
20180 20840 21424 21185 22623 25469 29029 29161 27035 27811 27436 25994 25944 23791 21186 22502 24592 21309 20407 21743 19282 16862 15802 16597 16419 16206 14955 15214 16863 18858 21542 23914 24448 22878 24050 25852 27686 24878 22624 22375 23000 20508 18648 18763 16679 16519 15622 14886 12843 10305 7804 7277 -9999 -9999 -9999 -9999 -9999 -9999 -9999 -9999 -9999 -9999 -9999 -9999 -9999 -9999 -9999 -9999 -9999 -9999 -9999 -9999 -9999 -9999 -9999 -9999 -9999
19283 20510 20283 19953 22145 25609 27437 28417 25025 24189 24449 25026 25853 25854 24879 25805 24880 21187 21791 21663 20841 19721 18859 18036 18250 17045 15998 16087 16420 20066 23263 25855 27813 27037 28768 29890 26416 23915 24052 25995 26643 23264 23126 21543 18650 19514 20511 19177 16421 12637 9075 7927 -9999 -9999 -9999 -9999 -9999 -9999 -9999 -9999 -9999 -9999 -9999 -9999 -9999 -9999 -9999 -9999 -9999 -9999 -9999 -9999 -9999 -9999 -9999 -9999 -9999
19285 20181 19722 20409 23127 25728 26278 26118 22881 21425 22625 23659 23128 24315 25808 25806 25610 24192 23002 21545 23003 22146 21189 20410 20285 18984 17938 16520 18143 21310 23792 25159 27039 30556 32202 27815 26279 26644 24316 27438 27816 26900 27040 22505 20512 22376 23397 22034 20067 15284 10962 8843 8589 9271 10690 12773 13186 13486 -9999 -9999 -9999 -9999 -9999 -9999 -9999 -9999 -9999 -9999 -9999 -9999 -9999 -9999 -9999 -9999 -9999 -9999 -9999
18764 20625 21311 22148 25612 24595 25028 23399 20721 19842 21190 21087 20842 23129 24746 25161 25803 25729 24881 24054 24450 23660 22626 22264 20843 19082 18861 20069 22627 23265 23661 25730 28904 33214 33046 28649 28650 28419 27318 29164 30705 30273 26763 23918 24317 25856 25471 23266 21666 17539 12085 10252 10151 10746 12487 15125 15352 13647 13562 15126 15803 15527 -9999 -9999 -9999 -9999 -9999 -9999 -9999 -9999 -9999 -9999 -9999 -9999 -9999 -9999 -9999
19287 21546 23267 24882 24883 23662 22506 21312 19516 18651 19517 18986 21088 23132 23663 24884 24451 25029 24596 24834 24831 24829 24319 23527 20844 21191 22149 25614 28773 27688 25615 25731 30971 34658 33573 32600 31903 30557 31904 30276 32330 31523 29032 27322 29271 29521 27186 25313 22379 18545 14224 12908 12561 12909 15440 18038 18446 16683 15441 16210 17831 17640 16422 -9999 -9999 -9999 -9999 -9999 -9999 -9999 -9999 -9999 -9999 -9999 -9999 -9999 -9999
20287 22036 24835 24836 22628 21427 19724 19180 18252 17745 18864 19181 21090 21904 22507 23269 23134 23402 22883 24452 24453 22629 22266 22508 21193 23920 29033 31644 31645 31126 27690 27579 32472 36887 38521 38798 34519 33817 34222 32897 34092 33216 30829 28535 31408 30010 27187 26280 23135 20846 18039 16522 16424 16604 17641 20071 22152 21547 19289 18865 21796 21797 18447 17340 -9999 -9999 -9999 -9999 -9999 -9999 -9999 -9999 -9999 -9999 -9999 -9999 -9999
21313 23405 24059 22631 20727 19725 18547 17341 15999 17256 17642 18548 19520 20513 20626 20728 22632 22267 23007 22885 22511 21669 20972 20973 22512 26418 32601 35613 35747 34378 31524 30277 32205 37039 42008 43072 37040 35872 34935 36765 34662 31409 30011 30707 33575 31906 29894 26767 24060 23529 19955 19086 20627 20183 20416 22268 26768 27044 23794 23666 26909 24598 20628 19619 18654 -9999 -9999 -9999 -9999 -9999 -9999 -9999 -9999 -9999 -9999 -9999 -9999
23669 24008 22153 20288 19087 18256 17832 16212 15128 16320 15807 16426 17048 18987 19088 20289 21670 22270 22961 22154 22271 22633 23923 25032 26282 29775 34520 37905 38800 38233 35318 33819 34663 39697 44960 43260 38379 36890 37343 37463 33217 31127 32206 35615 34521 31128 27323 24888 25033 25165 20632 19956 23009 23406 22886 25034 29523 30973 29524 30013 30974 26910 22513 21195 18766 17154 -9999 -9999 -9999 -9999 -9999 -9999 -9999 -9999 -9999 -9999 -9999
24006 22384 19728 18042 17342 15897 15808 14802 15051 14958 14225 14444 15286 17942 19399 19620 19958 21908 21553 21430 23531 26124 28905 30014 30831 33973 36177 40045 41375 40999 38092 35616 38093 42741 47812 44204 39864 38382 39699 38670 35874 33821 34095 36330 32602 28537 25166 27581 29169 24599 20290 19090 21800 24891 24892 26772 30015 33974 34522 34806 33050 29387 25474 23011 20418 18768 17834 -9999 -9999 -9999 -9999 -9999 -9999 -9999 -9999 -9999 -9999
