CHESS/xf_ws/geo/xf_ws.sthread32
ncols	177
nrows	146
xllcorner	799600
yllcorner	2.64717e+06
cellsize	200
NODATA_value	-9999
[rows 90 to 134 of 146, columns 0 to 95 of 177]
-9999 -9999 -9999 -9999 -9999 -9999 -9999 -9999 -9999 -9999 -9999 -9999 -9999 -9999 -9999 -9999 -9999 -9999 -9999 -9999 -9999 -9999 -9999 -9999 -9999 20 20 20 20 20 20 20 20 1 25 25 25 25 25 25 25 25 24 24 24 24 24 17 17 17 17 28 28 28 28 28 28 28 4 4 4 4 27 27 27 27 27 27 27 27 27 27 27 27 28 28 28 7 7 7 7 7 7 7 7 8 8 8 8 15 31 15 15 15 15 15
-9999 -9999 -9999 -9999 -9999 -9999 -9999 -9999 -9999 -9999 -9999 -9999 -9999 -9999 -9999 -9999 -9999 -9999 -9999 -9999 -9999 -9999 -9999 -9999 20 20 20 20 1 1 20 20 20 1 25 25 25 25 25 25 25 25 24 24 24 24 17 17 17 17 17 28 28 28 28 28 28 28 28 28 4 4 21 21 27 27 27 27 27 27 27 27 27 27 28 28 28 7 7 7 7 7 7 7 8 8 8 8 8 15 31 15 15 15 15 15
-9999 -9999 -9999 -9999 -9999 -9999 -9999 -9999 -9999 -9999 -9999 -9999 -9999 -9999 -9999 -9999 -9999 -9999 -9999 -9999 -9999 -9999 -9999 -9999 -9999 20 20 1 1 1 1 1 1 1 1 25 25 25 25 25 25 25 25 25 24 17 17 17 17 17 17 28 28 28 28 28 28 28 28 28 28 21 21 21 21 27 27 27 27 27 27 27 27 28 28 28 28 7 30 30 30 30 28 28 28 8 8 8 8 15 15 15 15 15 15 15
-9999 -9999 -9999 -9999 -9999 -9999 -9999 -9999 -9999 -9999 -9999 -9999 -9999 -9999 -9999 -9999 -9999 -9999 -9999 -9999 -9999 -9999 -9999 -9999 -9999 20 20 1 1 1 1 1 1 1 1 25 1 1 25 25 25 25 25 25 25 17 17 17 17 4 4 28 28 28 28 28 28 28 7 7 7 21 21 21 21 21 21 27 27 27 27 27 27 30 30 30 30 30 30 30 30 30 30 28 8 8 8 8 8 29 15 15 15 15 15 15
-9999 -9999 -9999 -9999 -9999 -9999 -9999 -9999 -9999 -9999 -9999 -9999 -9999 -9999 -9999 -9999 -9999 -9999 -9999 -9999 -9999 -9999 -9999 -9999 -9999 2 2 1 1 1 1 1 1 1 1 1 1 1 25 25 25 25 25 25 25 25 17 17 4 4 4 4 4 28 28 7 7 7 7 7 7 21 21 21 21 21 21 27 27 27 27 14 14 30 30 30 30 30 30 30 30 30 30 28 28 8 8 8 8 29 29 15 15 15 15 15
-9999 -9999 -9999 -9999 -9999 -9999 -9999 -9999 -9999 -9999 -9999 -9999 -9999 -9999 -9999 -9999 -9999 -9999 -9999 -9999 -9999 -9999 -9999 -9999 -9999 2 2 2 2 13 13 13 13 1 1 1 13 13 25 25 25 25 25 25 25 25 28 4 4 4 4 4 4 28 28 7 7 7 7 7 7 21 21 21 21 21 27 27 27 27 27 14 14 14 30 30 30 30 30 30 30 28 28 28 28 8 8 8 8 8 29 29 29 29 15 15
-9999 -9999 -9999 -9999 -9999 -9999 -9999 -9999 -9999 -9999 -9999 -9999 -9999 -9999 -9999 -9999 -9999 -9999 -9999 -9999 -9999 -9999 -9999 -9999 -9999 2 2 2 2 2 13 13 13 13 13 13 13 13 13 25 25 25 25 25 28 28 28 4 4 4 4 4 4 4 7 7 7 7 7 7 7 21 21 21 21 21 27 27 27 27 27 14 14 14 14 14 30 30 30 28 28 28 28 28 28 8 8 8 8 29 29 29 29 29 29 17
-9999 -9999 -9999 -9999 -9999 -9999 -9999 -9999 -9999 -9999 -9999 -9999 -9999 -9999 -9999 -9999 -9999 -9999 -9999 -9999 -9999 -9999 -9999 -9999 2 2 2 2 2 2 13 13 13 13 13 13 13 13 13 25 25 25 25 25 28 28 28 28 4 4 4 4 4 7 7 7 7 7 7 7 7 21 21 21 21 27 27 27 27 27 14 14 14 14 14 14 30 30 30 28 28 28 28 28 28 28 8 8 8 8 29 29 29 29 17 17
-9999 -9999 -9999 -9999 -9999 -9999 -9999 -9999 -9999 -9999 -9999 -9999 -9999 -9999 -9999 -9999 -9999 -9999 -9999 -9999 -9999 -9999 -9999 2 2 2 2 2 2 2 2 13 13 13 13 13 13 13 13 13 25 25 6 6 28 28 28 28 28 28 4 4 4 7 7 7 7 7 7 7 7 21 21 21 21 27 27 27 27 14 14 14 14 14 14 14 30 30 30 28 28 28 11 28 28 28 28 8 8 8 29 29 29 29 17 17
-9999 -9999 -9999 -9999 -9999 -9999 -9999 -9999 -9999 -9999 -9999 -9999 -9999 -9999 -9999 -9999 -9999 -9999 -9999 -9999 -9999 10 2 2 2 2 2 2 2 2 2 2 13 13 13 13 13 13 13 25 25 25 6 6 6 28 28 28 28 28 4 4 4 4 4 7 7 7 7 7 21 21 21 21 21 7 7 7 7 14 14 14 14 14 14 14 14 30 28 11 11 11 11 11 11 28 11 11 8 8 8 29 29 29 17 17
-9999 -9999 -9999 -9999 -9999 -9999 -9999 -9999 -9999 -9999 -9999 -9999 -9999 -9999 -9999 -9999 -9999 -9999 -9999 -9999 -9999 10 10 10 10 2 2 2 2 2 2 2 2 13 13 13 13 13 25 25 25 25 6 6 6 6 28 28 28 28 4 4 4 4 4 7 7 7 7 7 6 21 21 21 21 7 7 7 7 7 7 14 14 14 14 14 14 30 11 11 11 11 11 11 11 11 11 11 11 8 8 29 29 29 17 17
-9999 -9999 -9999 -9999 -9999 -9999 -9999 -9999 -9999 -9999 -9999 -9999 -9999 -9999 -9999 -9999 -9999 -9999 -9999 -9999 -9999 10 10 10 10 10 2 2 2 2 2 30 30 2 13 13 13 25 25 25 25 25 6 6 6 6 28 28 28 28 28 4 4 4 4 4 7 7 6 6 6 21 21 7 7 7 7 7 7 7 7 7 14 14 14 14 14 30 11 11 11 11 11 26 11 11 11 11 11 11 8 29 29 29 4 4
-9999 -9999 -9999 -9999 -9999 -9999 -9999 -9999 -9999 -9999 -9999 -9999 -9999 -9999 -9999 -9999 -9999 -9999 -9999 -9999 10 10 10 10 10 10 10 2 2 30 30 30 30 30 30 30 13 30 30 30 25 25 6 6 6 6 28 28 28 28 28 4 4 4 4 4 7 6 6 6 6 6 6 7 7 7 7 7 7 7 7 7 7 14 14 14 14 11 26 26 26 26 26 26 26 11 11 11 11 11 11 29 29 4 4 4
-9999 -9999 -9999 -9999 -9999 -9999 -9999 -9999 -9999 -9999 -9999 -9999 -9999 -9999 -9999 -9999 -9999 9 9 9 9 9 10 10 10 10 10 10 10 10 30 30 30 30 30 30 30 30 30 30 19 25 6 6 6 6 6 28 28 28 28 28 4 4 6 6 6 6 6 6 6 6 6 6 7 7 7 7 7 7 7 7 7 14 14 14 14 26 26 26 26 26 26 26 26 26 11 11 11 11 11 14 14 14 4 4
-9999 -9999 -9999 -9999 -9999 -9999 -9999 -9999 -9999 -9999 -9999 -9999 -9999 -9999 -9999 -9999 -9999 9 9 9 9 9 16 16 10 10 10 10 10 10 10 10 6 30 30 30 30 30 30 30 19 25 6 6 6 6 6 6 28 28 28 28 28 27 6 6 6 6 6 6 6 6 6 6 6 7 7 7 7 7 7 7 7 7 32 14 24 26 26 26 26 26 26 26 26 26 11 11 11 11 11 14 14 14 4 4
-9999 -9999 -9999 -9999 -9999 -9999 -9999 -9999 -9999 -9999 -9999 -9999 -9999 -9999 -9999 -9999 9 9 9 9 9 9 16 16 16 16 16 10 10 10 10 10 6 30 30 19 19 19 19 19 19 19 6 6 6 6 6 6 31 31 31 31 27 27 27 6 6 6 6 6 6 6 6 6 8 8 8 7 7 7 32 32 32 32 32 32 24 26 26 26 26 26 26 26 11 11 11 11 11 11 11 11 11 14 14 14
-9999 -9999 -9999 -9999 -9999 -9999 -9999 -9999 -9999 -9999 -9999 -9999 -9999 -9999 -9999 9 9 9 9 9 9 9 16 16 16 16 10 10 10 10 10 6 6 6 6 6 6 19 19 19 19 19 6 19 19 19 19 31 31 31 31 31 27 27 27 27 6 6 6 6 6 6 8 8 8 8 8 8 31 31 32 32 32 32 32 32 24 24 26 26 26 26 26 11 11 11 11 11 11 11 11 11 14 14 14 14
-9999 -9999 -9999 -9999 -9999 -9999 -9999 -9999 -9999 -9999 -9999 -9999 -9999 -9999 -9999 9 9 9 9 9 9 9 9 16 16 16 10 10 10 6 6 6 6 6 6 6 6 6 19 19 19 19 19 19 19 19 31 31 31 31 31 31 27 27 27 27 27 6 6 6 10 10 8 8 8 8 8 8 8 31 31 31 32 32 32 32 24 24 24 24 26 26 11 11 11 11 11 11 11 11 11 11 14 14 14 14
-9999 -9999 -9999 -9999 -9999 -9999 -9999 -9999 -9999 -9999 -9999 -9999 -9999 -9999 -9999 5 5 9 9 9 9 9 9 16 16 16 16 6 6 6 6 6 6 6 6 6 6 19 19 19 19 19 19 19 19 31 31 31 31 31 31 31 27 27 27 27 27 6 6 10 10 10 10 8 8 8 8 8 8 31 31 31 32 32 32 32 24 24 24 24 24 24 24 11 11 11 11 11 11 11 11 11 14 14 14 14
-9999 -9999 -9999 -9999 -9999 -9999 -9999 -9999 -9999 -9999 -9999 -9999 -9999 16 16 5 5 5 9 9 9 16 16 16 16 16 16 6 6 6 6 6 6 6 6 6 19 19 19 19 19 19 19 19 19 31 31 31 31 31 31 31 27 27 27 27 27 27 10 10 10 10 10 10 8 8 8 8 8 31 31 31 32 32 32 32 32 24 24 24 24 24 24 11 11 11 11 11 11 11 11 11 14 14 14 14
-9999 -9999 -9999 -9999 -9999 -9999 -9999 -9999 -9999 -9999 -9999 16 16 16 16 5 5 5 9 9 9 16 16 16 16 16 16 6 6 6 6 6 6 6 6 6 6 19 19 19 3 19 19 19 19 31 31 31 31 31 31 31 27 27 27 27 27 27 10 10 10 10 10 10 8 8 8 8 8 31 31 31 32 32 32 32 32 23 24 24 24 23 23 23 19 19 19 19 19 11 11 14 14 14 14 14
-9999 -9999 -9999 -9999 -9999 -9999 -9999 -9999 -9999 16 16 16 16 16 16 5 5 9 9 9 16 16 16 16 16 16 16 20 20 20 6 6 6 20 20 20 3 3 3 3 3 3 31 31 31 31 31 31 31 31 31 31 27 27 27 27 27 27 27 10 10 10 10 8 8 8 8 8 8 31 31 31 32 32 32 32 32 23 24 24 23 23 23 23 19 19 19 19 19 19 19 19 24 24 24 24
-9999 -9999 -9999 -9999 -9999 -9999 -9999 -9999 -9999 16 16 16 16 16 5 5 5 5 5 5 16 16 16 16 16 16 19 19 20 20 20 20 20 20 20 20 3 3 3 3 3 3 3 3 3 3 3 31 31 31 31 27 27 27 27 30 30 27 10 10 10 10 10 6 8 8 8 8 8 31 31 31 32 32 32 32 32 23 23 23 23 23 23 23 23 19 19 19 19 19 19 19 19 24 24 24
-9999 -9999 -9999 -9999 -9999 -9999 -9999 -9999 -9999 16 16 16 16 5 5 5 5 5 5 5 8 16 19 19 19 19 19 19 20 20 20 20 20 20 20 20 3 3 3 3 3 3 3 3 3 3 21 3 3 3 31 27 30 30 30 30 30 10 10 10 10 10 6 6 6 8 8 8 31 31 31 31 31 32 32 32 32 23 23 23 23 23 23 23 23 19 19 19 19 19 19 19 19 24 24 24
-9999 -9999 -9999 -9999 -9999 -9999 -9999 -9999 -9999 16 16 5 5 5 5 5 5 5 5 8 8 8 19 19 19 19 19 19 20 20 20 20 20 20 20 20 3 3 3 3 3 3 3 3 3 3 21 3 3 3 30 30 30 30 30 30 10 10 10 10 10 10 6 6 6 8 8 31 31 31 31 31 31 32 32 32 32 23 23 23 23 23 23 23 23 19 19 19 19 19 19 19 19 19 24 24
-9999 -9999 -9999 -9999 -9999 -9999 -9999 -9999 -9999 16 16 5 5 5 5 5 5 5 8 8 8 8 19 19 19 19 19 19 20 20 20 20 20 20 20 20 3 3 3 3 3 3 3 3 3 3 21 21 3 30 30 30 30 30 30 30 10 10 10 6 10 6 6 6 27 31 31 31 31 27 27 27 27 31 32 32 23 23 23 31 23 23 23 23 23 19 19 19 19 19 19 19 19 24 24 24
-9999 -9999 -9999 -9999 -9999 -9999 -9999 -9999 16 16 5 5 5 5 5 5 5 8 8 8 8 8 19 19 19 19 19 19 23 20 20 20 20 20 20 20 3 3 3 3 3 3 3 7 7 21 21 21 21 21 30 30 30 30 30 30 6 6 6 6 6 6 6 6 27 27 27 27 27 27 27 27 27 27 31 31 31 31 31 23 23 23 23 5 5 5 5 5 19 19 19 24 24 24 24 7
-9999 -9999 -9999 -9999 -9999 -9999 -9999 -9999 -9999 -9999 -9999 -9999 -9999 5 5 5 5 8 8 8 8 8 8 19 19 19 19 19 23 11 11 11 11 11 20 11 3 3 3 3 3 3 3 7 7 21 21 21 21 21 30 30 30 30 30 30 6 6 6 6 6 6 6 6 27 27 27 27 27 27 27 27 27 27 31 31 31 31 31 23 23 23 5 5 5 5 5 5 19 19 19 24 24 24 24 24
-9999 -9999 -9999 -9999 -9999 -9999 -9999 -9999 -9999 -9999 -9999 -9999 -9999 -9999 -9999 -9999 -9999 -9999 8 8 8 8 8 8 19 19 19 19 23 23 11 11 11 11 11 11 11 11 3 3 3 3 3 7 7 21 21 21 21 21 21 21 21 30 30 30 6 6 6 6 6 6 6 10 27 27 27 27 27 27 27 27 27 27 31 31 31 31 31 31 23 23 5 5 5 5 5 5 19 19 19 19 24 24 24 24
-9999 -9999 -9999 -9999 -9999 -9999 -9999 -9999 -9999 -9999 -9999 -9999 -9999 -9999 -9999 -9999 -9999 -9999 -9999 8 8 8 23 8 8 8 19 19 23 23 9 11 11 11 11 11 11 11 3 3 3 3 3 7 7 7 21 21 21 21 21 21 21 21 21 30 6 6 6 6 10 10 10 10 10 10 10 27 27 27 27 27 26 26 26 31 31 31 31 31 31 31 5 5 5 5 5 5 19 19 19 19 24 24 24 24
-9999 -9999 -9999 -9999 -9999 -9999 -9999 -9999 -9999 -9999 -9999 -9999 -9999 -9999 -9999 -9999 -9999 -9999 -9999 23 23 23 23 23 23 23 23 23 23 9 9 9 11 11 11 11 11 11 3 3 3 7 7 7 7 7 7 21 21 21 21 21 21 21 21 6 6 6 6 6 10 10 10 10 10 10 10 10 10 10 1 26 26 26 26 31 31 31 31 31 31 31 5 5 5 5 5 5 19 19 3 3 3 3 24 24
-9999 -9999 -9999 -9999 -9999 -9999 -9999 -9999 -9999 -9999 -9999 -9999 -9999 -9999 -9999 -9999 -9999 -9999 -9999 -9999 23 23 23 23 23 23 23 23 9 9 9 9 9 11 11 11 11 11 3 3 3 7 7 7 7 7 7 7 21 21 21 21 21 21 21 6 6 6 6 10 10 10 10 10 10 10 10 10 10 10 1 26 26 26 26 26 26 31 31 31 31 31 5 5 5 5 5 5 19 19 3 3 3 3 3 3
-9999 -9999 -9999 -9999 -9999 -9999 -9999 -9999 -9999 -9999 -9999 -9999 -9999 -9999 -9999 -9999 -9999 -9999 -9999 -9999 23 23 23 23 23 23 23 9 9 9 9 9 9 11 11 11 11 11 3 3 7 7 7 7 7 7 7 7 21 21 21 21 21 21 21 6 6 6 10 10 10 10 10 10 10 10 10 10 10 10 1 26 26 26 26 26 26 26 31 31 31 31 5 24 5 5 5 5 19 19 3 3 3 3 3 3
-9999 -9999 -9999 -9999 -9999 -9999 -9999 -9999 -9999 -9999 -9999 -9999 -9999 -9999 -9999 -9999 -9999 -9999 -9999 -9999 -9999 23 23 23 23 23 23 9 9 9 9 9 9 9 11 11 11 11 19 19 7 7 7 7 7 7 7 7 21 21 21 21 21 21 21 21 11 11 11 11 10 10 10 10 10 10 10 10 1 1 1 26 26 26 26 26 27 27 26 26 26 24 24 24 24 5 5 5 19 19 3 3 3 3 3 3
-9999 -9999 -9999 -9999 -9999 -9999 -9999 -9999 -9999 -9999 -9999 -9999 -9999 -9999 -9999 -9999 -9999 -9999 -9999 -9999 -9999 -9999 23 23 23 23 23 9 9 9 9 9 9 9 9 11 11 19 19 19 19 7 7 7 7 7 7 7 21 21 21 21 21 21 21 21 11 11 11 11 11 1 1 10 1 1 1 1 1 1 1 1 26 26 26 26 27 27 27 27 27 24 24 24 24 5 5 5 19 19 3 3 3 3 3 3
-9999 -9999 -9999 -9999 -9999 -9999 -9999 -9999 -9999 -9999 -9999 -9999 -9999 -9999 -9999 -9999 -9999 -9999 -9999 -9999 -9999 -9999 -9999 -9999 -9999 -9999 -9999 9 9 9 9 9 29 9 9 9 11 19 19 19 19 19 19 21 21 21 21 21 29 29 21 21 21 21 21 21 11 11 11 11 11 11 1 1 1 1 1 1 1 1 1 1 26 26 26 26 26 27 27 27 27 27 24 24 24 5 5 19 19 19 19 3 5 5 3 3
-9999 -9999 -9999 -9999 -9999 -9999 -9999 -9999 -9999 -9999 -9999 -9999 -9999 -9999 -9999 -9999 -9999 -9999 -9999 -9999 -9999 -9999 -9999 -9999 -9999 -9999 -9999 -9999 29 29 29 29 29 29 29 9 29 29 19 19 19 19 19 21 21 21 21 21 29 29 29 21 21 21 21 21 11 11 11 11 11 11 11 11 1 1 1 1 1 1 1 1 26 26 26 26 26 27 27 27 27 27 24 24 24 24 5 5 5 5 19 5 5 5 5 5
-9999 -9999 -9999 -9999 -9999 -9999 -9999 -9999 -9999 -9999 -9999 -9999 -9999 -9999 -9999 -9999 -9999 -9999 -9999 -9999 -9999 -9999 -9999 -9999 -9999 -9999 -9999 -9999 -9999 29 29 29 29 29 29 29 29 29 19 19 19 19 19 19 19 19 21 21 29 29 29 29 29 29 29 11 11 11 11 11 11 11 11 11 11 1 1 1 26 1 1 1 26 26 26 26 26 27 27 27 27 27 24 24 24 24 5 5 5 5 5 5 5 5 5 5
-9999 -9999 -9999 -9999 -9999 -9999 -9999 -9999 -9999 -9999 -9999 -9999 -9999 -9999 -9999 -9999 -9999 -9999 -9999 -9999 -9999 -9999 -9999 -9999 -9999 -9999 -9999 -9999 -9999 -9999 29 29 29 29 29 29 29 29 19 19 19 19 19 19 19 19 21 21 29 29 29 29 29 29 -9999 -9999 11 11 11 11 11 11 11 11 11 1 1 1 26 26 26 1 2 2 2 27 27 27 27 27 27 27 24 24 24 5 5 5 5 5 5 5 5 29 29 29
-9999 -9999 -9999 -9999 -9999 -9999 -9999 -9999 -9999 -9999 -9999 -9999 -9999 -9999 -9999 -9999 -9999 -9999 -9999 -9999 -9999 -9999 -9999 -9999 -9999 -9999 -9999 -9999 -9999 -9999 -9999 29 29 29 29 29 29 29 -9999 -9999 -9999 -9999 -9999 19 19 19 21 21 29 29 29 29 29 -9999 -9999 -9999 -9999 11 11 11 11 11 11 1 1 1 1 26 26 26 26 2 2 2 2 2 2 2 2 2 27 27 24 24 5 5 5 5 5 5 29 29 29 29 29 29
-9999 -9999 -9999 -9999 -9999 -9999 -9999 -9999 -9999 -9999 -9999 -9999 -9999 -9999 -9999 -9999 -9999 -9999 -9999 -9999 -9999 -9999 -9999 -9999 -9999 -9999 -9999 -9999 -9999 -9999 -9999 29 29 29 29 29 29 29 -9999 -9999 -9999 -9999 -9999 19 19 19 19 21 29 29 29 29 29 -9999 -9999 -9999 -9999 -9999 -9999 -9999 -9999 -9999 -9999 1 1 1 26 26 26 26 26 18 18 18 2 2 2 2 2 2 2 2 24 24 24 24 5 5 5 29 29 29 29 29 29 29
-9999 -9999 -9999 -9999 -9999 -9999 -9999 -9999 -9999 -9999 -9999 -9999 -9999 -9999 -9999 -9999 -9999 -9999 -9999 -9999 -9999 -9999 -9999 -9999 -9999 -9999 -9999 -9999 -9999 -9999 -9999 -9999 29 29 29 29 29 -9999 -9999 -9999 -9999 -9999 -9999 -9999 19 19 19 19 29 29 29 29 29 -9999 -9999 -9999 -9999 -9999 -9999 -9999 -9999 -9999 -9999 -9999 26 26 26 26 26 26 18 18 18 18 18 2 2 2 2 2 2 2 24 24 24 24 5 5 5 5 5 29 29 29 29 29
-9999 -9999 -9999 -9999 -9999 -9999 -9999 -9999 -9999 -9999 -9999 -9999 -9999 -9999 -9999 -9999 -9999 -9999 -9999 -9999 -9999 -9999 -9999 -9999 -9999 -9999 -9999 -9999 -9999 -9999 -9999 -9999 -9999 -9999 29 -9999 -9999 -9999 -9999 -9999 -9999 -9999 -9999 -9999 -9999 19 19 -9999 -9999 -9999 29 29 -9999 -9999 -9999 -9999 -9999 -9999 -9999 -9999 -9999 -9999 -9999 -9999 -9999 -9999 26 26 26 26 18 18 18 18 18 2 2 2 2 2 2 2 24 24 24 24 5 5 5 5 5 5 29 29 29 29
-9999 -9999 -9999 -9999 -9999 -9999 -9999 -9999 -9999 -9999 -9999 -9999 -9999 -9999 -9999 -9999 -9999 -9999 -9999 -9999 -9999 -9999 -9999 -9999 -9999 -9999 -9999 -9999 -9999 -9999 -9999 -9999 -9999 -9999 -9999 -9999 -9999 -9999 -9999 -9999 -9999 -9999 -9999 -9999 -9999 -9999 -9999 -9999 -9999 -9999 -9999 29 -9999 -9999 -9999 -9999 -9999 -9999 -9999 -9999 -9999 -9999 -9999 -9999 -9999 -9999 -9999 26 18 18 18 18 18 18 18 18 2 2 2 2 2 2 24 24 24 24 5 5 5 5 5 5 5 5 5 5
-9999 -9999 -9999 -9999 -9999 -9999 -9999 -9999 -9999 -9999 -9999 -9999 -9999 -9999 -9999 -9999 -9999 -9999 -9999 -9999 -9999 -9999 -9999 -9999 -9999 -9999 -9999 -9999 -9999 -9999 -9999 -9999 -9999 -9999 -9999 -9999 -9999 -9999 -9999 -9999 -9999 -9999 -9999 -9999 -9999 -9999 -9999 -9999 -9999 -9999 -9999 -9999 -9999 -9999 -9999 -9999 -9999 -9999 -9999 -9999 -9999 -9999 -9999 -9999 -9999 -9999 -9999 -9999 18 18 18 18 18 18 2 2 2 2 2 2 2 -9999 -9999 24 24 24 5 5 5 5 5 5 5 5 5 5
