CHESS/xf_ws/geo/xf_ws.aspect
ncols         177
nrows         146
xllcorner     799600.00012
yllcorner     2647174.38755
cellsize      200
NODATA_value  -9999
[rows 56 to 83 of 146, columns 0 to 62 of 177]
21.02214 42.95459 60.43546 79.87643 329.4786 308.6758 346.9529 11.52164 249.2072 240.2953 221.0741 223.0347 265.7797 291.656 295.0375 152.5433 160.125 170.6879 200.6136 241.6485 237.8419 163.0594 126.0475 135.9167 199.1455 206.1226 167.8069 289.3466 305.367 310.9362 95.12035 121.8796 267.3438 266.5914 225.4152 249.9147 256.833 219.9759 151.9908 152.9552 176.6215 148.3068 105.4786 126.4778 192.9769 202.2453 146.5863 144.3925 169.4722 162.4471 160.4911 145.3999 140.9236 146.4989 138.53 141.5999 159.0944 137.3495 349.0037 328.1115 319.0978 296.2537 293.3579
104.9427 66.05525 74.7537 92.6634 281.2699 273.473 289.6538 60.94089 296.2742 262.2024 241.6579 265.9555 280.2131 275.7106 185.9275 136.2766 153.435 181.8636 213.2166 223.0458 211.0652 173.2464 126.4215 129.4563 175.4382 225 248.6049 289.5334 288.8721 152.6126 121.6799 158.6942 246.0899 209.402 201.7139 246.0762 250.2231 196.1804 136.9321 139.3185 186.5939 193.8444 102.7175 94.77244 148.3523 194.3324 155.1891 136.266 152.8854 160.2405 165.9425 144.5784 138.7343 151.3665 144.9046 142.6445 222.2406 309.5289 334.4118 341.9698 341.815 297.3171 275.3228
261.4308 128.4783 109.4567 59.0109 310.4693 289.9758 268.8767 83.9545 200.2612 236.7348 241.5581 264.3176 260.278 215.2564 170.7485 138.9796 134.8005 191.8038 213.0621 204.7299 201.8686 186.1225 141.7757 135.3769 168.9511 259.8796 262.3523 261.9953 247.1412 130.064 119.5966 222.1014 265.8653 267.5104 290.5014 280.296 266.8595 167.8894 132.7706 133.3477 181.8476 214.177 138.0007 100.5327 110.879 164.9059 162.8611 141.5007 137.4782 153.6437 162.3598 146.0734 140.556 140.3145 134.6967 154.2307 301.9783 307.5641 323.8129 350.0291 24.91181 250.8444 225.4805
45.97102 84.79201 107.0254 301.9576 313.0127 328.5232 267.7094 136.8876 144.1068 234.4716 251.9973 251.1942 230.2713 184.9061 181.1535 155.5027 117.0939 195.6051 211.3838 200.4542 200.235 188.163 157.7563 148.8775 254.3961 270.3898 257.4712 236.7914 199.7223 140.3195 128.9153 249.6277 266.6796 281.3099 283.3303 266.3937 252.0611 136.6569 126.8379 143.0975 190.2109 211.3201 166.2845 127.8916 115.9065 133.2902 158.8719 156.7603 146.7922 158.5363 163.996 161.6593 155.9627 137.5694 125.8367 297.9718 298.0208 302.579 310.3801 72.25533 105.136 205.4862 222.2822
137.3859 117.9057 14.69316 303.9855 308.3675 338.2381 0.02047544 359.9954 11.78024 337.7234 288.0084 223.6938 202.7126 184.5176 202.8252 190.4435 115.7578 314.9406 311.8751 238.5896 232.5686 201.1398 143.427 330.0378 307.5686 263.384 243.435 225 194.9105 146.7256 134.2146 275.2004 274.3201 254.9816 233.4147 251.9548 248.0007 117.2743 102.5459 117.3267 190.7004 194.0148 172.9177 150.343 129.1715 125.0475 141.31 155.4745 149.97 152.083 158.2861 180.0145 165.8809 145.5933 318.0128 309.3988 287.4703 267.5104 201.275 149.7561 121.6575 213.4078 274.6919
194.0362 100.6803 316.8297 288.1746 285.5677 42.34549 299.1043 305.4315 0.42224 348.244 343.8075 332.354 287.5603 257.1957 246.799 235.1707 328.9463 325.9597 10.44643 351.039 315.3595 351.5568 356.4785 334.712 359.9968 263.2434 242.7938 239.444 234.1158 80.02293 343.8346 294.2033 301.5462 334.0842 333.6418 283.2887 265.9433 95.63754 82.06445 77.31335 114.092 170.0892 176.6523 164.6831 134.1186 127.6768 132.9277 123.7591 75.96375 39.5656 71.78201 150.2919 179.9783 277.9867 294.3784 294.7018 285.9122 254.8091 179.4791 149.4297 140.0755 217.2304 252.3479
338.3177 343.5954 342.1563 307.4573 301.3907 47.8793 176.4002 232.6596 226.7712 277.1485 345.5792 345.9615 327.4046 357.6678 329.8825 314.5287 318.6082 315.0082 89.34666 258.2957 287.692 331.7939 2.31528 355.7809 67.15453 153.3967 265.357 269.5756 275.7071 314.9764 341.9028 278.8471 264.8056 236.5237 208.7398 254.8325 233.7727 134.3562 97.19801 83.30577 86.51317 112.394 158.331 171.679 140.8132 124.3397 101.9293 10.23619 5.412247 34.60896 60.11558 59.37126 328.5705 268.9108 258.851 263.741 279.3021 314.1001 29.74488 100.7263 139.1748 249.3493 270.507
341.5651 334.7327 358.2643 345.5792 305.5377 114.7439 108.3661 276.6973 272.489 283.5704 322.1364 352.875 264.8056 313.977 336.541 353.6571 343.3517 300.7284 85.69936 300.5019 275.0913 288.8384 15.20241 75.17352 106.3368 243.4923 277.5369 269.029 260.8552 236.6336 182.8341 250.4142 247.1664 175.9017 187.2032 215.5377 183.5323 169.4085 149.262 118.4742 113.9445 110.1526 116.1417 157.7028 103.2011 69.80019 330.732 343.8108 24.92177 67.02306 80.80234 74.88025 66.16752 254.7983 263.3675 267.4397 271.0556 292.019 64.19307 92.5895 120.6354 276.1214 293.5641
331.6388 334.6538 358.5498 19.90375 32.73523 62.39949 34.27975 269.9821 262.7883 258.17 245.1603 59.03624 273.1604 275.6897 301.2706 25.85773 54.57423 68.65573 1.669304 331.7575 267.0247 245.5332 162.9892 123.074 114.847 259.4427 253.0302 244.6986 265.6331 165.9638 155.7941 254.8297 244.8552 133.0585 188.9183 211.2121 163.6105 175.3418 171.604 132.7974 122.0365 111.1216 36.08507 0.7073194 33.65442 36.04063 330.1859 332.354 42.7395 79.2789 98.12854 119.0019 126.9042 287.5947 272.6133 257.9522 248.5461 212.8423 149.4847 133.8804 240.9454 286.2797 285.8607
346.4428 347.6394 11.50773 39.3878 40.34665 56.46802 65.04587 252.1091 266.7948 278.7906 266.1859 300.6186 296.5651 277.9223 278.6863 64.69862 77.68056 337.9321 338.6294 343.8866 276.953 253.9761 173.8534 79.01935 35.50767 334.3456 281.5895 277.3591 280.3805 92.77022 132.1196 231.1799 203.2823 135.3696 181.2415 197.9203 148.1053 167.7782 180.0953 148.8864 115.796 14.99868 345.4258 6.786166 53.03944 60.70864 326.0826 318.0587 62.49232 82.73305 79.65073 67.08145 331.1425 297.7728 300.5182 278.3439 232.4025 182.411 164.8713 182.0214 275.1104 297.9169 309.0164
164.4454 266.5936 50.09211 66.2347 68.69069 85.09998 50.19443 322.5042 307.8347 336.2912 351.8699 315.5026 318.7022 306.2359 294.5235 76.60751 32.58255 335.4659 1.359306 359.2985 348.9965 299.5052 183.7314 130.7462 145.0652 173.2142 226.0468 260.1007 249.5998 134.0156 145.0716 193.9592 195.0766 162.613 167.1712 182.3798 168.0493 170.5908 211.5222 24.8637 336.0375 342.4578 357.9718 35.90177 60.1081 54.43319 359.6155 225 122.3092 117.1323 108.1777 99.90419 260.9964 283.0953 295.5069 253.4052 174.7188 160.0963 180.4007 245.8663 266.1318 264.447 266.389
209.707 207.7132 188.6428 129.6107 74.35775 67.86698 338.6773 320.4041 310.8448 343.325 12.3665 322.0334 310.9337 310.4058 331.4845 36.36287 336.4346 323.9594 12.33909 24.69156 99.16235 156.458 165.9958 169.9779 167.2757 177.26 223.7939 250.0268 199.7595 127.0224 135.6148 175.5132 197.3984 176.3524 165.4504 191.3078 235.9855 309.8978 334.4499 343.3438 324.6808 337.0497 27.19678 43.06398 42.3642 44.86798 43.83086 102.7071 117.6963 126.1558 133.6566 127.9192 215.3799 241.0233 206.4498 178.4413 163.1929 164.859 236.646 264.6892 248.2214 234.1163 229.936
215.2564 213.8708 212.6892 213.6318 106.6992 51.95296 325.4207 300.8695 293.5523 337.8906 5.013114 326.4866 313.7213 310.9905 5.774326 27.81429 281.3099 203.9625 167.719 149.6383 150.6286 152.8189 158.2512 173.0634 164.1975 214.6337 269.8652 251.8753 162.3267 133.5768 128.7605 155.3423 213.2505 196.3999 294.0475 320.799 322.0781 321.6487 337.743 343.3304 315.7489 336.9107 40.20797 32.38946 36.46923 53.28941 71.50188 96.19183 99.81174 80.21759 43.047 57.91868 134.8789 216.912 193.2823 181.6313 147.1324 177.4359 248.0904 243.3535 226.1277 233.6758 234.5074
205.9565 218.5713 228.6866 232.8079 220.8653 3.918249 336.3998 291.6891 284.6288 323.5752 344.0232 329.0363 326.8261 328.864 19.75947 56.80243 122.4712 156.0109 170.377 161.815 155.92 153.7649 170.9605 180.6794 155.6589 230.1364 231.0005 178.078 162.1501 155.5843 146.5532 335.6885 329.962 335.5518 326.2571 322.2578 322.6927 318.2849 333.5869 343.2319 318.5498 350.8486 57.43956 67.21397 80.81946 84.94617 87.29706 90.42918 80.78505 47.29458 32.47553 58.28685 52.90386 325.4828 185.3123 208.0412 158.4738 180 248.3161 238.0851 248.1586 257.6124 251.9657
215.8376 231.4159 238.8829 235.4375 240.0863 277.2369 356.2847 289.4766 279.7327 300.1037 331.1084 332.835 319.4474 317.07 82.71597 96.64307 104.9816 117.4928 150.5589 162.3874 155.914 153.0723 197.3426 195.3061 140.8774 213.1618 191.7251 170.6082 169.7354 192.9946 309.5745 324.0818 331.9871 330.229 323.6065 311.5634 312.8737 316.9043 329.1232 334.44 330.4311 26.01015 79.29316 102.9741 118.679 116.8962 101.8598 79.93543 47.77021 54.7697 77.00539 73.02662 29.00908 11.98693 45.01804 149.0138 172.7198 198.0304 242.9126 261.9751 280.751 277.9269 265.7185
218.6598 235.2222 243.435 236.5203 238.8775 236.7156 184.8645 251.565 259.2157 265.0176 277.3524 275.5993 192.3391 182.5114 147.875 134.0978 115.4417 91.66833 94.25066 128.0997 136.4564 152.4958 221.1647 195.6875 155.5159 186.5708 210.1035 317.7263 339.1772 344.744 308.2301 302.2825 301.3013 284.6045 288.5617 288.4349 294.3388 305.8798 315.3871 317.5415 335.8545 69.99457 86.56441 94.46085 105.1069 108.7413 90.71083 77.30463 73.49564 79.93543 81.55247 78.49519 42.51045 91.06091 97.05048 105.0006 146.1446 240.2617 247.0113 251.7675 245.556 250.3805 272.386
244.5159 251.2058 256.0399 243.8745 243.435 225.2054 187.8661 219.3129 221.492 227.1728 217.25 180.3165 172.416 175.9144 156.3544 146.4588 149.4703 123.5913 98.67908 106.2888 122.9797 164.5388 219.1737 229.0898 333.5913 339.8622 336.3484 341.6059 2.788176 33.00381 276.864 277.8375 295.6259 265.3776 256.9475 263.8142 264.5286 274.1524 292.4536 287.8732 175.8554 105.1434 106.4091 107.9151 98.66981 80.79359 76.54799 88.73322 103.1548 108.8921 100.9338 84.40066 107.8787 117.451 115.4944 116.5765 335.3743 81.3895 211.336 232.5643 239.9196 254.108 258.6901
305.5377 294.3968 271.9452 260.5046 258.0329 220.3999 187.346 219.1652 214.6952 218.4248 208.4469 181.898 178.7811 175.479 161.0647 150.4948 155.9735 162.7497 142.1717 129.7625 132.4458 208.2174 292.7183 314.9984 330.373 331.7255 332.8408 351.2249 56.74072 76.78651 284.7672 276.6329 293.587 300.1185 289.0256 277.1863 273.1617 276.7591 274.5618 208.9888 190.3943 76.69082 70.40517 68.21584 58.46521 52.63333 70.83157 71.14987 61.26965 59.69732 50.66729 30.96376 40.81508 60.5844 59.148 353.6509 344.2018 48.11706 94.90049 231.03 247.7882 246.0255 237.049
250.2011 259.1861 272.6133 273.6044 254.389 194.6474 180.507 223.1374 223.0585 218.6317 194.6393 181.9993 188.8418 179.5465 159.9394 149.1723 150.6056 159.9849 153.3066 147.8395 172.4386 308.8047 318.4624 331.738 329.9501 304.7908 312.6292 45.34515 85.88028 82.213 287.3915 274.9323 264.1984 276.3966 281.551 272.3254 271.828 268.6414 222.9335 179.4213 233.1301 38.4802 63.32179 60.0428 58.54428 65.63755 69.31931 65.32985 46.65685 20.65064 17.72324 15.78349 26.77493 39.86884 39.85723 11.00354 343.3549 21.08768 41.12126 24.20395 239.0394 243.8793 263.6343
208.951 245.2565 258.8453 240.611 222.7637 181.5209 197.3912 243.9606 233.1301 224.071 173.0888 181.5343 202.4516 184.3987 152.5123 139.1665 149.5999 152.3204 156.5787 194.4 301.243 309.2804 315.0801 340.509 353.8392 307.4674 307.2734 77.90524 84.66527 79.09296 263.1637 250.0591 235.196 233.1698 228.4093 236.8598 253.3499 249.5901 178.5679 195.3661 242.4748 225 98.53077 98.88582 106.9093 101.7251 79.21571 70.14845 25.30138 354.9662 11.76829 16.06135 23.34767 37.39553 40.06583 28.87243 16.22019 336.8014 42.11962 62.53424 240.0992 245.2465 248.403
200.8209 258.3106 266.5482 279.1371 279.7115 173.6598 274.8998 281.9908 293.1986 297.2417 57.83561 130.7636 196.1443 173.7131 150.7807 133.9474 144.9581 156.6309 274.9697 311.3607 305.5839 307.8476 314.5086 341.026 12.73349 316.2137 306.6561 98.81073 94.05168 82.09771 250.8655 239.4695 223.3517 234.2461 244.0726 246.759 248.7406 231.7741 178.2773 216.769 249.444 237.8214 97.24059 89.7446 77.72477 36.72411 43.79214 46.29095 351.6952 348.0848 7.245414 18.70521 39.40639 49.6035 37.68098 45.63191 63.29622 275.856 42.18444 60.94505 50.20851 230.3248 235.4318
251.565 257.1786 262 253.3008 218.9918 261.2913 300.0677 305.9097 316.7806 309.7261 96.84277 133.3431 172.4762 168.9042 159.2112 146.709 149.5671 317.8846 329.8014 326.3682 311.0447 306.9194 309.67 325.0975 15.9454 354.6107 32.95742 79.79603 71.38983 67.45 49.88681 265.6563 272.2906 286.1573 273.7782 233.4641 231.7349 227.0072 220.9144 245.4002 252.4216 235.1678 85.04675 48.48086 20.86451 9.229886 39.37223 36.62574 338.438 354.4101 22.02945 45.98776 58.21909 35.24508 29.07338 54.69184 73.74579 169.992 189.8658 103.606 61.56169 79.84129 246.8896
147.3391 243.7308 237.9645 192.8896 199.1064 237.5002 266.3555 273.9302 214.8085 184.8739 135.8848 121.2458 152.5059 160.0933 154.9478 171.2859 299.7945 316.1053 332.23 329.4186 318.2184 307.7734 288.4349 294.7228 348.9813 23.55226 41.61699 54.94286 54.693 50.7664 45.79376 327.3123 262.6656 235.1543 203.7998 202.4668 231.619 250.1574 264.103 279.5829 262.515 268.4622 353.0964 16.35108 11.89832 25.736 57.65052 35.25942 343.789 62.70043 97.51215 88.36343 76.31774 34.25414 46.32198 66.67599 78.38148 120.9638 186.6893 188.2356 149.9558 128.2464 218.9458
146.5138 237.0426 224.7247 184.9787 232.2806 256.636 249.3462 202.9128 168.9705 179.4394 162.5014 124.0243 128.2265 139.5365 159.0958 308.6172 305.7179 307.3481 318.7084 318.5903 320.6935 321.4416 306.0546 299.5846 318.7517 33.97923 42.84262 41.6726 59.66446 56.35089 61.7403 68.83316 226.0102 198.0972 199.2653 238.1575 268.4176 272.0588 270.8917 257.0054 258.3186 261.2418 262.3719 339.7751 78.99646 106.7658 97.06515 88.66778 126.1041 128.9177 148.3534 130.6406 130.0303 169.244 142.5299 95.38223 91.20084 97.63055 170.4457 188.2971 175.02 140.0926 202.0715
117.582 269.3563 226.887 181.6135 250.287 251.4714 233.1698 171.4913 149.1318 175.1148 173.6598 150.8468 146.0901 159.5866 297.8749 300.5112 298.0016 296.5651 303.1675 313.0307 326.9621 331.0239 329.595 322.7906 328.1238 26.18987 41.55073 48.63598 69.17609 65.50143 70.49755 73.93886 266.9872 252.8182 279.4623 287.418 292.3406 288.3758 280.6197 191.0235 241.7826 234.3447 223.2643 223.4684 112.9727 115.4915 115.3897 120.3706 135.7742 126.6643 147.7243 144.6944 129.3456 163.2528 164.5388 130.1731 106.2044 81.73283 63.43495 128.7966 170.3775 137.9401 231.8702
271.273 255.0942 173.8034 198.9649 254.4827 235.6604 218.6876 160.8748 133.4869 153.7243 164.5668 161.3702 168.6607 292.7009 304.6952 301.8384 295.3903 290.9266 295.3139 315.7985 322.7384 323.6103 322.6333 312.4385 326.091 26.11033 60.32322 81.00185 85.95798 71.56505 69.94391 64.31262 2.654547 337.2722 314.5226 284.4556 280.1755 270.2377 237.742 178.2101 240.7579 218.991 216.7076 212.7594 133.3153 121.8142 109.5563 94.05101 98.97263 100.8178 109.3845 121.9407 120.4504 140.6176 142.4543 119.1838 97.74034 84.06583 94.70206 105.3169 123.2408 104.5905 242.7984
21.37062 213.3664 237.8043 310.8851 307.3448 281.0765 213.8785 153.7186 146.5822 144.1388 141.6582 216.62 305.9863 307.0333 304.1849 306.2014 310.3286 298.6621 289.5193 297.0875 290.7849 282.1809 279.6458 285.8471 303.9803 45.34724 74.64445 77.70974 71.82391 54.11136 59.13319 49.65825 1.468801 345.5899 350.8376 292.423 267.6655 249.9767 218.8385 199.0156 214.1145 182.8156 193.0251 196.8295 153.0939 142.8471 136.6366 72.512 70.55997 76.35709 83.70457 90.20536 75.91328 38.57653 28.27608 38.23965 35.12061 39.21171 40.83708 12.12589 6.532934 16.62435 23.26616
250.9065 113.9625 283.8912 300.7077 334.0529 351.0274 123.2118 132.4776 143.5014 144.3654 126.3999 294.1807 295.6602 289.5443 272.6699 273.8237 291.8998 298.9469 283.2335 286.864 296.5651 307.6942 303.9465 281.1599 278.7132 62.90793 68.85329 59.09311 38.11281 25.96407 39.57319 33.13697 7.431408 343.5187 0.6365936 338.7587 299.5343 294.3792 300.6354 174.2894 168.1949 166.0162 188.4056 197.8876 168.0239 180 290.6589 69.63446 75.59779 73.90919 70.66813 42.09408 29.72541 4.377068 2.851456 23.7626 21.65717 33.36316 39.61902 8.217068 7.492822 27.47443 41.63354
