CHESS/xf_ws/geo/xf_ws.sthread30
ncols	177
nrows	146
xllcorner	799600
yllcorner	2.64717e+06
cellsize	200
NODATA_value	-9999
[rows 90 to 134 of 146, columns 0 to 95 of 177]
-9999 -9999 -9999 -9999 -9999 -9999 -9999 -9999 -9999 -9999 -9999 -9999 -9999 -9999 -9999 -9999 -9999 -9999 -9999 -9999 -9999 -9999 -9999 -9999 -9999 7 7 7 7 7 7 7 7 12 12 12 12 25 25 25 25 25 14 14 14 14 14 26 26 26 26 1 1 1 1 1 1 1 20 20 20 20 24 24 24 24 24 24 24 23 23 23 23 23 15 15 15 21 21 21 15 15 15 15 15 16 16 16 6 6 13 6 11 11 11 11
-9999 -9999 -9999 -9999 -9999 -9999 -9999 -9999 -9999 -9999 -9999 -9999 -9999 -9999 -9999 -9999 -9999 -9999 -9999 -9999 -9999 -9999 -9999 -9999 7 7 7 7 12 12 7 7 7 12 12 12 12 25 25 25 25 25 14 14 14 14 26 26 26 26 26 1 1 1 1 1 1 1 1 1 20 20 6 6 24 24 24 24 24 23 23 23 23 23 15 15 15 21 21 15 15 15 15 15 16 16 16 16 6 6 13 6 6 11 11 11
-9999 -9999 -9999 -9999 -9999 -9999 -9999 -9999 -9999 -9999 -9999 -9999 -9999 -9999 -9999 -9999 -9999 -9999 -9999 -9999 -9999 -9999 -9999 -9999 -9999 7 7 12 12 12 12 12 12 12 12 12 12 25 25 25 25 25 14 14 14 26 26 26 26 26 26 1 1 1 1 1 1 1 1 1 1 6 6 6 6 24 24 24 24 24 23 23 23 15 15 15 15 21 24 24 24 24 16 16 16 16 16 16 6 6 6 6 6 6 11 11
-9999 -9999 -9999 -9999 -9999 -9999 -9999 -9999 -9999 -9999 -9999 -9999 -9999 -9999 -9999 -9999 -9999 -9999 -9999 -9999 -9999 -9999 -9999 -9999 -9999 7 7 12 12 12 12 12 12 12 12 12 13 13 25 25 25 25 14 14 14 26 26 26 26 15 15 1 1 1 1 1 1 1 20 20 20 6 6 6 6 6 6 24 24 24 24 23 23 24 24 24 24 24 24 24 24 24 24 16 16 16 16 16 6 27 6 6 6 6 11 11
-9999 -9999 -9999 -9999 -9999 -9999 -9999 -9999 -9999 -9999 -9999 -9999 -9999 -9999 -9999 -9999 -9999 -9999 -9999 -9999 -9999 -9999 -9999 -9999 -9999 9 9 12 12 12 12 12 12 12 12 12 13 13 25 25 25 25 14 14 14 14 26 26 15 15 15 15 15 1 1 20 20 20 20 20 20 6 6 6 6 6 6 24 24 24 24 10 10 24 24 24 24 24 24 24 24 24 24 16 16 16 16 16 6 27 27 6 6 6 11 11
-9999 -9999 -9999 -9999 -9999 -9999 -9999 -9999 -9999 -9999 -9999 -9999 -9999 -9999 -9999 -9999 -9999 -9999 -9999 -9999 -9999 -9999 -9999 -9999 -9999 9 9 9 9 13 13 13 13 12 13 13 13 13 25 25 25 25 14 14 14 14 15 15 15 15 15 15 15 1 1 20 20 20 20 20 20 20 6 6 6 6 24 24 24 24 24 10 10 10 24 24 24 24 24 24 24 16 16 16 16 16 16 16 6 6 27 27 27 27 11 11
-9999 -9999 -9999 -9999 -9999 -9999 -9999 -9999 -9999 -9999 -9999 -9999 -9999 -9999 -9999 -9999 -9999 -9999 -9999 -9999 -9999 -9999 -9999 -9999 -9999 9 9 9 9 9 13 13 13 13 13 13 13 13 13 25 25 25 14 14 3 3 15 15 15 15 15 15 15 15 20 20 20 20 20 20 20 20 6 6 6 6 24 24 24 24 24 10 10 10 10 10 24 24 24 16 16 16 16 16 16 16 16 6 6 27 27 27 27 27 27 30
-9999 -9999 -9999 -9999 -9999 -9999 -9999 -9999 -9999 -9999 -9999 -9999 -9999 -9999 -9999 -9999 -9999 -9999 -9999 -9999 -9999 -9999 -9999 -9999 9 9 9 9 9 9 13 13 13 13 13 13 13 13 13 25 25 14 14 14 3 3 3 3 15 15 15 15 15 20 20 20 20 20 20 20 20 6 6 6 6 24 24 24 24 24 10 10 10 10 10 10 24 24 24 16 16 14 14 16 16 16 16 6 6 6 27 27 27 27 30 30
-9999 -9999 -9999 -9999 -9999 -9999 -9999 -9999 -9999 -9999 -9999 -9999 -9999 -9999 -9999 -9999 -9999 -9999 -9999 -9999 -9999 -9999 -9999 9 9 9 9 9 9 9 9 13 13 13 13 13 13 13 13 13 14 14 19 19 3 3 3 3 3 3 15 15 15 20 20 20 20 20 20 20 20 6 6 6 6 24 24 24 24 10 10 10 10 10 10 10 24 24 24 16 14 14 14 14 14 16 16 6 6 6 27 27 27 27 30 30
-9999 -9999 -9999 -9999 -9999 -9999 -9999 -9999 -9999 -9999 -9999 -9999 -9999 -9999 -9999 -9999 -9999 -9999 -9999 -9999 -9999 18 9 9 9 9 9 9 9 9 9 9 13 13 13 13 13 13 13 28 28 14 19 19 19 3 3 3 3 3 15 15 15 15 15 20 20 20 20 20 6 6 6 6 6 17 17 17 17 10 10 10 10 10 10 10 10 24 16 14 14 14 14 14 14 16 14 14 6 6 6 27 27 27 30 30
-9999 -9999 -9999 -9999 -9999 -9999 -9999 -9999 -9999 -9999 -9999 -9999 -9999 -9999 -9999 -9999 -9999 -9999 -9999 -9999 -9999 18 18 18 18 9 9 9 9 9 9 9 9 13 13 13 13 13 28 28 28 14 19 19 19 19 3 3 3 3 15 15 15 15 15 20 20 20 20 20 27 6 6 6 6 17 17 17 17 17 17 10 10 10 10 10 10 24 14 14 14 14 14 14 14 14 14 14 14 6 6 27 27 27 30 30
-9999 -9999 -9999 -9999 -9999 -9999 -9999 -9999 -9999 -9999 -9999 -9999 -9999 -9999 -9999 -9999 -9999 -9999 -9999 -9999 -9999 18 18 18 18 18 9 9 9 9 9 14 14 9 13 13 13 28 28 28 28 28 19 19 19 19 3 3 3 3 3 15 15 15 15 15 20 20 27 27 27 6 6 17 17 17 17 17 17 17 17 17 10 10 10 10 10 24 14 14 14 14 14 14 14 14 14 14 14 14 6 27 27 27 10 10
-9999 -9999 -9999 -9999 -9999 -9999 -9999 -9999 -9999 -9999 -9999 -9999 -9999 -9999 -9999 -9999 -9999 -9999 -9999 -9999 18 18 18 18 18 18 18 9 9 14 14 14 14 14 14 14 13 14 14 14 28 28 19 19 19 19 3 3 3 3 3 15 15 15 15 15 20 27 27 27 27 27 27 17 17 17 17 17 17 17 17 17 17 10 10 10 10 14 14 14 14 14 14 14 14 14 14 14 14 14 14 27 27 10 10 10
-9999 -9999 -9999 -9999 -9999 -9999 -9999 -9999 -9999 -9999 -9999 -9999 -9999 -9999 -9999 -9999 -9999 20 20 20 20 20 18 18 18 18 18 18 18 18 14 14 14 14 14 14 14 14 14 14 28 28 19 19 19 19 19 3 3 3 3 3 15 15 27 27 27 27 27 27 27 27 27 27 17 17 17 17 17 17 17 17 17 10 10 10 10 14 14 14 14 14 14 14 14 14 14 14 14 14 14 10 10 10 10 10
-9999 -9999 -9999 -9999 -9999 -9999 -9999 -9999 -9999 -9999 -9999 -9999 -9999 -9999 -9999 -9999 -9999 20 20 20 20 20 11 11 18 18 18 18 18 18 18 18 25 14 14 14 14 14 14 14 28 28 19 19 19 19 19 19 3 3 3 3 3 26 27 27 27 27 27 27 27 27 27 27 27 17 17 17 17 17 17 17 17 17 26 10 27 14 14 14 14 14 14 14 14 14 14 14 14 8 8 10 10 10 10 10
-9999 -9999 -9999 -9999 -9999 -9999 -9999 -9999 -9999 -9999 -9999 -9999 -9999 -9999 -9999 -9999 20 20 20 20 20 20 11 11 11 11 11 18 18 18 18 18 25 14 14 25 25 25 25 28 28 28 19 19 19 19 19 19 29 29 29 29 26 26 26 27 27 27 27 27 27 27 27 27 25 25 25 17 17 17 26 26 26 26 26 26 27 14 14 14 14 14 14 14 8 8 8 8 8 8 8 8 8 10 10 10
-9999 -9999 -9999 -9999 -9999 -9999 -9999 -9999 -9999 -9999 -9999 -9999 -9999 -9999 -9999 25 25 20 20 20 20 20 11 11 11 11 18 18 18 18 18 25 25 25 25 25 25 25 25 28 28 28 19 28 28 28 28 29 29 29 29 29 29 26 26 26 27 27 27 27 27 27 25 25 25 25 25 25 7 7 26 26 26 26 26 26 27 27 14 14 14 14 14 8 8 8 8 8 8 8 8 8 8 29 10 10
-9999 -9999 -9999 -9999 -9999 -9999 -9999 -9999 -9999 -9999 -9999 -9999 -9999 -9999 -9999 25 25 25 20 20 20 20 20 11 11 11 18 18 18 25 25 25 25 25 25 25 25 25 28 28 28 28 28 28 28 28 29 29 29 29 29 29 29 26 26 26 26 27 27 27 25 25 25 25 25 25 25 25 25 7 7 7 26 26 26 26 27 27 27 27 14 14 8 8 8 8 8 8 8 8 8 8 8 29 29 29
-9999 -9999 -9999 -9999 -9999 -9999 -9999 -9999 -9999 -9999 -9999 -9999 -9999 -9999 -9999 25 25 25 25 20 20 20 20 11 11 11 11 25 25 25 25 25 25 25 25 25 25 28 28 28 28 28 28 28 28 24 29 29 29 29 29 29 29 29 26 26 26 27 27 26 26 25 25 25 25 25 25 25 25 7 7 7 26 26 26 26 27 27 27 27 27 27 27 8 8 8 8 8 8 8 8 8 8 29 29 29
-9999 -9999 -9999 -9999 -9999 -9999 -9999 -9999 -9999 -9999 -9999 -9999 -9999 2 2 25 25 25 25 25 25 11 11 11 11 11 11 25 25 25 25 25 25 25 25 25 28 28 28 28 28 28 28 28 24 24 29 29 29 29 29 29 29 29 26 26 26 26 26 26 26 25 25 25 25 25 25 25 25 7 7 7 26 26 26 26 26 27 27 27 27 27 27 8 8 8 8 8 8 8 8 8 8 29 29 29
-9999 -9999 -9999 -9999 -9999 -9999 -9999 -9999 -9999 -9999 -9999 2 2 2 2 25 25 25 25 25 25 11 11 11 11 11 11 25 25 25 25 25 25 25 25 25 25 28 28 28 30 24 24 24 24 24 29 29 29 29 29 29 29 26 26 26 26 26 26 26 26 25 25 25 25 25 25 25 25 7 7 7 26 26 26 26 26 27 27 27 27 27 14 14 14 14 14 14 14 8 8 8 29 29 29 29
-9999 -9999 -9999 -9999 -9999 -9999 -9999 -9999 -9999 2 2 2 2 2 2 25 25 25 25 25 11 11 11 11 11 11 11 21 21 21 25 25 25 21 21 21 12 12 30 30 30 30 24 24 24 24 24 24 29 29 29 29 29 29 29 29 26 26 26 26 26 25 25 23 23 25 25 25 7 7 7 7 26 26 26 26 26 27 27 27 27 14 14 14 14 14 14 14 14 12 12 12 29 29 29 29
-9999 -9999 -9999 -9999 -9999 -9999 -9999 -9999 -9999 2 2 2 2 2 2 2 25 25 25 25 11 11 11 11 11 11 6 6 21 21 21 21 21 21 21 21 12 12 30 30 30 30 30 24 24 24 24 24 24 24 24 29 29 29 29 9 9 26 26 26 26 25 25 23 23 25 7 7 7 7 7 7 26 26 26 26 26 27 27 27 27 14 14 14 14 14 14 14 14 12 12 12 12 29 29 29
-9999 -9999 -9999 -9999 -9999 -9999 -9999 -9999 -9999 2 2 2 2 2 2 2 25 25 25 25 18 11 6 6 6 6 6 6 21 21 21 21 21 21 21 21 12 12 12 12 30 30 30 30 24 24 22 24 24 24 24 29 9 9 9 9 9 26 26 26 26 26 23 23 23 7 7 7 7 7 7 7 7 26 26 26 26 27 27 27 27 14 14 14 14 14 14 14 14 12 12 12 12 29 29 29
-9999 -9999 -9999 -9999 -9999 -9999 -9999 -9999 -9999 2 2 2 2 2 2 2 25 25 25 18 18 18 6 6 6 6 6 6 21 21 21 21 21 21 21 21 12 12 12 12 12 12 30 30 30 24 22 24 24 24 9 9 9 9 9 9 26 26 26 26 26 26 23 23 23 7 7 7 7 7 7 7 7 26 26 26 26 27 27 27 14 14 14 14 14 14 14 14 14 12 12 12 12 12 29 29
-9999 -9999 -9999 -9999 -9999 -9999 -9999 -9999 -9999 2 2 2 2 2 2 2 2 25 18 18 18 18 6 6 6 6 6 6 21 21 21 21 21 21 21 21 12 12 12 12 12 12 30 30 30 24 22 22 24 9 9 9 9 9 9 9 26 26 26 23 26 23 23 23 16 7 7 7 7 16 16 16 16 7 26 26 27 27 27 9 27 27 14 14 14 14 14 14 14 12 12 12 12 12 12 12
-9999 -9999 -9999 -9999 -9999 -9999 -9999 -9999 2 2 2 2 2 2 2 2 2 18 18 18 18 18 6 6 6 6 6 6 6 21 21 21 21 21 21 21 12 12 12 12 12 12 12 30 30 22 22 22 22 22 9 9 9 9 9 9 23 23 23 23 23 23 23 23 16 16 16 16 16 16 16 16 16 16 9 9 9 9 9 27 27 27 27 20 20 20 20 20 14 12 12 12 12 12 12 15
-9999 -9999 -9999 -9999 -9999 -9999 -9999 -9999 -9999 -9999 -9999 -9999 -9999 2 2 2 2 18 18 18 18 18 18 6 6 6 6 6 6 11 11 11 11 11 21 11 12 12 12 12 12 12 12 30 30 22 22 22 22 22 9 9 9 9 9 9 23 23 23 23 23 23 23 23 16 16 16 16 16 16 16 16 16 16 9 9 9 9 9 27 27 27 20 20 20 20 20 20 14 12 12 12 12 12 12 12
-9999 -9999 -9999 -9999 -9999 -9999 -9999 -9999 -9999 -9999 -9999 -9999 -9999 -9999 -9999 -9999 -9999 -9999 18 18 18 18 18 18 6 6 6 6 6 6 11 11 11 11 11 11 11 11 11 12 12 12 12 30 30 22 22 22 22 22 22 22 22 9 9 9 23 23 23 23 23 23 23 21 16 16 16 16 16 16 16 16 16 16 9 9 9 9 9 9 27 27 20 20 20 20 20 20 12 12 7 12 12 12 12 12
-9999 -9999 -9999 -9999 -9999 -9999 -9999 -9999 -9999 -9999 -9999 -9999 -9999 -9999 -9999 -9999 -9999 -9999 -9999 18 18 18 6 18 18 18 6 6 6 6 5 11 11 11 11 11 11 11 11 11 12 12 12 30 30 30 22 22 22 22 22 22 22 22 22 9 23 23 23 23 21 21 21 21 21 21 21 16 16 16 16 16 12 30 30 30 30 9 9 9 9 9 20 20 20 20 20 20 7 7 7 7 12 12 12 12
-9999 -9999 -9999 -9999 -9999 -9999 -9999 -9999 -9999 -9999 -9999 -9999 -9999 -9999 -9999 -9999 -9999 -9999 -9999 6 6 6 6 6 6 6 6 6 6 6 6 5 5 5 5 11 11 11 11 11 11 30 30 30 30 30 14 22 22 22 22 22 22 22 22 23 23 23 23 23 21 21 21 21 21 21 21 21 21 21 12 12 12 30 30 30 30 30 9 9 9 9 20 20 20 20 20 20 7 7 7 7 7 7 12 12
-9999 -9999 -9999 -9999 -9999 -9999 -9999 -9999 -9999 -9999 -9999 -9999 -9999 -9999 -9999 -9999 -9999 -9999 -9999 -9999 6 6 6 6 6 6 6 6 6 6 6 5 5 5 5 5 5 11 11 11 11 30 30 30 30 14 14 14 22 22 22 22 22 22 22 23 23 23 23 21 21 21 21 21 21 21 21 21 21 21 12 12 12 12 30 30 30 30 9 9 9 9 20 20 20 20 20 20 7 7 7 7 7 7 7 7
-9999 -9999 -9999 -9999 -9999 -9999 -9999 -9999 -9999 -9999 -9999 -9999 -9999 -9999 -9999 -9999 -9999 -9999 -9999 -9999 6 6 6 6 6 6 6 6 6 6 5 5 5 5 5 5 5 5 11 11 30 30 30 30 30 14 14 14 14 14 14 14 14 14 14 23 23 23 21 21 21 21 21 21 21 21 21 21 21 21 12 12 12 12 12 30 30 30 30 30 9 9 20 9 20 20 20 20 7 7 7 7 7 7 7 7
-9999 -9999 -9999 -9999 -9999 -9999 -9999 -9999 -9999 -9999 -9999 -9999 -9999 -9999 -9999 -9999 -9999 -9999 -9999 -9999 -9999 6 6 6 6 6 6 6 6 6 5 5 5 5 5 5 5 5 17 17 30 30 30 30 14 14 14 14 15 14 14 14 14 14 14 14 9 9 9 9 21 21 21 21 21 21 21 21 12 12 12 12 12 12 12 12 30 30 30 30 30 9 9 9 9 20 20 20 7 7 7 7 7 7 7 7
-9999 -9999 -9999 -9999 -9999 -9999 -9999 -9999 -9999 -9999 -9999 -9999 -9999 -9999 -9999 -9999 -9999 -9999 -9999 -9999 -9999 -9999 6 6 6 6 6 5 5 5 5 5 5 5 5 5 5 17 17 17 17 30 30 30 14 14 14 14 15 14 14 14 14 14 14 14 9 9 9 9 9 9 9 21 10 10 10 10 12 12 12 12 12 12 12 12 30 30 30 30 30 9 9 9 9 20 20 20 7 7 7 7 7 7 7 7
-9999 -9999 -9999 -9999 -9999 -9999 -9999 -9999 -9999 -9999 -9999 -9999 -9999 -9999 -9999 -9999 -9999 -9999 -9999 -9999 -9999 -9999 -9999 -9999 -9999 -9999 -9999 5 5 5 5 5 6 5 5 5 5 17 17 17 17 17 17 15 15 15 15 15 15 15 14 14 14 14 14 14 9 9 9 9 9 9 9 9 10 10 10 10 10 12 12 12 12 12 12 12 12 30 30 30 30 30 9 9 9 20 20 7 7 7 7 7 17 17 7 7
-9999 -9999 -9999 -9999 -9999 -9999 -9999 -9999 -9999 -9999 -9999 -9999 -9999 -9999 -9999 -9999 -9999 -9999 -9999 -9999 -9999 -9999 -9999 -9999 -9999 -9999 -9999 -9999 6 6 6 6 6 6 6 5 6 6 17 17 17 17 17 15 15 15 15 15 15 15 15 14 14 14 14 14 9 9 9 9 9 9 9 9 9 10 10 10 10 10 12 12 12 12 12 12 12 18 30 30 30 30 9 9 9 9 17 17 17 17 7 17 17 17 17 17
-9999 -9999 -9999 -9999 -9999 -9999 -9999 -9999 -9999 -9999 -9999 -9999 -9999 -9999 -9999 -9999 -9999 -9999 -9999 -9999 -9999 -9999 -9999 -9999 -9999 -9999 -9999 -9999 -9999 6 6 6 6 6 6 6 6 6 17 17 17 17 17 17 17 17 15 15 15 15 15 15 15 15 15 9 9 9 9 9 9 9 9 9 9 9 10 10 10 10 10 10 12 12 12 12 12 18 30 30 30 30 9 9 9 9 17 17 17 17 17 17 17 17 17 17
-9999 -9999 -9999 -9999 -9999 -9999 -9999 -9999 -9999 -9999 -9999 -9999 -9999 -9999 -9999 -9999 -9999 -9999 -9999 -9999 -9999 -9999 -9999 -9999 -9999 -9999 -9999 -9999 -9999 -9999 6 6 6 6 6 6 6 6 17 17 17 17 17 17 17 17 15 15 15 15 15 15 15 15 -9999 -9999 9 9 9 9 9 9 9 9 9 10 10 10 10 10 10 10 18 18 18 18 18 18 18 30 30 30 9 9 9 17 17 17 17 17 17 17 17 26 26 26
-9999 -9999 -9999 -9999 -9999 -9999 -9999 -9999 -9999 -9999 -9999 -9999 -9999 -9999 -9999 -9999 -9999 -9999 -9999 -9999 -9999 -9999 -9999 -9999 -9999 -9999 -9999 -9999 -9999 -9999 -9999 6 6 6 6 6 6 6 -9999 -9999 -9999 -9999 -9999 17 17 17 15 15 15 15 15 15 15 -9999 -9999 -9999 -9999 9 9 9 9 9 9 10 10 10 10 10 10 10 10 18 18 18 18 18 18 18 18 18 30 30 9 9 17 17 17 17 17 17 26 26 26 26 26 26
-9999 -9999 -9999 -9999 -9999 -9999 -9999 -9999 -9999 -9999 -9999 -9999 -9999 -9999 -9999 -9999 -9999 -9999 -9999 -9999 -9999 -9999 -9999 -9999 -9999 -9999 -9999 -9999 -9999 -9999 -9999 6 6 6 6 6 6 6 -9999 -9999 -9999 -9999 -9999 17 17 17 17 15 15 15 15 15 15 -9999 -9999 -9999 -9999 -9999 -9999 -9999 -9999 -9999 -9999 10 10 10 10 10 10 10 10 7 7 7 18 18 18 18 18 18 18 18 9 9 9 9 17 11 17 26 26 26 26 26 26 26
-9999 -9999 -9999 -9999 -9999 -9999 -9999 -9999 -9999 -9999 -9999 -9999 -9999 -9999 -9999 -9999 -9999 -9999 -9999 -9999 -9999 -9999 -9999 -9999 -9999 -9999 -9999 -9999 -9999 -9999 -9999 -9999 6 6 6 6 6 -9999 -9999 -9999 -9999 -9999 -9999 -9999 17 17 17 17 15 15 15 15 15 -9999 -9999 -9999 -9999 -9999 -9999 -9999 -9999 -9999 -9999 -9999 10 10 10 10 10 10 7 7 7 7 7 18 18 18 18 18 18 18 9 9 9 9 11 11 11 17 11 26 26 26 26 26
-9999 -9999 -9999 -9999 -9999 -9999 -9999 -9999 -9999 -9999 -9999 -9999 -9999 -9999 -9999 -9999 -9999 -9999 -9999 -9999 -9999 -9999 -9999 -9999 -9999 -9999 -9999 -9999 -9999 -9999 -9999 -9999 -9999 -9999 6 -9999 -9999 -9999 -9999 -9999 -9999 -9999 -9999 -9999 -9999 17 17 -9999 -9999 -9999 15 15 -9999 -9999 -9999 -9999 -9999 -9999 -9999 -9999 -9999 -9999 -9999 -9999 -9999 -9999 10 10 10 10 7 7 7 7 7 18 18 18 18 18 18 18 9 9 9 9 11 11 11 11 11 11 26 26 26 26
-9999 -9999 -9999 -9999 -9999 -9999 -9999 -9999 -9999 -9999 -9999 -9999 -9999 -9999 -9999 -9999 -9999 -9999 -9999 -9999 -9999 -9999 -9999 -9999 -9999 -9999 -9999 -9999 -9999 -9999 -9999 -9999 -9999 -9999 -9999 -9999 -9999 -9999 -9999 -9999 -9999 -9999 -9999 -9999 -9999 -9999 -9999 -9999 -9999 -9999 -9999 15 -9999 -9999 -9999 -9999 -9999 -9999 -9999 -9999 -9999 -9999 -9999 -9999 -9999 -9999 -9999 10 7 7 7 7 7 7 7 7 18 18 18 18 18 18 9 9 9 9 11 11 11 11 11 11 11 11 11 11
-9999 -9999 -9999 -9999 -9999 -9999 -9999 -9999 -9999 -9999 -9999 -9999 -9999 -9999 -9999 -9999 -9999 -9999 -9999 -9999 -9999 -9999 -9999 -9999 -9999 -9999 -9999 -9999 -9999 -9999 -9999 -9999 -9999 -9999 -9999 -9999 -9999 -9999 -9999 -9999 -9999 -9999 -9999 -9999 -9999 -9999 -9999 -9999 -9999 -9999 -9999 -9999 -9999 -9999 -9999 -9999 -9999 -9999 -9999 -9999 -9999 -9999 -9999 -9999 -9999 -9999 -9999 -9999 7 7 7 7 7 7 18 18 18 18 18 18 18 -9999 -9999 9 9 9 11 11 11 11 11 11 11 11 11 11
