CHESS/xf_ws/geo/xf_ws.sthread30
ncols	177
nrows	146
xllcorner	799600
yllcorner	2.64717e+06
cellsize	200
NODATA_value	-9999
[rows 45 to 89 of 146, columns 0 to 95 of 177]
-9999 -9999 -9999 -9999 -9999 -9999 -9999 -9999 -9999 -9999 -9999 -9999 -9999 -9999 -9999 -9999 -9999 -9999 -9999 -9999 -9999 -9999 -9999 -9999 -9999 -9999 -9999 -9999 -9999 -9999 -9999 -9999 -9999 -9999 -9999 -9999 -9999 -9999 -9999 -9999 -9999 -9999 1 26 26 26 26 26 26 26 26 26 15 15 15 22 22 22 23 23 23 23 23 23 23 3 3 3 3 3 3 3 30 30 30 12 12 12 29 29 29 29 29 29 29 29 29 29 19 29 29 29 7 7 7 7
-9999 -9999 -9999 -9999 -9999 -9999 -9999 -9999 -9999 -9999 -9999 -9999 -9999 -9999 -9999 -9999 -9999 -9999 -9999 -9999 -9999 -9999 -9999 -9999 -9999 -9999 -9999 -9999 -9999 -9999 -9999 -9999 -9999 -9999 -9999 -9999 -9999 -9999 -9999 -9999 -9999 -9999 26 26 26 26 26 26 26 26 26 26 26 15 15 22 15 15 23 23 23 23 23 23 23 3 3 3 3 3 3 3 30 30 30 30 29 29 29 29 29 29 29 29 29 29 29 29 29 29 29 29 7 7 7 7
-9999 -9999 -9999 -9999 -9999 -9999 -9999 -9999 -9999 -9999 -9999 -9999 -9999 -9999 -9999 -9999 -9999 -9999 -9999 -9999 -9999 -9999 -9999 -9999 -9999 -9999 -9999 -9999 -9999 -9999 -9999 -9999 -9999 -9999 -9999 -9999 -9999 -9999 -9999 -9999 -9999 -9999 26 26 26 26 15 15 15 15 15 15 15 15 15 15 15 15 23 23 23 23 23 23 23 3 3 3 3 3 3 30 30 30 30 30 30 29 29 29 29 29 29 29 29 29 29 29 29 29 29 29 7 7 7 7
-9999 -9999 -9999 -9999 -9999 -9999 -9999 -9999 -9999 -9999 -9999 -9999 -9999 -9999 -9999 -9999 -9999 -9999 -9999 -9999 -9999 -9999 -9999 -9999 -9999 -9999 -9999 -9999 -9999 -9999 -9999 -9999 -9999 -9999 -9999 -9999 -9999 -9999 -9999 -9999 -9999 -9999 26 26 15 15 15 15 15 15 15 15 15 15 15 15 15 15 23 23 23 23 29 29 3 3 3 3 3 3 30 30 30 30 30 30 30 30 29 29 29 29 29 29 29 29 29 13 13 29 29 29 7 7 7 7
-9999 -9999 -9999 -9999 -9999 -9999 -9999 -9999 -9999 -9999 -9999 -9999 -9999 -9999 -9999 -9999 -9999 -9999 -9999 -9999 -9999 -9999 -9999 -9999 -9999 -9999 -9999 -9999 -9999 -9999 -9999 -9999 -9999 -9999 -9999 -9999 -9999 -9999 -9999 -9999 -9999 -9999 15 15 15 15 15 15 15 15 15 15 15 29 29 29 29 29 29 23 29 29 29 29 29 29 3 3 8 8 8 8 10 10 30 30 30 30 30 29 29 29 29 29 29 13 13 13 13 13 13 7 7 7 7 7
-9999 -9999 -9999 -9999 -9999 -9999 -9999 -9999 -9999 -9999 -9999 -9999 -9999 -9999 -9999 -9999 -9999 -9999 -9999 -9999 -9999 -9999 -9999 -9999 -9999 -9999 -9999 -9999 -9999 -9999 -9999 -9999 -9999 -9999 -9999 -9999 -9999 -9999 -9999 -9999 -9999 -9999 7 7 15 15 15 15 7 7 7 7 7 15 15 15 29 29 29 29 29 29 29 29 29 29 29 8 8 8 8 8 8 10 10 10 10 30 30 30 29 29 29 29 13 13 13 13 13 13 10 10 10 7 7 7
-9999 -9999 -9999 -9999 -9999 -9999 -9999 -9999 -9999 -9999 -9999 -9999 -9999 -9999 -9999 -9999 -9999 -9999 -9999 -9999 -9999 -9999 -9999 -9999 -9999 -9999 -9999 -9999 -9999 -9999 -9999 -9999 -9999 -9999 -9999 -9999 -9999 -9999 -9999 -9999 -9999 -9999 7 7 7 7 7 7 7 7 7 7 7 7 15 15 15 15 29 29 29 29 29 29 29 29 29 8 8 8 8 8 8 8 10 10 10 30 30 29 29 29 29 13 13 13 13 13 10 10 10 10 10 10 10 7
-9999 -9999 -9999 -9999 -9999 -9999 -9999 -9999 -9999 -9999 -9999 -9999 -9999 -9999 -9999 -9999 -9999 -9999 -9999 -9999 -9999 -9999 -9999 -9999 -9999 -9999 -9999 -9999 -9999 -9999 -9999 -9999 -9999 -9999 -9999 -9999 -9999 -9999 -9999 -9999 -9999 7 7 7 7 7 7 7 7 7 7 7 7 7 7 15 15 15 29 29 29 29 29 29 29 29 29 8 8 8 8 8 8 8 10 10 10 30 30 29 29 13 13 13 13 13 13 10 10 10 10 10 10 10 10 10
-9999 -9999 -9999 -9999 -9999 -9999 -9999 -9999 -9999 -9999 -9999 -9999 -9999 -9999 -9999 -9999 -9999 -9999 -9999 -9999 -9999 -9999 -9999 -9999 -9999 -9999 -9999 -9999 -9999 -9999 -9999 -9999 -9999 -9999 -9999 -9999 -9999 -9999 -9999 -9999 -9999 7 7 7 7 7 7 7 7 7 7 7 7 7 15 15 15 15 15 15 29 29 29 29 29 29 8 8 8 8 8 8 10 10 10 10 10 13 13 13 13 13 13 13 13 13 16 10 10 10 10 10 10 10 10 10
-9999 -9999 -9999 -9999 -9999 -9999 -9999 -9999 -9999 -9999 -9999 -9999 -9999 -9999 -9999 -9999 -9999 -9999 -9999 -9999 -9999 -9999 -9999 -9999 -9999 -9999 -9999 -9999 -9999 -9999 -9999 -9999 -9999 -9999 -9999 -9999 -9999 -9999 -9999 18 18 22 22 22 22 7 7 7 7 7 7 7 7 21 15 15 15 15 15 15 15 15 15 15 15 29 8 8 10 10 10 10 10 10 10 10 10 13 13 13 13 13 13 13 16 16 16 10 10 10 10 10 10 10 10 10
-9999 -9999 -9999 -9999 -9999 -9999 -9999 -9999 -9999 -9999 -9999 -9999 -9999 -9999 -9999 -9999 -9999 -9999 -9999 -9999 -9999 -9999 -9999 -9999 -9999 -9999 -9999 -9999 -9999 -9999 -9999 -9999 -9999 -9999 -9999 -9999 -9999 -9999 18 18 18 22 22 22 22 22 24 24 24 24 24 21 21 21 21 21 15 15 15 15 15 15 15 15 15 9 9 9 10 10 10 10 10 10 7 10 10 13 13 13 13 13 13 16 16 16 10 10 10 10 10 10 10 10 10 26
-9999 -9999 -9999 -9999 -9999 -9999 -9999 -9999 -9999 -9999 -9999 -9999 -9999 -9999 -9999 -9999 -9999 -9999 -9999 -9999 -9999 -9999 -9999 -9999 -9999 -9999 -9999 -9999 -9999 -9999 -9999 -9999 -9999 -9999 -9999 -9999 -9999 -9999 18 18 18 18 22 22 22 22 22 24 24 24 24 21 21 21 21 21 21 15 15 15 15 15 15 15 9 9 9 9 10 10 10 10 10 7 7 7 7 13 13 13 13 16 16 16 16 10 10 10 10 10 10 10 26 26 26 26
-9999 -9999 -9999 -9999 -9999 -9999 -9999 -9999 -9999 -9999 -9999 -9999 -9999 -9999 -9999 -9999 -9999 -9999 -9999 -9999 -9999 -9999 -9999 -9999 -9999 -9999 -9999 -9999 -9999 -9999 -9999 -9999 -9999 -9999 -9999 -9999 -9999 -9999 18 18 18 18 22 22 22 22 22 22 24 24 24 21 21 21 21 21 21 21 15 15 15 15 15 9 9 9 9 9 10 10 10 10 7 7 7 7 7 13 16 16 16 16 16 16 16 10 10 16 16 16 16 26 26 26 26 26
-9999 -9999 -9999 -9999 -9999 -9999 -9999 -9999 -9999 -9999 -9999 -9999 -9999 -9999 -9999 -9999 -9999 -9999 -9999 -9999 -9999 -9999 -9999 -9999 -9999 -9999 -9999 -9999 -9999 -9999 -9999 -9999 -9999 -9999 -9999 -9999 -9999 18 18 18 18 18 22 22 22 22 22 22 22 24 24 24 21 21 21 21 21 21 21 15 15 9 9 9 9 9 9 9 10 10 10 7 7 7 7 7 16 16 16 16 16 16 16 16 16 16 16 16 16 16 16 26 26 26 26 26
-9999 -9999 -9999 -9999 -9999 -9999 -9999 -9999 -9999 -9999 -9999 -9999 -9999 -9999 -9999 -9999 -9999 -9999 -9999 -9999 -9999 -9999 -9999 -9999 -9999 -9999 -9999 -9999 -9999 -9999 -9999 -9999 -9999 -9999 -9999 -9999 -9999 18 18 18 18 18 20 17 22 22 22 22 22 22 24 24 21 21 21 21 21 21 21 9 9 9 9 9 9 9 9 9 22 10 7 7 7 7 7 7 16 16 16 16 16 16 16 16 16 16 16 16 16 16 26 26 26 26 26 26
-9999 -9999 -9999 -9999 -9999 -9999 -9999 -9999 -9999 -9999 -9999 -9999 -9999 -9999 -9999 -9999 -9999 -9999 -9999 -9999 -9999 -9999 -9999 -9999 -9999 -9999 -9999 -9999 -9999 -9999 -9999 -9999 -9999 -9999 -9999 -9999 -9999 18 18 18 18 18 20 17 17 22 22 22 22 22 24 24 21 21 21 21 21 21 21 9 9 9 9 9 9 22 22 22 22 22 7 7 7 7 7 7 16 16 16 16 16 16 16 16 16 16 16 16 8 8 8 8 26 26 26 26
-9999 -9999 -9999 -9999 -9999 -9999 -9999 -9999 -9999 -9999 -9999 -9999 -9999 -9999 -9999 -9999 -9999 -9999 -9999 -9999 -9999 -9999 -9999 -9999 -9999 -9999 -9999 -9999 -9999 -9999 -9999 -9999 -9999 -9999 -9999 -9999 -9999 18 18 18 18 18 20 20 17 17 22 22 22 22 22 24 21 21 21 21 21 21 21 9 9 9 9 22 22 22 22 22 22 22 7 7 7 7 6 6 5 5 5 5 16 16 16 16 16 16 16 8 8 8 8 8 8 26 26 26
-9999 -9999 -9999 -9999 -9999 -9999 -9999 -9999 -9999 -9999 -9999 -9999 -9999 -9999 -9999 -9999 -9999 -9999 -9999 -9999 -9999 -9999 -9999 -9999 -9999 -9999 -9999 -9999 -9999 -9999 -9999 -9999 -9999 -9999 -9999 -9999 -9999 -9999 18 18 18 18 20 20 17 17 17 22 22 22 24 24 21 21 21 21 21 21 9 9 9 9 22 22 22 22 22 22 22 22 7 6 6 6 6 6 5 5 5 5 5 16 16 16 16 16 16 8 8 8 8 8 8 26 26 26
-9999 -9999 -9999 -9999 -9999 -9999 -9999 -9999 -9999 -9999 -9999 -9999 -9999 -9999 -9999 -9999 -9999 -9999 -9999 -9999 -9999 -9999 -9999 -9999 -9999 -9999 -9999 -9999 -9999 -9999 -9999 -9999 -9999 -9999 -9999 -9999 -9999 -9999 20 20 20 18 18 20 20 17 17 22 22 24 24 24 24 24 24 24 24 24 9 9 9 9 9 22 22 22 22 22 22 6 6 6 6 6 6 6 6 5 5 5 5 22 16 16 16 16 8 8 8 8 8 8 8 8 26 26
-9999 -9999 -9999 -9999 -9999 -9999 -9999 -9999 -9999 -9999 -9999 -9999 -9999 -9999 -9999 -9999 -9999 -9999 -9999 -9999 -9999 -9999 -9999 -9999 -9999 -9999 -9999 -9999 -9999 -9999 -9999 -9999 -9999 -9999 -9999 -9999 -9999 -9999 -9999 20 20 20 20 20 17 17 17 17 24 24 24 24 24 24 24 24 24 24 28 28 28 28 28 28 28 22 22 22 6 6 6 6 6 6 6 6 6 6 5 5 5 22 22 22 22 16 8 8 8 8 8 8 8 26 26 26
-9999 -9999 -9999 -9999 -9999 -9999 -9999 -9999 -9999 -9999 -9999 -9999 -9999 -9999 -9999 -9999 -9999 -9999 -9999 -9999 -9999 -9999 -9999 -9999 -9999 -9999 -9999 -9999 -9999 -9999 -9999 -9999 -9999 -9999 -9999 -9999 -9999 -9999 -9999 20 20 20 20 20 17 17 17 17 24 24 24 24 24 24 24 24 24 28 28 28 28 28 28 28 28 22 22 22 27 6 6 6 6 5 6 6 6 5 5 22 22 22 22 22 22 22 8 8 8 8 8 8 8 26 26 26
-9999 -9999 -9999 -9999 -9999 -9999 -9999 -9999 -9999 -9999 -9999 -9999 -9999 -9999 -9999 -9999 -9999 -9999 -9999 -9999 -9999 -9999 -9999 -9999 -9999 -9999 -9999 -9999 -9999 -9999 -9999 -9999 -9999 -9999 -9999 -9999 -9999 -9999 -9999 20 20 20 20 17 17 17 17 2 2 2 2 2 24 24 24 21 28 28 28 28 28 28 28 27 28 28 22 27 27 27 27 27 5 5 5 5 5 22 22 22 22 22 22 22 22 22 22 8 8 8 8 8 8 8 25 25
-9999 -9999 -9999 -9999 -9999 -9999 -9999 -9999 -9999 -9999 -9999 -9999 -9999 -9999 -9999 -9999 -9999 -9999 -9999 -9999 -9999 -9999 -9999 -9999 -9999 -9999 -9999 -9999 -9999 -9999 -9999 -9999 -9999 -9999 -9999 -9999 -9999 -9999 -9999 20 20 20 20 17 17 17 17 2 2 2 2 2 24 24 21 21 28 28 28 28 28 28 27 27 27 27 27 27 27 27 27 27 27 5 5 5 5 22 22 22 22 22 22 22 22 22 22 8 8 8 8 8 25 25 25 25
-9999 -9999 -9999 -9999 -9999 -9999 -9999 -9999 -9999 -9999 -9999 -9999 -9999 -9999 -9999 -9999 -9999 -9999 -9999 -9999 -9999 -9999 -9999 -9999 -9999 -9999 -9999 -9999 -9999 -9999 -9999 -9999 -9999 -9999 -9999 -9999 -9999 -9999 -9999 20 20 20 17 17 17 2 2 2 2 2 21 21 21 21 21 21 28 28 28 28 28 27 27 27 27 27 27 27 27 27 27 27 27 5 5 5 22 22 22 22 22 22 22 22 22 22 22 8 8 8 8 25 25 25 25 25
-9999 -9999 -9999 -9999 -9999 -9999 -9999 -9999 -9999 -9999 -9999 -9999 -9999 -9999 -9999 -9999 -9999 -9999 -9999 -9999 -9999 -9999 -9999 -9999 -9999 -9999 -9999 -9999 -9999 -9999 -9999 -9999 -9999 -9999 -9999 -9999 -9999 -9999 -9999 20 20 20 17 17 2 2 2 2 2 2 21 21 21 21 21 21 21 28 28 28 27 27 27 27 27 27 27 18 27 27 27 27 27 5 5 5 22 22 22 22 22 22 14 14 22 22 22 14 14 14 14 25 25 25 25 25
-9999 -9999 -9999 -9999 -9999 -9999 -9999 -9999 -9999 -9999 -9999 -9999 -9999 -9999 -9999 -9999 -9999 -9999 -9999 -9999 -9999 -9999 -9999 -9999 -9999 -9999 -9999 -9999 -9999 -9999 -9999 -9999 -9999 -9999 -9999 -9999 -9999 -9999 -9999 20 20 2 2 2 2 2 2 2 2 21 21 21 21 21 21 21 21 27 27 27 27 27 27 17 17 17 18 18 18 27 27 27 27 5 5 5 22 4 4 4 4 14 14 14 14 14 14 14 14 14 14 14 14 14 25 25
-9999 -9999 -9999 -9999 -9999 -9999 -9999 -9999 -9999 -9999 -9999 -9999 -9999 -9999 -9999 -9999 -9999 -9999 -9999 -9999 -9999 -9999 -9999 -9999 -9999 -9999 -9999 -9999 -9999 -9999 -9999 -9999 -9999 -9999 -9999 -9999 -9999 -9999 -9999 20 20 2 2 2 2 2 2 2 2 21 21 21 21 7 7 7 27 27 27 27 27 17 17 17 17 17 18 18 18 18 27 27 27 27 27 4 4 4 4 4 4 14 14 14 14 14 14 14 14 14 14 14 14 14 25 25
-9999 -9999 -9999 -9999 -9999 -9999 -9999 -9999 -9999 -9999 -9999 -9999 -9999 -9999 -9999 -9999 -9999 -9999 -9999 -9999 -9999 -9999 -9999 -9999 -9999 -9999 -9999 -9999 -9999 -9999 -9999 -9999 -9999 -9999 -9999 -9999 -9999 -9999 -9999 -9999 2 2 2 2 2 2 25 25 25 25 25 25 7 7 7 7 27 27 27 17 17 17 17 17 17 17 18 18 18 18 27 27 27 27 9 4 4 4 4 4 4 4 4 4 14 14 14 14 14 14 14 14 14 14 25 25
-9999 -9999 -9999 -9999 -9999 -9999 -9999 -9999 -9999 -9999 -9999 -9999 -9999 -9999 -9999 -9999 -9999 -9999 -9999 -9999 -9999 -9999 -9999 -9999 -9999 -9999 -9999 -9999 -9999 -9999 -9999 -9999 -9999 -9999 -9999 -9999 -9999 -9999 -9999 -9999 -9999 2 2 2 2 25 25 25 25 25 25 7 7 7 7 7 27 27 27 17 17 17 17 17 17 17 18 18 18 18 18 27 27 27 9 9 4 4 4 4 4 4 4 4 4 14 14 14 14 14 14 14 14 14 14 17
-9999 -9999 -9999 -9999 -9999 -9999 -9999 -9999 -9999 -9999 -9999 -9999 -9999 -9999 -9999 -9999 -9999 -9999 -9999 -9999 -9999 -9999 -9999 -9999 -9999 -9999 -9999 -9999 -9999 -9999 -9999 -9999 -9999 -9999 -9999 -9999 -9999 -9999 -9999 -9999 -9999 2 2 2 2 25 25 25 25 25 25 7 7 7 7 7 27 27 17 17 17 17 17 17 17 17 18 18 18 18 18 18 27 27 9 9 9 9 4 4 4 4 4 4 4 14 14 14 17 17 17 17 17 17 17 17
-9999 -9999 -9999 -9999 -9999 -9999 -9999 -9999 -9999 -9999 -9999 -9999 -9999 -9999 -9999 -9999 -9999 -9999 -9999 -9999 -9999 -9999 -9999 -9999 -9999 -9999 -9999 -9999 -9999 -9999 -9999 -9999 -9999 -9999 -9999 -9999 -9999 -9999 -9999 -9999 -9999 -9999 25 25 25 25 25 25 25 25 25 7 7 7 7 7 27 17 17 17 17 17 17 17 17 17 18 18 18 18 18 18 18 18 9 9 9 9 9 4 4 4 4 4 4 21 21 21 17 17 17 17 17 17 17 17
-9999 -9999 -9999 -9999 -9999 -9999 -9999 -9999 -9999 -9999 -9999 -9999 -9999 -9999 -9999 -9999 -9999 -9999 -9999 -9999 -9999 -9999 -9999 -9999 -9999 -9999 -9999 -9999 -9999 -9999 -9999 -9999 -9999 -9999 -9999 -9999 -9999 -9999 -9999 -9999 -9999 -9999 25 25 25 25 25 25 25 25 7 7 7 7 7 1 1 1 17 17 17 17 17 17 17 14 14 18 18 18 18 18 18 8 8 9 9 9 9 4 4 4 4 4 4 21 21 21 21 17 17 17 17 17 17 17
-9999 -9999 -9999 -9999 -9999 -9999 -9999 -9999 -9999 -9999 -9999 -9999 -9999 -9999 -9999 -9999 -9999 -9999 -9999 -9999 -9999 -9999 -9999 -9999 -9999 -9999 -9999 -9999 -9999 -9999 -9999 -9999 -9999 -9999 -9999 -9999 -9999 -9999 -9999 -9999 -9999 -9999 25 25 25 25 25 25 25 25 7 7 7 7 7 1 1 1 1 17 17 17 17 17 14 14 14 18 18 18 18 18 8 8 8 9 9 9 9 9 9 9 4 21 21 21 21 21 21 17 17 17 17 17 17 17
-9999 -9999 -9999 -9999 -9999 -9999 -9999 -9999 -9999 -9999 -9999 -9999 -9999 -9999 -9999 -9999 -9999 -9999 -9999 -9999 -9999 -9999 -9999 -9999 -9999 -9999 -9999 -9999 -9999 -9999 -9999 -9999 -9999 -9999 -9999 -9999 -9999 -9999 -9999 -9999 -9999 -9999 25 25 25 25 25 25 25 25 7 7 7 7 1 1 1 1 1 1 5 14 17 14 14 14 18 18 18 18 18 18 8 8 8 8 9 9 9 9 9 9 9 9 21 21 21 21 21 17 17 17 17 17 17 17
-9999 -9999 -9999 -9999 -9999 -9999 -9999 -9999 -9999 -9999 -9999 -9999 -9999 -9999 -9999 -9999 -9999 -9999 -9999 -9999 -9999 -9999 -9999 -9999 -9999 -9999 -9999 -9999 -9999 -9999 -9999 -9999 -9999 -9999 -9999 -9999 -9999 -9999 -9999 -9999 4 4 4 4 19 19 25 25 19 19 19 19 19 19 1 1 1 1 1 1 5 14 14 14 14 14 8 18 18 18 18 8 8 8 8 8 9 9 9 9 9 9 9 9 21 21 21 21 21 21 17 17 17 17 17 1
-9999 -9999 -9999 -9999 -9999 -9999 -9999 -9999 -9999 -9999 -9999 -9999 -9999 -9999 -9999 -9999 -9999 -9999 -9999 -9999 -9999 -9999 -9999 -9999 -9999 -9999 -9999 -9999 -9999 -9999 -9999 -9999 -9999 -9999 -9999 -9999 -9999 -9999 -9999 4 4 4 4 4 19 19 19 19 19 19 19 19 19 19 1 1 1 1 1 1 5 5 14 14 14 14 8 8 18 18 18 8 8 8 8 8 15 15 15 9 9 9 9 9 21 21 21 21 21 21 17 17 17 28 28 28
-9999 -9999 -9999 -9999 -9999 -9999 -9999 -9999 -9999 -9999 -9999 -9999 -9999 -9999 -9999 -9999 -9999 -9999 -9999 -9999 -9999 -9999 -9999 -9999 -9999 -9999 -9999 -9999 -9999 -9999 -9999 -9999 -9999 -9999 -9999 -9999 -9999 -9999 -9999 4 4 4 4 4 4 4 19 19 19 19 19 19 19 19 19 1 1 1 5 5 5 5 14 14 14 14 8 8 8 8 8 8 8 8 8 21 21 15 15 15 9 9 9 9 21 21 21 21 21 21 21 21 28 28 28 28
-9999 -9999 -9999 -9999 -9999 -9999 -9999 -9999 -9999 -9999 -9999 -9999 -9999 -9999 -9999 -9999 -9999 -9999 -9999 -9999 -9999 -9999 -9999 -9999 -9999 -9999 -9999 -9999 -9999 -9999 -9999 -9999 -9999 -9999 -9999 -9999 -9999 -9999 -9999 4 4 4 4 4 4 4 19 19 19 19 19 19 19 1 1 1 5 5 5 5 5 14 14 14 14 14 8 8 8 8 8 8 8 8 15 21 21 21 15 15 9 9 9 9 21 21 21 21 21 21 21 21 28 28 28 28
-9999 -9999 -9999 -9999 -9999 -9999 -9999 -9999 -9999 -9999 -9999 -9999 -9999 -9999 -9999 -9999 -9999 -9999 -9999 -9999 -9999 -9999 -9999 -9999 -9999 -9999 -9999 -9999 -9999 -9999 -9999 -9999 -9999 -9999 -9999 -9999 -9999 -9999 -9999 4 4 4 4 4 4 4 4 19 19 19 19 19 19 1 1 5 5 5 5 5 5 14 14 14 14 14 14 8 8 8 8 8 15 15 15 21 21 21 15 15 15 9 9 9 13 13 13 21 21 21 13 13 28 28 28 28
-9999 -9999 -9999 -9999 -9999 -9999 -9999 -9999 -9999 -9999 -9999 -9999 -9999 -9999 -9999 -9999 -9999 -9999 -9999 -9999 -9999 -9999 -9999 -9999 -9999 -9999 -9999 -9999 -9999 -9999 -9999 -9999 -9999 -9999 -9999 -9999 -9999 -9999 -9999 4 4 4 4 4 4 4 4 19 19 19 19 19 1 1 1 5 5 5 5 5 20 20 14 14 20 14 14 14 8 8 8 15 15 15 15 21 21 21 15 15 15 15 15 15 13 13 13 21 21 21 13 13 11 11 11 11
-9999 -9999 -9999 -9999 -9999 -9999 -9999 -9999 -9999 -9999 -9999 -9999 -9999 -9999 -9999 -9999 -9999 -9999 -9999 -9999 -9999 -9999 -9999 -9999 -9999 -9999 -9999 -9999 -9999 -9999 -9999 -9999 -9999 -9999 -9999 -9999 -9999 -9999 4 4 4 4 4 4 4 4 4 19 19 19 19 1 1 1 5 5 5 5 5 5 20 20 20 20 14 14 14 14 15 15 15 15 15 15 15 15 21 21 21 15 15 15 15 15 13 13 13 13 13 13 13 13 11 11 11 11
-9999 -9999 -9999 -9999 -9999 -9999 -9999 -9999 -9999 -9999 -9999 -9999 -9999 -9999 -9999 -9999 -9999 -9999 -9999 -9999 -9999 -9999 -9999 -9999 -9999 7 -9999 -9999 7 7 7 7 7 12 12 12 12 25 25 4 4 14 4 4 4 14 14 14 19 19 19 1 1 5 5 5 5 5 5 5 20 20 20 20 14 14 14 14 15 15 15 15 15 15 15 15 21 21 21 15 15 15 15 15 15 13 13 13 13 13 13 13 11 11 11 11
-9999 -9999 -9999 -9999 -9999 -9999 -9999 -9999 -9999 -9999 -9999 -9999 -9999 -9999 -9999 -9999 -9999 -9999 -9999 -9999 -9999 -9999 -9999 -9999 -9999 7 7 7 7 7 7 7 7 12 12 12 12 25 25 25 25 14 14 4 14 14 14 26 26 26 26 1 1 1 20 5 5 5 5 5 20 20 20 20 14 14 14 24 23 23 23 15 15 15 15 15 21 21 21 21 15 15 15 15 15 15 13 13 13 13 13 13 13 11 11 11
-9999 -9999 -9999 -9999 -9999 -9999 -9999 -9999 -9999 -9999 -9999 -9999 -9999 -9999 -9999 -9999 -9999 -9999 -9999 -9999 -9999 -9999 -9999 -9999 -9999 7 7 7 7 7 7 7 7 12 12 12 12 25 25 25 25 25 14 14 14 14 14 26 26 26 26 1 1 1 20 20 5 5 5 20 20 20 20 14 14 14 24 24 24 23 23 23 23 23 15 15 21 21 21 21 15 15 15 15 15 16 16 13 13 13 13 13 11 11 11 11
-9999 -9999 -9999 -9999 -9999 -9999 -9999 -9999 -9999 -9999 -9999 -9999 -9999 -9999 -9999 -9999 -9999 -9999 -9999 -9999 -9999 -9999 -9999 -9999 -9999 7 7 7 7 7 7 7 7 12 12 12 12 25 25 25 25 25 14 14 14 14 14 26 26 26 26 1 1 1 1 1 20 20 20 20 20 20 20 14 14 24 24 24 24 24 23 23 23 23 15 15 15 21 21 21 15 15 15 15 15 16 16 16 6 6 13 6 11 11 11 11
