CHESS/xf_ws/geo/xf_ws.aspect
ncols         177
nrows         146
xllcorner     799600.00012
yllcorner     2647174.38755
cellsize      200
NODATA_value  -9999
[rows 56 to 83 of 146, columns 63 to 125 of 177]
291.8722 195.124 159.6996 209.9256 213.0239 103.787 75.49025 46.54816 34.01935 47.27989 71.56505 14.39359 284.925 324.3447 58.23147 59.14948 66.08708 69.01181 66.61118 94.01418 191.1215 199.7744 202.4528 220.5588 269.5392 298.8427 311.1035 305.7067 289.1408 236.1006 193.6936 176.5502 159.3458 155.701 142.6983 129.3932 162.5199 219.482 203.4147 171.0379 176.5123 180.1614 142.5947 132.1376 97.43141 29.61153 4.066319 346.1822 350.0355 351.6799 19.62131 39.59234 35.01435 90 240.8063 237.3572 199.3456 180.9935 158.1783 164.7449 156.3342 137.6488 161.9458
198.8494 160.8768 178.5104 251.7297 272.7263 37.75813 34.49068 21.85617 41.64759 66.06738 72.70512 355.1865 289.8852 321.7662 66.38573 82.39947 91.83013 96.37768 94.27278 82.81573 101.5138 197.3119 216.0562 244.3046 257.3386 252.8637 241.4888 237.6376 202.786 167.4365 172.4399 171.9613 158.879 156.6757 153.5707 134.6992 163.3008 212.6961 198.519 182.3859 177.3615 178.4869 167.2368 169.2215 189.0833 197.9959 158.1986 202.0543 220.5074 232.7336 111.7323 105.0271 111.8647 107.5831 216.2143 213.3336 179.0147 178.9053 165.6564 164.0121 160.6768 148.5809 182.0902
173.9275 175.9717 274.274 285.3093 297.4435 354.2894 21.90755 33.9298 66.49054 73.62611 67.22384 357.8253 282.8647 192.9946 122.8034 116.2043 106.5169 90.2061 65.25063 63.43495 71.90109 76.51256 255.205 257.0777 261.9936 262.4138 246.1941 209.2914 165.6507 157.3319 167.7233 170.6742 156.1048 150.8468 163.4742 142.5351 150.7388 208.7866 195.7158 191.9356 168.4137 159.6694 167.0386 169.5625 205.4633 192.1188 164.0748 193.1092 215.1887 201.4164 153.8723 126.4692 138.743 152.7026 182.006 197.5121 176.0408 174.126 170.3237 165.8811 149.0716 139.8892 202.1405
234.4623 301.0117 314.664 294.3718 276.7536 288.0834 16.48875 57.52881 76.14971 70.74071 60.10287 13.9481 302.125 97.72662 100.89 86.33582 70.40185 55.12467 47.98146 56.13631 68.39777 66.93373 256.4494 259.0926 266.7823 273.9148 276.009 153.6418 128.0699 139.1596 160.6259 174.3103 164.4966 151.2797 176.9872 161.8008 145.9541 244.0935 217.875 205.3462 165.7627 111.6309 138.2892 164.6788 196.259 186.6291 164.7354 239.5111 235.8178 190.008 170.0683 125.6076 90.96286 84.64958 126.3649 179.6111 188.0157 176.4778 167.5989 179.3057 158.5438 130.1345 208.0541
279.0903 267.1114 250.887 243.7084 231.0685 236.1625 258.9675 74.92722 75.34078 68.43725 68.84682 24.58361 330.5928 69.89767 75.00726 63.5925 54.02372 55.22901 59.08015 66.91486 75.18185 72.04369 201.3969 235.9432 243.1574 227.7927 191.759 166.4079 133.1795 122.5604 135.7538 172.9906 175.1148 160.7693 188.6428 207.8241 309.5597 323.0357 5.792797 102.0948 172.0928 124.5085 106.6543 127.8979 183.4245 209.0275 236.0219 241.06 206.0296 172.1959 182.9843 165.8967 126.2174 106.287 79.0311 96.62289 211.7655 183.024 159.5137 181.8685 185.1512 87.36449 33.8639
243.5003 245.0952 256.1899 272.9943 284.0813 281.7631 288.0834 64.79887 67.90729 79.71783 95.5853 135.5162 170.3879 132.9985 132.9388 137.9682 137.3649 105.0464 78.69007 85.9922 94.77564 82.99279 43.69657 228.3348 234.4332 209.4533 180.6199 172.8959 157.2881 144.3142 139.4442 165.5522 177.208 201.4282 274.0083 288.4349 258.959 215.8698 162.4076 133.8767 134.0122 140.4403 128.3456 68.2052 13.99404 304.3131 250.1662 203.8753 174.8056 163.2174 186.6544 164.587 144.4623 157.2176 110.8062 107.6035 263.6787 177.678 75.29168 324.0534 339.0368 45.1143 90
274.0983 277.9893 290.8317 310.8243 329.7036 322.3374 314.0608 78.47276 85.34042 93.30785 105.9138 146.5877 158.4933 151.5178 139.4714 135.3634 156.4253 169.3641 125.1634 101.2681 99.33287 102.2185 82.9397 81.9662 231.6408 199.3555 178.1014 169.2869 157.0772 157.801 153.8468 162.1955 172.563 237.3977 235.2817 185.5577 186.1381 183.8444 190.0441 223.9766 47.96094 64.47658 97.52382 220.9173 59.1375 321.6844 313.6676 5.937416 50.55297 100.9541 168.0707 170.2251 218.6412 353.6877 76.62325 77.45199 193.9023 179.3871 204.4443 270 181.7836 120.6635 141.4732
307.614 300.7218 279.0059 274.4645 297.1934 336.0068 143.6864 124.4085 105.4683 97.47156 93.23672 89.84962 101.8568 127.0777 137.3553 127.9265 138.9239 185.7979 151.7438 112.0872 97.48089 103.4652 94.4459 23.20141 20.80919 156.0326 177.8789 159.0343 127.8838 95.29768 334.7071 3.772628 25.61123 245.0385 195.2366 172.9949 176.4009 182.6073 223.8596 254.6896 357.7094 76.38319 77.10625 261.9615 143.111 218.3071 262.8812 90 90 89.35625 102.0306 174.9908 216.5409 183.4009 136.4313 117.4139 99.6375 90 224.1579 213.2741 173.3339 134.7881 90
289.44 307.0158 313.8343 284.3728 278.9127 80.97239 116.4883 132.8645 113.7632 91.76239 64.44743 44.70542 62.89088 83.96515 102.3927 107.4721 106.294 154.9424 152.2815 124.1145 97.19923 46.73571 342.2996 356.0548 30.35262 33.28753 24.22775 34.69515 10.30485 341.2883 330.9221 5.530692 35.20554 29.24171 52.01631 45.76662 222.5647 313.7033 303.351 239.2858 205.3821 99.03948 14.34933 22.76009 74.64793 233.318 241.0059 167.3666 132.2737 132.4612 113.0934 52.81094 167.6335 180.3322 157.6977 145.0599 133.6978 90 90 90 90 90 90
293.8821 284.8547 306.9705 301.185 276.9064 121.3191 109.3456 114.6996 99.39349 78.52602 71.49035 85.03026 92.20599 81.11934 65.33923 59.94411 48.4442 40.23636 46.47827 47.70792 13.73627 14.03624 359.731 351.5157 16.5981 4.960411 8.89741 18.68735 356.7223 339.0875 322.125 7.783559 40.81508 30.78438 37.56519 28.14103 337.6275 317.7284 1.475787 135 200.3172 213.9184 283.7398 46.82836 69.25776 22.01976 240.7117 158.7091 131.4115 148.4266 245.4025 1.002068 62.97651 61.78624 90 90 90 90 90 90 90 90 90
271.259 270.0966 274.6292 252.8241 189.1329 157.4706 143.5691 145.2733 133.0632 94.07487 88.04749 95.06863 91.62498 68.64072 59.42521 47.74261 13.85474 19.44003 19.68031 10.65005 3.40277 17.14677 11.01183 353.4755 3.772284 355.2955 9.226344 23.66314 354.2894 352.4898 328.0919 140.6015 103.7966 93.55795 24.87959 11.84454 350.4508 337.6203 62.89544 84.46803 140.7788 212.2887 210.5907 166.1564 122.8673 143.0267 208.4259 165.9638 132.1737 144.1381 255.1869 189.3928 102.3567 331.9162 2.220135 45.23493 315.101 349.2555 23.11317 33.64948 45.81863 90 90
221.8807 242.0702 248.8848 179.0685 154.1053 155.0345 153.7843 164.0889 176.5083 156.4613 106.0887 92.54047 76.03221 46.89339 48.30821 22.73793 1.835156 20.656 16.71782 4.945967 13.36601 29.13896 16.46925 351.5047 352.9195 358.6252 23.19859 26.27786 0.2068431 62.8787 131.8773 160.974 154.7455 70.02106 336.1022 0.4814658 22.52057 345.3791 46.28733 55.26571 59.83573 79.71539 210.9377 180.331 148.0763 146.4709 200.4125 169.9628 124.2157 90 224.8988 181.9598 140.6603 264.5305 90 89.97062 292.3779 327.4625 19.21427 36.09398 38.56429 45.39424 90
222.7159 238.6055 245.3265 174.4128 108.6418 109.9164 116.565 139.4156 180.6331 194.1232 115.0744 92.89127 65.25646 27.64598 30.88005 8.937032 3.084812 24.39264 19.91641 11.64597 29.97685 43.10804 19.72786 347.7352 341.4622 6.94413 49.22082 56.68937 97.26695 114.9256 128.0764 155.1138 285.5852 336.3468 17.50407 120.9413 127.725 215.3948 120.0638 91.04738 83.17214 41.19016 335.4563 352.9469 7.440235 16.55408 46.44793 179.3707 134.3771 90 90 90 221.531 220.9183 177.8072 315.1205 301.5148 310.3377 10.53918 38.30126 43.8287 45.06058 45.39386
246.174 257.5681 253.9358 193.5572 126.9055 103.7816 94.67244 100.2398 148.7608 234.6312 79.04594 53.80414 21.52648 7.751779 27.50424 23.69422 9.887989 36.31364 50.11042 71.41307 96.52784 78.86718 35.76444 349.3151 218.1572 156.3998 99.87406 100.9807 116.058 98.64923 91.80759 315.042 288.1702 312.5374 80.73547 104.6861 117.1966 202.8582 173.1919 133.9337 68.63313 359.9813 322.3995 350.2509 3.76853 22.60879 44.5887 18.77154 20.82198 335.354 355.3277 21.25247 36.34538 345.3099 332.108 300.979 278.1924 257.2929 277.3524 57.88818 64.87493 46.17221 26.86683
264.8056 271.892 260.4852 169.0153 161.9258 157.6765 137.459 124.9194 155.2466 249.9628 294.7174 26.24135 25.12313 30.96376 78.99123 108.9967 158.5323 146.5425 108.435 107.6126 131.2916 145.9925 140.886 157.1263 155.4002 159.6361 138.0941 122.8098 128.8972 96.80115 64.40073 330.8231 295.6451 330.9902 40.70663 60.10957 69.52522 37.56859 122.0263 2.491716 331.6333 340.9588 314.4032 335.3232 341.2883 15.43401 35.85489 27.97281 9.181987 348.4367 2.573699 30.95793 49.25045 347.4766 316.0333 320.5634 320.1124 221.3671 214.0459 151.3139 89.65691 62.48561 58.39888
288.5859 283.4396 259.6513 130.7345 154.4256 170.6316 164.8698 143.427 182.6978 242.3991 249.2037 218.2902 87.68887 95.06361 96.30709 107.7004 147.0568 174.3327 128.8385 101.9761 106.7209 138.9725 136.1936 145.2386 134.5479 139.3364 140.3767 129.5309 100.4915 54.29663 16.25586 353.0135 308.0888 306.8699 48.02501 62.72763 38.94535 28.85896 17.8814 353.2094 307.0093 315.6366 335.0372 332.8787 326.5346 1.481457 33.90628 41.3283 9.881406 7.431408 39.61069 65.28256 47.73114 345.6186 324.31 317.7792 12.30802 71.11391 187.1349 184.084 147.3776 128.9216 141.9878
257.3432 259.5358 207.0875 105.9315 117.512 160.1448 169.4184 162.0676 193.9406 236.7516 238.9821 181.9902 142.9072 136.4424 127.9177 119.2753 127.5041 176.7039 149.0362 113.4535 115.1312 133.0152 101.0436 82.99873 78.84154 58.24052 32.50108 15.13717 358.9419 5.379702 357.9842 4.710835 2.859902 255.9027 101.6069 53.91028 23.50635 17.52557 3.938739 8.494376 354.015 333.8861 337.9058 325.6197 225.8303 186.5967 127.9374 88.12826 62.02053 95.01311 99.72758 103.3245 328.5731 314.6693 310.8908 229.7644 158.7495 124.0662 117.1061 161.8936 173.3269 156.0325 296.514
241.9384 248.2777 216.2222 95.41896 94.53379 118.4822 141.8817 169.1597 222.3281 259.183 243.5342 155.2397 147.7309 139.514 138.6481 120.3557 104.0362 136.4594 152.354 137.7505 126.7733 343.1355 7.709356 17.62957 19.28238 17.20657 24.59012 10.98669 354.657 14.84845 16.88679 45 81.65537 167.9387 205.0106 75.96375 30.43424 9.865807 11.10383 15.04639 21.48204 51.48307 202.9321 154.9325 165.3066 180.7957 172.8195 166.4296 132.4266 141.4188 151.46 55.61966 333.7999 305.5222 108.435 157.9055 145.3889 140.9778 122.714 104.4576 90 315.3393 282.8893
275.1003 260.0924 226.425 103.1483 92.18932 100.561 115.125 193.7681 275.6754 278.5308 213.5934 139.6063 136.7432 123.1942 124.2342 107.5009 90.77773 93.28925 87.24458 63.6366 347.8665 323.1915 351.0274 16.88679 32.125 86.59356 110.6006 96.34019 133.8309 135.5536 157.5431 176.3715 147.0224 153.0798 207.4305 188.6575 175.452 170.5992 149.7626 167.9052 156.2671 157.0979 188.8807 135 124.4184 168.147 190.3048 174.1554 155.3616 180 339.6236 8.806792 16.92751 288.3968 50.2508 68.98019 22.9321 58.84069 104.0273 121.3937 81.87689 284.7343 271.1812
247.673 231.3608 212.5807 142.0284 95.19443 96.86809 114.6578 215.7701 251.0224 233.9566 181.0416 129.8922 124.3035 115.1626 119.1161 149.6474 105.8141 74.83554 47.99035 30.06858 345.2173 315.4658 37.87498 132.0134 135.3452 116.4563 79.15969 103.8912 135.3794 118.94 118.6105 170.2316 157.5818 158.8708 223.6831 239.0362 157.6199 151.7765 154.2551 166.4875 135.6296 152.488 205.3959 144.8658 102.6334 145.1247 171.3268 143.9803 182.6398 251.8869 248.7495 132.6367 159.6754 193.8467 174.7134 195.2325 281.9761 65.44344 62.35247 56.97318 45 264.7125 282.5946
237.0948 217.8065 194.7561 181.7197 138.6215 114.7884 127.249 208.6518 227.0069 211.8718 199.4861 128.5956 97.77643 104.2753 95.5722 105.3616 109.179 92.45905 88.99491 32.73523 339.1455 327.938 110.5284 136.7475 159.9812 171.4248 180 131.7079 145.3509 141.6745 112.6594 132.2951 151.6388 137.2906 262.681 273.8482 66.9487 99.32703 154.3723 236.3188 88.11181 108.8384 202.8336 183.7314 119.0546 128.1572 132.4064 126.7315 207.8983 219.1204 185.0452 150.0823 153.6934 193.0365 181.4528 218.2513 223.4246 122.5322 96.64595 96.66776 315.2344 315.5457 290.4755
237.7891 201.8992 195.9289 201.7139 150.6558 127.2444 138.5292 194.9647 213.5378 207.3254 214.6952 210.0184 73.76765 56.08641 74.44543 106.0323 142.3386 144.3721 348.9765 5.677417 63.43495 149.1083 137.1966 134.829 154.8998 198.5502 171.4603 139.9306 153.0856 162.0251 134.6767 106.8438 10.71312 67.29363 249.7169 238.0393 153.435 101.1192 127.2331 212.5471 132.5308 127.2585 182.9118 168.9152 162.5189 158.2111 134.4892 133.072 220.2306 208.5556 182.8203 153.7247 134.7862 90 224.5102 220.5733 211.3435 169.7095 133.6433 344.8239 339.7912 347.0969 317.2943
219.947 209.9748 238.4809 185.8886 137.7151 138.8141 138.3315 195.9299 212.6569 209.901 233.4462 241.4888 303.8708 49.76364 78.36154 102.3909 123.0558 162.7585 214.0278 162.8476 145.0517 146.7308 142.7434 142.4115 145.7014 209.9696 154.5731 123.6438 136.2785 174.4759 22.68369 4.548042 14.19855 66.30275 207.8973 214.1967 190.2568 123.7023 100.1463 196.9077 134.2462 124.5923 161.565 128.9458 169.406 163.4938 136.7974 133.6286 315.0662 345.7653 22.96033 45.09668 90 90 90 223.6449 220.0763 183.1655 301.5282 326.1378 344.7958 357.7557 320.6703
242.1737 248.587 243.4877 151.1298 127.8867 142.7502 145.5875 206.2049 214.2711 233.3035 248.8468 244.6538 244.9127 105.0184 92.3918 80.8238 80.75389 121.3041 186.211 173.009 150.7512 150.0685 137.6561 133.0748 151.8987 185.5004 154.3163 98.82399 19.41519 340.556 6.740984 356.5318 80.77608 87.45823 96.70444 198.0381 220.0716 176.9225 110.8395 145.795 143.6929 164.4323 162.7697 91.52249 72.69817 91.44406 315.1147 332.8417 329.2378 344.6801 35.22263 52.32188 45.16708 90 90 81.8699 315.1371 326.6495 309.0016 315 345.7355 12.83882 331.1226
256.6486 242.7292 229.0989 137.6813 120.422 137.0351 177.3952 206.6865 225 254.1406 255.2173 245.7341 215.4356 160.2011 125.7236 134.087 133.5679 125.5377 162.9182 183.5667 146.9382 134.6076 146.9519 147.8882 152.2096 169.3988 178.1118 167.0311 321.3316 0.7820687 100.1591 163.2174 156.7099 93.50353 68.61923 104.0236 226.9695 195.6346 136.9415 114.444 118.4956 177.8789 188.427 122.9052 88.38555 333.8923 315.0239 318.2987 329.3472 356.3105 42.58755 47.22306 29.93742 25.77184 45.14648 45 292.0859 305.198 310.174 320.1104 347.8114 17.13627 348.1901
249.0519 253.0179 229.5739 125.1462 115.0555 113.0775 228.2542 193.7141 236.3704 258.7296 258.9713 221.5186 187.1527 176.7564 148.0138 150.8046 152.845 146.7624 155.6235 210.0442 191.3099 106.294 128.7742 146.1038 145.008 168.0849 253.4429 293.9625 287.8402 77.47119 98.9377 135.4696 205.0744 173.6598 89.49918 62.12318 319.7715 189.293 173.1488 129.2894 95.63068 121.3507 201.6375 172.4671 119.1438 301.1772 317.7157 324.8365 335.8545 15.38207 38.82983 34.06048 26.47939 29.51342 27.67182 1.891282 308.9432 297.845 297.3974 308.376 348.3407 49.31603 50.71059
233.4566 227.1343 182.584 131.3564 94.79896 10.43815 41.92238 114.0265 246.4057 254.9816 225.9548 176.9035 180.4547 178.5773 157.0831 151.6109 153.1911 165.2062 180 228.7046 225 99.92625 75.46555 85.04973 112.7965 206.2413 263.0115 273.2572 267.7688 107.488 96.12137 82.49265 229.106 190.8163 135.995 103.5226 91.32453 114.4675 164.4464 163.8866 93.81407 22.16144 14.81349 86.82609 309.8098 301.1037 313.7007 331.3728 348.6094 16.9369 29.66384 26.98946 31.30128 28.55832 19.67819 13.96212 312.5053 285.2912 247.6938 195.33 178.5121 178.9109 170.9335
63.65363 201.7297 172.1807 152.3662 309.8095 18.43495 81.00066 104.6267 240.5208 233.7197 191.5806 165.9638 179.2098 173.8781 164.4812 155.1155 146.8131 161.7711 208.7571 250.0576 263.8678 92.16108 105.3128 114.8293 97.19867 255.2507 246.233 213.3952 219.1065 135 106.0428 75.96375 91.59158 190.4077 175.0684 114.8637 117.0449 133.4252 145.8448 220.7379 312.3455 1.478809 53.85379 73.45069 295.9998 295.8282 301.8307 311.9535 340.1448 20.82089 39.8587 42.00965 41.78452 24.69156 27.62107 45.49756 286.6494 229.6381 195.7857 181.1656 186.7063 215.8085 283.6713
