CHESS/xf_ws/geo/xf_ws.aspect
ncols         177
nrows         146
xllcorner     799600.00012
yllcorner     2647174.38755
cellsize      200
NODATA_value  -9999
[rows 112 to 139 of 146, columns 0 to 62 of 177]
358.8065 332.5123 355.3871 359.7191 313.3727 290.0585 280.2169 277.5005 287.374 56.22889 51.30545 9.353706 11.46473 36.62744 78.58046 97.27654 353.2902 310.8183 294.0871 296.9202 5.643318 34.16429 346.0455 337.0308 347.7604 219.2894 189.6687 171.3844 138.5323 138.3178 137.2223 140.7762 149.1534 156.9942 168.4287 186.0441 184.0349 173.6129 153.2603 141.5819 137.2457 186.4698 183.1798 88.89621 97.51743 143.1703 105.7352 255.6619 268.2143 305.2894 347.0054 9.49163 39.15742 60.07977 42.77474 308.7824 341.8387 38.37039 45.82847 32.71904 5.767889 345.3932 335.1332
276.4495 296.304 334.8125 358.7982 336.0272 303.3594 297.9538 297.5104 307.4638 43.00212 34.50852 9.409222 66.6232 94.78453 76.45083 349.8557 342.6066 337.6538 325.4918 301.0351 161.0033 108.1992 194.2159 194.8935 162.797 159.5162 196.6815 195.2551 143.3439 138.3924 144.4149 143.7576 146.339 169.1843 186.9762 201.4677 173.5926 159.0755 162.8719 147.7755 113.4774 191.3099 193.9827 128.5996 134.1891 166.6477 206.5651 298.0782 294.6111 305.015 348.4814 33.69007 93.11084 96.78114 343.6336 312.9153 349.3181 39.75818 21.33964 9.887989 2.800279 5.572198 15.00271
299.6667 293.9625 308.7774 341.7346 351.5631 303.8472 298.4623 312.1136 332.6301 44.12309 38.31309 55.16208 81.50727 67.50352 15.1011 323.0544 333.3511 344.5878 349.7631 71.80579 148.7308 170.484 166.373 170.3482 165.7038 170.4532 216.3196 203.3214 127.5041 119.9934 127.654 129.2169 135.247 186.484 207.0186 209.5778 158.2557 139.2364 165.6912 180 129.8521 143.9306 178.3536 152.4048 75.93014 3.554567 320.8332 308.1358 297.584 265.3498 168.7992 148.2011 125.9446 76.24542 321.7577 324.2986 354.8827 17.93237 8.388689 9.351413 6.816424 28.51555 25.10653
306.7286 291.5863 283.8101 286.496 329.871 305.8112 290.3209 303.1262 3.257222 53.17276 40.48601 34.38034 28.50401 28.13534 357.2387 309.9107 319.4108 1.624976 56.40249 98.97263 119.7805 183.1663 150.9454 142.319 163.6223 197.1985 234.0748 202.8097 125.3166 111.058 108.0378 107.9208 115.7157 185.3073 191.8703 193.5704 161.7038 135.3472 173.2338 185.9061 140.258 141.4951 142.412 299.5728 313.6701 1.815917 319.6916 281.015 269.2495 172.6942 154.102 148.2952 147.2115 308.2599 318.3458 337.157 4.600096 33.17851 49.76364 76.32869 64.44003 75.37913 62.488
300.556 277.6806 279.097 289.378 303.7941 309.7946 298.3879 296.4583 21.8572 33.69007 23.47099 13.4237 15.09648 17.65012 352.1571 324.0174 327.6606 47.05765 97.44447 114.8471 128.4359 180.3201 160.6904 132.9768 152.3684 220.9296 226.5163 183.3501 152.6098 132.7494 107.6223 103.9027 112.4569 152.354 175.1696 182.4895 162.2159 152.7926 201.2298 159.1682 130.2024 125.0306 167.6685 275.002 290.1285 7.930388 44.93263 237.0099 220.6673 158.6907 112.1165 105.3763 290.1795 272.8945 258.6094 243.435 117.5973 131.1575 150.0428 156.8014 168.3915 115.5862 65.42915
243.695 259.4433 279.2283 300.623 303.2614 307.1136 306.1974 261.4223 175.0834 146.5467 121.1779 155.487 203.1986 337.5074 341.1226 337.1027 335.9245 76.39547 85.52149 90.36034 103.0427 156.2487 167.1089 134.4812 124.5923 223.8542 208.8108 174.6618 174.4309 162.6884 128.6144 127.4762 131.154 131.8502 174.7464 175.4399 152.712 165.7982 208.7026 259.8844 7.460662 12.05243 9.187971 308.729 287.2821 67.43579 106.0763 232.8495 246.1899 210.6507 90.56727 33.69007 312.169 303.6374 289.0842 288.4349 71.82198 91.27303 71.56505 19.98311 12.12107 7.624193 358.9345
247.7028 257.3684 262.4879 263.9784 269.2992 262.3557 195.1729 182.4895 186.0834 167.125 160.595 176.1358 193.4382 221.2865 212.8163 165.3662 177.1712 162.0766 102.543 80.36938 80.04265 85.5151 128.1012 125.853 127.6656 182.6196 180 167.4067 190.4015 173.5834 137.9108 132.3804 138.7314 127.8724 173.9655 310.2799 9.280307 23.86342 323.3626 319.8167 345.802 358.5229 15.53255 1.324401 267.559 126.3784 93.25108 284.1825 258.1114 186.7118 135.6932 318.2705 312.2186 321.1759 331.5873 341.9365 31.12761 41.54483 8.55183 0.881404 3.188464 358.7269 17.70408
245.2772 245.7722 238.5526 229.4926 228.8347 209.1994 183.9287 206.565 196.9661 139.4533 150.331 174.8613 188.2538 211.3238 200.3257 167.951 177.075 185.0451 165.7802 103.0117 92.83421 90.69061 94.94589 103.2062 79.09498 107.5924 142.5684 157.3156 197.9125 189.6252 122.3998 81.20946 56.67989 34.23497 330.0753 334.4501 355.6973 16.29246 340.8945 308.7704 321.8212 357.8352 48.68227 73.606 223.6808 167.2261 89.23329 247.06 203.4917 172.0862 260.046 301.0922 307.4535 302.9234 303.8049 336.8014 72.70755 55.75097 34.3191 0 35.54026 132.7688 146.8887
265.3141 245.2345 231.8068 222.4677 219.7077 222.5715 238.4218 248.0757 176.7223 127.1976 132.4362 161.1529 181.1458 217.1261 206.1295 168.5425 176.3987 195.6501 202.2594 125.5377 89.07893 88.53952 91.4688 76.1593 95.76263 95.68089 77.51751 49.46716 60.86962 219.4807 153.4268 137.9609 118.6214 356.8202 309.4597 321.6745 333.7258 358.3634 356.0251 329.6013 318.0273 58.70696 95.78725 89.05434 92.56524 210.4596 113.5206 176.3284 203.2975 315.0159 292.0588 294.4919 309.4502 315.2715 302.4211 117.8973 101.8738 86.42367 62.85618 33.69007 113.5772 126.0505 144.7545
339.8142 291.4854 261.0817 259.0459 275.6746 288.3175 284.449 185.4969 169.2021 133.9914 113.9775 124.9025 172.8195 233.3708 208.8608 167.4096 184.588 198.7441 208.5254 188.858 80.69006 49.43794 38.89391 85.33315 129.2008 97.59464 9.673355 14.51861 19.44845 18.69304 74.05893 118.6861 236.2989 306.6895 280.8355 289.7989 313.8164 339.8483 352.6599 349.5219 5.667285 69.31931 86.37343 81.6666 81.13138 269.9713 39.75386 66.6974 288.4732 289.4374 278.6363 275.0893 280.1309 295.5374 322.5563 16.80502 43.39099 23.5104 21.69351 42.49629 93.4202 103.1492 115.8356
352.1921 348.9298 319.6021 313.1159 312.1154 303.1877 356.4237 134.1013 169.6819 161.1002 118.3262 108.2251 153.7587 239.5419 208.1616 180.3274 235.5828 182.4895 212.7212 217.4852 178.0251 72.70574 81.27662 94.3708 71.91656 320.1282 349.432 13.63905 11.38003 18.62884 27.98634 38.45601 341.1657 313.9299 305.6901 296.5651 305.903 321.1001 333.6075 347.2467 57.74823 81.01427 84.65694 81.07032 64.83382 357.0095 143.3258 104.0024 251.6544 242.6961 247.2012 251.303 248.4897 249.3903 275.0636 352.614 43.8767 34.61819 352.9075 27.83183 57.70327 67.17036 66.63089
349.9814 356.9023 343.8285 322.7652 305.4378 240.4334 147.2823 135.1429 168.7411 185.0382 151.2874 126.0148 206.565 275.7795 246.4039 247.0872 265.1689 116.8781 195.7247 244.406 225.507 123.3407 100.0975 66.28265 2.140901 318.1221 349.7778 43.49257 31.23921 51.49935 68.28606 79.66862 144.307 288.4534 315 296.3421 293.7284 277.4716 199.3407 185.7583 124.7199 85.50954 39.28941 25.28571 17.04903 11.85977 25.46243 17.62589 355.2324 313.3138 266.8974 272.6264 283.815 284.2811 269.2006 302.8114 32.97472 74.40719 192.75 154.5024 83.48758 76.80297 72.30388
12.88963 352.9397 355.7895 286.0203 181.3875 177.1959 158.3587 135.4911 158.459 189.4111 166.3931 156.7952 301.7391 315.971 334.7545 315.799 229.5287 143.4089 189.3721 256.0622 188.3787 129.2623 116.8163 74.89352 341.0756 277.9194 169.9728 97.59464 106.645 137.4471 125.3803 101.9496 350.0927 303.7801 301.0417 286.4381 274.4672 168.9591 163.9024 171.4954 150.9454 116.4131 2.924978 22.31559 23.65953 31.97636 54.95695 22.83534 356.096 346.0804 308.9062 290.6556 299.9501 333.3313 307.8347 304.4892 11.93666 55.32841 88.74555 161.1942 149.1911 114.6164 102.4378
184.5905 181.7585 175.621 160.8352 165.168 178.3572 172.7183 135.5846 129.4174 204.2146 263.4802 311.7793 301.9642 309.2374 327.3808 99.98102 147.3324 145.9451 231.3559 232.8817 169.8465 135 135.6438 133.5384 180.6566 212.4058 182.761 141.4831 69.92847 78.12615 75.51823 47.85725 349.5902 294.9823 294.5777 284.0853 243.605 155.8286 148.4778 153.548 155.9091 175.4257 197.591 169.1806 145.151 131.798 120.7347 146.1884 292.9738 312.7935 314.5018 293.542 290.0345 331.7625 325.4668 302.245 11.76048 63.24332 67.6788 90.65855 133.5436 120.6507 105.8025
159.6559 175.0582 189.2726 150.8085 157.3316 204.1555 188.0038 158.6858 154.1716 301.6965 314.9975 325.4499 324.7029 339.5504 20.85446 75.69434 43.89829 15.26898 107.4566 195.4077 192.8381 98.1301 71.93953 63.06415 12.16766 198.0936 171.8653 197.5924 146.4695 103.1164 99.1218 69.52031 22.08372 278.6535 277.9696 264.7261 195.5725 165.774 136.322 138.6085 122.6434 142.5947 190.611 171.5289 148.1149 138.6844 134.944 0.02388659 291.8323 285.0167 293.2901 293.0782 294.2336 311.9552 312.3314 287.4472 127.25 114.1222 105.7924 97.18591 106.1601 117.646 121.923
152.2815 157.6593 191.9102 157.6806 156.8624 235.2787 200.6077 155.9427 223.5606 276.1752 297.1018 318.7947 338.0147 22.44275 34.98111 359.4969 6.818334 72.05544 122.2453 192.9978 253.9099 298.6105 63.43495 50.38931 45 106.9275 136.0512 185.9061 175.1731 139.2538 70.53876 1.695849 15.10746 286.1538 250.0169 196.2739 181.0416 199.7595 101.7064 45 38.07917 70.55997 104.4129 122.9786 109.79 89.20251 312.8651 349.9843 331.2122 267.9847 265.156 267.2624 271.3904 288.4349 291.8014 202.5206 133.2229 133.6678 137.6188 126.8699 120.0942 110.7827 104.0362
94.76364 100.3533 161.5674 168.6935 182.8268 234.0047 229.6114 142.7762 195.0804 255.2932 271.5009 291.8686 323.9726 83.65981 75.24901 299.5537 53.13775 96.34019 113.3985 212.9977 236.8807 202.8905 142.125 125.5377 145.1755 102.5288 102.5602 158.7204 230.1022 337.3286 338.3975 353.4526 12.78908 7.750036 270.5787 189.5366 206.565 260.8927 41.69814 29.53878 81.46713 79.09498 38.94089 88.62286 119.7967 326.7054 321.3773 351.0243 14.3371 297.571 275.26 254.5214 247.7461 250.246 218.7581 146.2601 119.8514 109.1924 94.92711 90.58167 92.40261 75.8542 41.30861
151.5238 149.1093 129.4707 101.1763 217.0074 224.4081 219.9451 175.56 177.0802 256.0201 254.0104 207.1681 186.7269 166.569 165.6273 233.9953 132.8593 96.91122 65.32383 64.35906 203.5774 187.573 172.1467 154.8769 170.875 155.3362 129.3554 188.427 287.1759 313.1524 322.1935 345.1735 45.97102 56.00354 80.69487 225.0287 282.3862 286.6658 70.55997 112.9128 123.6993 94.41624 100.2296 94.3615 30.65963 312.6029 327.1348 356.4077 11.30993 349.0578 300.0686 263.8469 253.4429 219.7706 176.1859 161.3967 141.7556 106.2038 58.7663 58.11644 45 36.31025 15.04639
214.1818 218.13 323.8294 5.817134 347.7775 354.8585 298.105 209.4121 299.6324 278.6035 260.399 185.6307 183.1579 179.4776 183.2397 200.9558 168.3664 120.1013 100.5889 104.6325 141.3394 177.93 168.1785 152.0862 172.0628 171.7915 169.5522 239.1423 265.0679 264.4945 272.5638 118.6105 122.3196 101.5752 58.72718 333.7117 296.7406 279.4623 95.01311 91.81831 106.8584 132.4263 148.2037 92.38589 336.7896 309.3316 308.0728 347.3592 13.47576 8.735984 355.9717 322.9008 298.0281 156.8491 159.2642 169.8435 174.3258 173.8269 163.393 140.3351 121.5242 127.6004 169.0193
335.6386 330.0223 347.4474 0 348.5987 1.937237 9.427861 354.5734 325.21 283.2762 218.4294 173.4181 172.9087 177.6501 192.4705 206.7775 202.8097 160.9065 127.3667 136.3479 117.4744 143.2594 157.017 140.3558 162.4445 190.3758 228.6139 259.8007 239.1495 227.6368 235.4742 333.4349 10.12467 14.03624 358.6894 4.548558 319.7656 242.5603 122.9052 97.12502 122.9777 133.1569 222.3974 311.7238 332.8038 322.9975 292.8548 308.4373 10.61966 356.8589 353.245 343.8224 12.24233 67.04342 84.85211 125.2971 167.0259 169.5923 176.8881 171.4426 152.4386 166.2895 184.0983
324.9165 325.704 358.2643 3.990913 324.0193 336.3929 10.06906 11.54669 307.6476 178.7755 174.6277 178.8187 179.8309 190.9722 232.3785 241.4293 232.1772 201.6951 107.418 102.6804 108.9465 113.5631 134.3055 129.1517 141.245 240.695 238.6576 232.1672 204.1932 204.0675 222.8876 211.7809 209.1569 294.8293 338.8505 52.06673 105.0013 202.3801 180.5729 140.1556 113.4047 101.4872 267.5021 283.5502 310.5096 331.1013 262.6557 227.3859 256.6513 305.0442 324.693 343.0447 29.15889 42.56088 44.68691 50.21802 72.31153 117.9543 170.3639 176.5411 151.7658 169.0256 178.3208
257.2756 221.7755 164.6591 181.8476 231.4416 224.2838 168.518 145.8044 150.2032 154.0396 166.6229 219.5399 237.2462 234.9262 233.4613 233.514 218.4474 214.9393 154.6538 122.5668 136.9979 124.9257 121.1713 114.5728 139.8694 234.04 197.9959 206.9458 198.2995 194.0362 214.2157 206.9611 203.9445 229.4628 252.7342 58.53586 58.47316 85.36454 164.3578 185.9061 130.1689 114.8579 255.6525 263.0272 225.3673 181.3199 209.7449 235.3889 273.0775 285.9217 280.5915 282.5789 85.20016 74.57784 70.42056 65.4352 58.34198 53.08541 49.00152 85.3999 123.8063 136.3972 159.7515
201.3369 194.3646 167.2757 191.1649 195.7361 170.9097 170.5169 170.2171 162.9342 130.9958 335.5302 303.4688 193.2803 201.2505 197.6909 213.2012 218.6279 235.3389 168.9063 122.1712 135.6438 129.8411 118.291 70.11391 50.34466 183.248 159.5604 187.8917 195.6274 188.7175 206.565 216.0933 218.8021 239.4086 246.6979 336.0375 61.98211 76.79029 102.4259 202.6199 159.3611 145.8301 269.4251 265.6568 244.204 282.6526 300.2113 294.9369 295.0341 296.8075 262.7757 181.804 144.5247 141.0939 111.4052 82.22357 62.6725 43.24497 38.75792 47.23592 70.29166 100.5327 122.1761
196.7925 188.852 172.0565 178.4725 179.0623 166.0025 172.1766 220.156 292.1628 300.5079 154.7053 160.3879 184.7636 216.3629 210.4998 251.7542 261.2188 252.6995 161.0954 95.11042 82.47618 60.3162 35.09582 30.53615 46.37122 32.17139 49.4068 77.61924 178.1301 184.1813 211.7116 235.1177 247.4375 259.4006 256.4052 255.0942 86.60029 87.169 84.31396 131.0741 159.8391 265.7863 287.999 290.7352 313.0165 344.0064 330.3008 301.2233 278.7462 285.9454 332.8054 62.44719 107.0687 135.2083 146.3602 104.4208 68.23232 45.52563 55.25682 65.4445 76.42957 99.76835 114.5537
187.257 181.1192 176.0123 176.3288 187.5918 255.0686 317.4199 304.8675 219.6619 159.7134 158.5059 179.5265 258.6901 295.2239 326.3988 316.6273 297.6667 278.5556 180 73.72613 52.8064 28.24255 18.94913 19.20058 30.96251 38.01824 55.71171 58.54636 65.62535 107.7066 244.9371 253.9018 249.6417 247.2118 244.44 239.7782 102.0023 69.84669 65.96107 96.04409 171.1932 266.6866 292.8123 305.2176 299.3159 304.8245 268.5559 265.6526 263.5341 274.8237 316.6366 62.71305 81.3572 93.46823 132.5762 159.2958 133.5498 115.8368 104.2239 97.64729 98.74616 107.2507 113.3388
193.4204 181.8262 217.9249 293.4748 312.1482 324.4586 352.4565 170.8879 161.7704 148.0736 278.1762 313.5498 306.6341 302.2547 318.5215 333.9704 296.0804 248.387 227.4917 73.30076 36.43911 17.60763 16.31385 26.39993 54.18054 85.36391 104.2645 111.4955 65.75471 26.97023 326.2879 250.7722 236.2606 228.9958 231.4874 227.7381 166.5813 128.7227 117.0536 110.319 196.9275 263.6348 260.7927 251.6813 218.8709 181.3079 227.3305 255.0686 271.5074 271.2545 256.2637 107.7627 106.2602 90.60309 89.36692 133.4926 156.1187 146.113 124.3933 112.4926 116.3525 112.5959 109.6904
336.6828 314.9044 298.2324 300.4618 291.1847 214.2157 156.1941 143.3722 183.2098 332.0485 336.1644 331.1539 329.2872 308.3255 296.6915 1.453732 167.5793 235.4934 260.5315 63.43495 18.43495 22.21759 25.39591 37.94769 70.86636 76.04795 31.55587 16.82539 17.35402 0.6099687 34.13334 235.6832 228.1079 217.5686 224.3179 226.2771 169.1315 139.1347 144.365 133.7229 236.9761 259.8494 244.5557 237.453 236.0515 296.222 284.8935 271.9162 279.2026 273.0775 171.0546 127.4927 142.2532 142.0869 91.68019 96.88474 131.6335 150.0581 129.1782 110.7175 105.3955 88.75165 101.6651
156.8138 232.7506 268.2553 247.5573 186.5627 163.7417 171.5623 174.4725 241.0497 250.6348 241.2941 258.1785 265.9464 261.8699 255.4111 160.4962 39.27803 299.0397 275.6015 89.90457 87.70939 139.7636 156.1613 151.7984 108.435 62.19854 351.9953 2.267955 18.43495 12.65256 79.41171 117.1039 239.5039 259.6952 272.0929 252.4165 153.2679 131.2654 140.8981 38.65981 310.6013 304.8753 309.657 304.5308 287.1027 305.8954 326.6503 263.0888 251.2905 231.7344 144.6888 130.0071 159.6332 188.7371 141.1225 121.1436 124.3662 145.9541 131.0033 104.4836 79.78603 79.1405 104.6002
