CHESS/xf_ws/geo/xf_ws.aspect
ncols         177
nrows         146
xllcorner     799600.00012
yllcorner     2647174.38755
cellsize      200
NODATA_value  -9999
[rows 28 to 55 of 146, columns 63 to 125 of 177]
87.31203 88.39998 115.5437 165.1243 172.515 135.5817 163.0702 244.2906 211.866 147.3039 155.7811 165.5476 154.7223 96.05024 156.0375 274.8321 246.275 164.1241 138.3044 123.6192 124.0504 196.9027 302.3661 310.9754 307.0313 296.7177 292.0735 289.378 284.6068 317.7263 350.8552 350.3364 18.00949 12.70711 11.146 0.1866305 342.3682 293.6114 275.9393 280.3663 284.6567 282.1765 283.7223 274.2169 258.8899 217.4953 155.9245 125.5201 114.8995 103.9363 98.05441 102.5946 106.5044 92.83741 81.71931 19.78108 2.014599 93.98431 112.5288 116.2717 95.64055 320.1364 295.821
68.78867 71.32665 76.70685 93.65222 156.3058 145.2275 169.7559 229.808 200.1769 160.7997 161.2367 231.8182 148.627 102.8399 203.6294 244.8923 168.354 153.6854 148.2227 137.2916 18.45887 332.6169 331.1073 310.029 294.4275 297.154 301.4296 281.1871 269.3514 302.9052 322.397 8.433519 37.08449 353.2495 352.4582 358.6616 3.754184 322.3705 283.2245 279.3148 281.6376 281.2558 273.1151 251.3443 242.3116 169.7349 140.4461 140.1469 133.2605 128.898 121.5706 120.4814 70.86636 51.19788 28.1862 18.26417 81.58532 112.7824 108.8938 60.14098 16.21637 354.3594 296.4751
130.0189 89.66097 53.96131 41.57441 33.69007 18.06462 17.93039 139.9263 171.4309 173.9085 192.8671 235.7389 144.1624 103.4916 172.5084 203.1139 163.4564 153.0823 154.706 293.3385 319.2623 328.4748 343.451 340.9123 320.2707 313.6649 325.3787 311.8054 297.2996 294.6075 304.4068 39.4278 31.59249 337.199 342.1039 355.2824 15.27942 357.3974 303.4271 302.9262 310.2799 289.3008 241.8987 232.9233 221.8327 147.6289 139.2308 158.3372 154.7871 140.7423 134.8859 161.7371 213.0957 326.1888 12.68427 66.21615 96.12494 85.81509 36.19586 21.09795 35.25636 15.71857 296.1616
162.1497 159.9321 117.4076 52.78105 34.74079 19.96588 40.44005 86.21111 119.9488 163.3988 216.3604 238.5023 168.9862 89.47195 95.52636 169.764 173.9197 324.7507 337.4876 329.4584 322.672 319.4286 329.2414 337.4064 328.7338 325.7916 337.1094 322.0925 318.2982 309.4828 312.4324 23.57471 10.74196 335.3693 329.4818 348.6901 35.04193 14.25465 297.212 282.541 271.6366 164.2612 205.7291 203.7694 181.0122 144.1407 135.2049 161.7202 166.5068 157.4684 136.3357 161.185 230.7611 250.2239 137.7263 103.3925 93.96265 22.19029 25.34618 63.84884 82.63195 351.5014 309.015
146.2455 180 181.5849 167.8848 129.9869 66.42529 88.72697 93.29284 75.01373 66.28641 230.2739 230.8726 192.4925 128.8758 101.459 74.8518 307.1637 288.9353 288.9371 286.1443 279.2383 262.875 267.2737 277.4773 265.9651 240.4786 250.7693 289.1266 302.2288 307.3332 316.0947 355.0834 7.244507 356.5601 4.398705 153.8247 159.7435 210.2032 257.5249 228.1151 183.3913 164.8931 203.6114 186.5982 163.6382 140.2193 126.1546 147.799 162.6607 180.3733 154.2077 160.2857 256.9402 247.4595 149.4282 100.3449 32.16705 8.169808 75.16633 91.69465 60.88717 329.3493 340.1554
116.2948 163.6731 179.1616 184.8572 212.1943 120.5297 95.53864 95.81096 74.27506 77.64362 130.5531 222.2826 188.5239 159.2976 167.7511 312.1277 343.3781 338.4201 283.2609 230.3034 212.8285 224.1697 235.5927 220.3084 213.4129 226.2902 256.9128 282.019 293.8981 304.6337 296.7675 289.29 347.7352 60.64225 116.4584 146.8887 182.3936 205.9274 207.741 189.4126 163.7677 174.2704 207.2502 173.483 158.2312 139.07 123.5374 134.7205 147.2396 187.4959 171.6617 196.4845 248.6002 214.6533 153.5603 144.6808 301.5269 59.77455 78.42017 56.2745 10.65685 339.2474 347.0054
135 126.8699 136.8084 242.2415 275.2821 88.49256 93.52402 89.62054 71.56505 87.57221 96.37613 221.3111 175.7865 161.9148 286.9786 311.1172 339.8491 356.3165 1.826203 358.3445 347.9694 264.4725 246.3929 234.0811 253.4033 283.0764 299.5091 289.051 296.1827 330.6422 323.0171 10.49148 201.3706 127.5885 121.4806 146.5523 197.9188 203.9077 196.3504 165.9638 153.2616 185.4516 209.8397 167.2533 153.4836 136.8012 128.5007 138.5508 141.8847 177.6338 167.1482 206.249 225.8141 189.1624 165.3298 182.1069 201.4507 164.0546 92.52612 22.01128 12.24349 359.8146 4.497152
178.0246 225 340.6591 4.611391 165.4218 157.7263 128.6356 111.3221 49.21436 85.10298 94.93416 208.5571 293.9662 326.1855 315.4422 314.7825 329.2296 350.7253 9.514807 10.88553 12.76557 349.439 311.6691 321.6453 319.8208 316.5014 327.7964 293.1684 279.5081 318.4893 342.0721 34.18612 95.77432 121.0216 117.3043 146.5309 207.5291 202.6593 178.3719 152.8948 157.249 190.7887 196.607 174.53 162.0203 134.0685 130.7015 149.9168 166.15 167.1612 158.6821 199.6101 215.2309 192.5104 168.7675 187.0967 216.6626 221.9059 289.8552 14.79676 56.05146 64.73269 87.70939
326.7683 327.4445 328.38 48.69139 111.7005 155.7341 161.3987 197.2415 149.5002 98.99421 100.2377 248.7699 280.1816 283.1739 269.4655 256.4521 261.0274 281.5138 79.23746 83.10757 25.85186 341.3233 312.4495 316.7936 318.223 322.0253 345.8319 326.6593 302.8894 312.3057 135 134.7106 146.6115 137.5779 124.0826 152.5457 219.8259 197.4472 156.7335 143.2945 153.0137 184.889 187.0508 184.0745 183.7553 124.9594 111.5967 130.3999 170.875 161.4894 155.8188 200.3964 221.6803 210.0271 197.396 274.1276 289.9948 299.1161 327.7575 139.6774 141.9343 129.8768 143.4816
334.3575 339.6604 358.1118 112.2062 105.4451 118.0085 165.6496 208.9218 171.1507 119.6491 82.74951 347.9517 241.6467 216.2176 205.0045 212.8632 223.9444 218.8647 145.4774 156.5713 233.5308 272.7501 276.6473 279.3855 280.6519 291.7408 336.9451 338.344 318.9116 193.2405 131.0671 129.0075 143.8334 144.259 133.6279 164.689 211.3441 179.008 154.6741 140.2079 141.0332 171.3152 186.2468 202.3305 217.4316 115.5234 89.73917 82.44093 108.435 134.2559 148.7608 219.5018 233.2407 242.7377 275.4982 306.0184 310.9541 323.2797 50.51491 99.78241 140.9206 138.2245 140.7872
331.6351 100.4915 130.5859 132.7868 127.4246 120.587 141.953 197.6202 161.6875 132.3279 326.0269 359.5446 48.63131 197.5686 214.4257 213.7247 237.1524 239.5345 153.6717 187.0789 246.351 271.427 268.6574 264.2309 263.2656 251.3505 205.4211 184.7491 176.6335 177.9228 155.6335 85.77972 81.74747 103.2986 123.9357 165.3539 186.662 174.447 169.7186 154.8634 137.1747 152.5256 191.4451 223.2346 227.4895 142.4314 98.09702 90.36034 107.3048 126.7808 164.7946 241.2888 252.797 265.156 276.1016 290.1393 302.9574 348.4654 81.16659 96.30786 127.5329 156.8014 150.7512
135 139.4526 123.9298 114.689 113.782 109.6333 7.945298 63.22232 105.4645 299.4604 305.5391 16.08701 79.26933 14.59657 319.3473 7.125016 239.1254 228.1798 196.5644 228.846 260.0872 271.4857 273.712 266.7509 252.6607 212.0999 183.2785 179.32 176.6948 183.961 200.1437 160.641 59.6996 66.56275 73.30927 92.976 150.598 166.1471 175.6166 173.7338 154.0787 147.3167 192.4855 220.1723 214.6952 171.1582 125.8238 105.7719 112.952 133.6498 235.1543 295.4443 316.776 286.7101 271.3278 269.124 261.3078 144.2026 131.1105 130.0429 136.9855 162.8155 170.0076
151.6036 142.3297 120.5729 104.0751 86.39872 37.64762 67.29354 102.2794 30.74694 308.8731 310.2234 77.53825 101.6888 249.6305 298.98 12.54753 331.5701 228.7931 214.8182 219.3226 231.7098 244.8812 239.8622 237.9702 219.3795 177.9034 174.4214 177.8668 181.008 190.9033 205.9249 204.2151 154.3467 76.21159 49.21645 41.89148 51.85876 58.57043 92.48956 156.0923 156.3046 158.8458 189.1129 204.7138 207.9088 186.2184 148.69 126.3921 116.0621 130.2364 261.3843 269.3943 269.752 254.258 251.131 251.0889 224.6021 145.2532 130.6229 133.2925 128.0048 145.4764 172.7307
151.0788 138.5562 124.2611 92.60256 49.98633 38.89994 95.86576 112.5375 314.188 307.9371 324.3955 73.99187 83.05212 204.4404 248.7656 298.2334 31.69324 1.27303 242.3085 238.6504 243.435 236.9485 232.3584 238.8429 200.4988 159.3652 168.887 174.0872 190.8661 202.567 206.7657 205.4122 196.1416 143.6825 65.46587 51.08674 54.15234 50.18105 61.2602 89.36104 109.0593 119.7449 167.3569 190.4213 205.906 189.6944 152.4069 136.3575 121.8022 149.2865 249.4625 237.5654 220.9144 220.5292 246.9525 245.8209 215.161 145.3048 114.168 114.1234 95.68966 83.25394 100.008
78.11134 60.81137 46.74895 33.23171 25.98633 64.80978 74.52581 333.3065 306.792 290.9879 306.7808 77.19573 79.33186 97.95275 249.4084 228.5107 159.8955 295.56 319.936 299.3726 272.9051 254.3578 272.8624 273.1882 156.5519 138.0941 158.2526 183.5035 228.1623 230.6792 241.7529 244.1336 206.8962 182.2628 184.4412 72.56512 73.05154 80.47533 86.18593 56.25223 21.2965 24.19791 43.77586 84.32698 192.2421 181.5945 157.6938 139.2758 124.7428 288.0198 296.3571 298.8724 294.1022 280.561 273.1108 262.2514 209.0969 155.6079 129.5445 139.648 139.4672 118.1537 107.0277
209.2193 11.76829 34.99202 52.74471 102.8671 113.1986 81.25384 313.2163 318.9909 309.2374 167.0054 99.50436 89.63727 85.98494 251.4583 201.5358 190.2937 231.5432 268.0145 287.4709 251.3127 241.6477 244.7595 208.7556 158.6294 148.1043 161.3898 267.9854 294.5777 311.5788 299.1315 264.3517 152.1706 176.2061 219.8429 173.7655 87.57524 79.07111 46.25904 359.5265 7.052306 29.97834 33.40011 29.2749 34.67974 90.91666 143.7283 147.1675 165.3467 268.0651 283.6473 289.1481 289.4626 274.0018 273.7449 256.7595 166.1048 155.5764 141.0521 157.4949 164.7907 159.9767 169.43
225.4441 261.7029 37.14669 82.36667 108.7177 115.0132 289.8888 296.4658 313.739 359.7699 74.2076 92.39259 87.47931 93.05054 224.9845 219.5651 269.6799 258.4241 244.1655 233.3591 235.1455 239.5345 204.984 187.5238 171.228 169.6449 245.4496 282.549 276.5999 259.895 236.75 156.7459 142.864 181.9183 235.9036 231.7796 81.3692 61.54972 12.14739 343.1661 5.102165 28.61046 21.62584 16.59191 26.21319 41.93848 57.22282 91.71265 191.3099 250.4122 259.1597 252.3777 238.3392 270.7538 264.9395 191.5752 152.1027 152.7839 128.1969 135.6821 164.5666 188.1301 238.2011
285.5991 294.6361 37.01989 90.2502 92.90066 15.59281 315.425 290.0372 268.573 133.0251 123.9063 121.7212 96.18192 85.05504 210.9357 244.853 259.6065 257.8253 238.69 225.7465 217.9297 191.5555 173.3426 195.8025 192.6002 213.0239 258.893 259.6079 223.7175 201.9808 186.4326 153.6157 148.0491 215.4576 253.1737 246.6006 67.58731 31.51102 357.9921 340.3578 0.2698368 27.74489 24.81877 26.69636 46.82498 66.56275 78.71704 88.56464 309.3594 295.3754 306.5469 329.3328 327.2361 295.0366 272.7875 141.0332 132.0351 152.835 141.3402 132.3826 162.8877 208.0879 227.4161
321.6135 335.2506 74.86283 93.23502 27.03763 340.4325 342.9586 335.082 326.9761 127.6338 135.4735 144.4378 129.9364 69.56694 28.03591 154.2357 189.8193 196.6289 208.9458 216.1096 210.2735 199.0156 214.895 298.548 340.3197 279.4623 244.7894 234.1471 243.699 152.1027 144.7133 144.3955 166.6687 236.8051 233.5308 207.2553 197.113 198.9582 282.3808 276.6745 293.1986 65.89288 64.60159 83.46973 104.6294 109.5443 112.7413 131.7603 288.0511 296.0296 292.0332 299.6667 259.8245 232.8884 196.6485 155.2076 144.4176 160.9177 156.0375 146.8634 166.0853 214.422 237.2648
307.5007 16.08701 83.63857 43.48459 338.948 336.2268 347.8319 8.683527 41.21111 83.29657 109.5493 131.3444 163.6309 251.5624 28.14382 64.90549 110.0329 187.3578 212.5426 228.0128 245.0952 271.9902 295.6579 314.1048 6.608464 8.130102 312.7094 286.5311 258.6901 140.0424 122.5057 130.6137 187.9016 225.4953 199.7912 190.8792 203.219 197.9304 193.1437 205.0169 189.8011 156.9808 133.3054 114.1643 108.1721 106.1754 106.4749 160.4957 248.7066 238.9656 217.4527 187.3806 183.3501 184.4708 175.9346 160.2189 153.0537 165.6773 154.2419 139.5653 160.883 217.3095 245.9605
236.9633 154.7468 89.39691 336.8459 321.3086 334.9304 346.2469 85.99583 82.58216 82.98089 88.32025 98.26926 151.3905 213.4742 188.6827 107.4721 88.67339 113.2724 241.4005 252.9485 259.342 277.696 278.8484 257.4712 152.7232 250.3462 307.9753 333.1617 327.9465 108.7021 108.503 116.7481 174.2513 197.8076 184.4533 188.56 208.1611 200.4745 199.0935 216.9888 190.5424 156.3252 150.7042 132.6559 105.2847 91.77016 79.96051 90.24381 221.2409 215.2217 208.2134 184.5873 180.4441 183.2809 169.9416 142.8831 143.3814 166.164 164.1343 143.3192 153.3458 225.9629 255.1758
209.8788 190.9896 192.0115 310.9448 302.504 155.556 153.6469 150.9005 147.812 109.2616 90.90676 92.80535 117.959 195.2561 191.3064 156.3523 134.7431 153.8888 252.8095 247.1607 237.3625 234.3295 222.4142 194.1514 181.898 212.6609 247.2719 274.946 24.44395 77.79953 87.51981 93.30186 123.5086 178.4926 179.2442 193.342 213.942 203.0927 203.8929 212.9299 187.3105 156.6864 160.308 162.5867 113.2541 83.4389 72.4642 79.78281 178.8983 215.2295 214.3716 183.231 181.8626 187.9975 174.9709 153.6516 144.2167 157.7704 171.3613 164.2624 177.6863 276.7612 275.1437
230.2282 240.857 273.7816 297.9138 104.1622 138.8655 150.3169 144.9304 152.2815 145.7131 112.3156 97.35551 92.86475 1.637513 129.2206 134.3125 121.8368 174.4725 211.1814 212.9754 220.8286 208.68 197.4705 190.13 204.9257 231.5491 235.4138 221.1072 180.382 116.9657 99.25103 90.29997 79.74318 93.75466 166.1355 192.6665 224.2395 227.3184 202.1903 194.3074 183.7954 164.1657 170.2022 178.0825 158.1986 121.7486 94.23333 83.32464 77.03761 216.2853 229.6842 187.7552 177.1778 178.2902 166.7479 174.4725 162.8596 152.2281 172.1303 220.9138 299.9435 292.9436 277.1843
294.576 309.1245 308.8188 332.8846 66.33119 82.70136 95.71059 109.458 122.4891 148.1287 140.3182 116.7175 66.93837 337.7742 30.92319 37.60472 18.51269 21.44774 50.52754 191.3099 207.7162 204.0532 209.6115 214.0997 217.8038 209.5362 201.0885 197.4912 189.5398 163.6467 141.2345 148.9829 98.1301 37.00692 30.96376 93.87336 222.1209 229.2366 167.2854 163.8394 174.3636 168.9532 172.6632 179.1186 183.8396 170.1597 127.7857 91.87174 71.27517 110.5946 221.6661 193.9565 164.1859 165.8629 152.9044 182.1976 184.1446 181.1808 320.0424 322.3081 320.4243 302.5417 189.9165
293.9445 297.7508 299.873 0 67.89986 51.00901 37.295 53.62437 66.44315 77.12141 107.9847 121.8775 297.0653 319.896 40.40575 58.58898 53.60138 84.87683 100.1831 130.6723 214.0366 253.0447 267.0105 234.4195 204.9369 204.5696 205.6602 204.118 192.0487 168.9745 158.9496 190.1357 246.4768 19.98067 76.10853 105.5268 206.565 226.8058 140.7781 121.5838 146.2814 162.5051 165.3052 177.8672 190.6524 183.9398 167.8557 146.3551 113.4047 110.2116 194.7615 188.8878 167.3742 168.5439 156.0363 210.4789 272.0826 309.5007 323.6337 329.3497 326.7456 154.9831 146.6649
288.5856 292.3019 281.5871 24.92847 64.99767 39.61069 57.93546 77.76989 77.53938 76.73667 81.90085 32.27886 298.7435 311.4374 88.16716 113.4096 149.2034 152.4011 149.5248 187.7652 313.7078 298.6862 252.1399 182.9108 198.701 226.4144 227.7979 211.0898 180.8814 163.0725 179.5559 277.1555 269.0978 157.5332 113.5723 118.0468 179.5342 236.1149 351.573 69.86032 81.44817 109.1589 134.7509 168.0596 186.0847 186.4159 185.0091 172.8445 148.2952 119.3272 149.5365 181.6024 173.253 173.0715 24.44395 297.8103 301.417 307.4582 311.6335 313.8542 140.4403 140.8143 148.9671
283.5704 293.5212 289.146 290.0952 49.3987 60.00891 91.63037 105.0519 113.3049 106.8518 84.87029 347.1523 291.7839 324.5142 77.29693 82.38528 92.12939 113.2654 146.8368 253.7398 257.0518 206.565 195.6711 182.4782 195.1172 208.9648 206.7529 203.6888 202.0488 274.9271 321.5819 318.3109 325.4207 104.1332 107.0525 123.7894 168.7983 216.6743 207.5881 122.0822 96.24684 84.41129 84.76773 112.1194 152.4254 180.4308 185.0071 172.3373 164.0537 139.9666 117.3299 143.1588 277.3176 321.3512 323.3049 297.0949 299.326 292.3062 203.3691 171.0426 146.9895 135.3828 152.1281
291.1247 288.0398 187.4606 203.5271 182.5858 99.46232 96.5433 90.65 76.37301 54.68879 56.40799 357.2148 280.4117 307.3667 73.50554 63.66558 60.36846 62.57342 62.88929 225.559 205.4077 186.7624 192.5002 193.4732 208.3721 239.9816 256.3969 264.8056 280.5973 296.7915 305.6764 303.4248 129.114 133.5971 127.25 128.6042 164.1879 217.0818 204.122 160.1757 145.6522 91.76627 53.40068 48.08021 50.67742 57.52881 129.8056 28.71138 6.546291 3.783576 22.79601 35.68877 247.0861 204.5821 248.6839 272.634 260.3503 201.7607 158.0994 165.3539 148.3777 131.7251 149.6443
