CHESS/xf_ws/geo/xf_ws.sthread32
ncols	177
nrows	146
xllcorner	799600
yllcorner	2.64717e+06
cellsize	200
NODATA_value	-9999
[rows 45 to 89 of 146, columns 0 to 95 of 177]
-9999 -9999 -9999 -9999 -9999 -9999 -9999 -9999 -9999 -9999 -9999 -9999 -9999 -9999 -9999 -9999 -9999 -9999 -9999 -9999 -9999 -9999 -9999 -9999 -9999 -9999 -9999 -9999 -9999 -9999 -9999 -9999 -9999 -9999 -9999 -9999 -9999 -9999 -9999 -9999 -9999 -9999 1 20 20 20 20 20 20 20 20 20 5 5 5 30 30 30 7 7 7 7 7 7 7 3 3 3 3 3 3 3 15 15 15 27 27 27 27 27 27 27 27 27 20 20 20 20 17 20 20 20 22 22 22 22
-9999 -9999 -9999 -9999 -9999 -9999 -9999 -9999 -9999 -9999 -9999 -9999 -9999 -9999 -9999 -9999 -9999 -9999 -9999 -9999 -9999 -9999 -9999 -9999 -9999 -9999 -9999 -9999 -9999 -9999 -9999 -9999 -9999 -9999 -9999 -9999 -9999 -9999 -9999 -9999 -9999 -9999 20 20 20 20 20 20 20 20 20 20 20 5 5 30 30 30 7 7 7 7 7 7 7 3 3 3 3 3 3 3 15 15 15 15 27 27 27 27 27 27 27 27 20 20 20 20 20 20 20 20 22 22 22 22
-9999 -9999 -9999 -9999 -9999 -9999 -9999 -9999 -9999 -9999 -9999 -9999 -9999 -9999 -9999 -9999 -9999 -9999 -9999 -9999 -9999 -9999 -9999 -9999 -9999 -9999 -9999 -9999 -9999 -9999 -9999 -9999 -9999 -9999 -9999 -9999 -9999 -9999 -9999 -9999 -9999 -9999 20 20 20 20 5 5 5 5 5 5 5 5 5 5 30 30 7 7 7 7 7 7 7 3 3 3 3 3 3 15 15 15 15 15 15 27 27 27 27 27 27 20 20 20 20 20 20 20 20 20 22 22 22 22
-9999 -9999 -9999 -9999 -9999 -9999 -9999 -9999 -9999 -9999 -9999 -9999 -9999 -9999 -9999 -9999 -9999 -9999 -9999 -9999 -9999 -9999 -9999 -9999 -9999 -9999 -9999 -9999 -9999 -9999 -9999 -9999 -9999 -9999 -9999 -9999 -9999 -9999 -9999 -9999 -9999 -9999 20 20 5 5 5 5 5 5 5 5 5 5 5 30 30 30 7 7 7 7 8 8 3 3 3 3 3 3 15 15 15 15 15 15 15 15 27 27 27 27 20 20 31 20 20 31 31 20 20 20 22 22 22 22
-9999 -9999 -9999 -9999 -9999 -9999 -9999 -9999 -9999 -9999 -9999 -9999 -9999 -9999 -9999 -9999 -9999 -9999 -9999 -9999 -9999 -9999 -9999 -9999 -9999 -9999 -9999 -9999 -9999 -9999 -9999 -9999 -9999 -9999 -9999 -9999 -9999 -9999 -9999 -9999 -9999 -9999 5 5 5 5 5 5 5 5 5 5 5 8 8 8 8 8 8 7 8 8 8 8 8 8 3 3 32 32 32 32 1 1 15 15 15 15 15 27 27 27 31 31 31 31 31 31 31 31 31 22 22 22 22 22
-9999 -9999 -9999 -9999 -9999 -9999 -9999 -9999 -9999 -9999 -9999 -9999 -9999 -9999 -9999 -9999 -9999 -9999 -9999 -9999 -9999 -9999 -9999 -9999 -9999 -9999 -9999 -9999 -9999 -9999 -9999 -9999 -9999 -9999 -9999 -9999 -9999 -9999 -9999 -9999 -9999 -9999 24 24 5 5 5 5 24 24 24 24 24 10 10 10 8 8 8 8 8 8 8 8 8 8 8 32 32 32 32 32 32 1 1 1 1 15 15 15 27 27 31 31 31 31 31 31 31 31 23 23 5 22 22 22
-9999 -9999 -9999 -9999 -9999 -9999 -9999 -9999 -9999 -9999 -9999 -9999 -9999 -9999 -9999 -9999 -9999 -9999 -9999 -9999 -9999 -9999 -9999 -9999 -9999 -9999 -9999 -9999 -9999 -9999 -9999 -9999 -9999 -9999 -9999 -9999 -9999 -9999 -9999 -9999 -9999 -9999 24 24 24 24 24 24 24 24 24 24 24 10 10 10 10 10 8 8 8 8 8 8 8 8 8 32 32 32 32 32 32 32 1 1 1 15 15 27 27 27 31 31 31 31 31 31 23 23 23 23 5 5 5 5
-9999 -9999 -9999 -9999 -9999 -9999 -9999 -9999 -9999 -9999 -9999 -9999 -9999 -9999 -9999 -9999 -9999 -9999 -9999 -9999 -9999 -9999 -9999 -9999 -9999 -9999 -9999 -9999 -9999 -9999 -9999 -9999 -9999 -9999 -9999 -9999 -9999 -9999 -9999 -9999 -9999 24 24 24 24 24 24 24 24 24 24 24 24 10 10 10 10 10 8 8 8 8 8 8 8 8 8 32 32 32 32 32 32 32 1 1 1 15 15 27 27 31 31 31 31 31 31 23 23 23 23 23 5 5 5 5
-9999 -9999 -9999 -9999 -9999 -9999 -9999 -9999 -9999 -9999 -9999 -9999 -9999 -9999 -9999 -9999 -9999 -9999 -9999 -9999 -9999 -9999 -9999 -9999 -9999 -9999 -9999 -9999 -9999 -9999 -9999 -9999 -9999 -9999 -9999 -9999 -9999 -9999 -9999 -9999 -9999 24 24 24 24 24 24 24 24 24 24 24 10 10 10 10 10 10 10 10 8 8 8 8 8 8 32 32 32 32 32 32 1 1 1 1 1 31 31 31 31 31 31 31 31 31 23 23 23 5 5 5 5 5 5 5
-9999 -9999 -9999 -9999 -9999 -9999 -9999 -9999 -9999 -9999 -9999 -9999 -9999 -9999 -9999 -9999 -9999 -9999 -9999 -9999 -9999 -9999 -9999 -9999 -9999 -9999 -9999 -9999 -9999 -9999 -9999 -9999 -9999 -9999 -9999 -9999 -9999 -9999 -9999 2 2 4 4 4 4 24 24 24 24 24 24 10 10 21 21 21 10 10 10 10 10 10 10 10 10 8 32 32 1 1 1 1 1 1 1 1 1 31 31 31 31 31 32 32 32 23 23 23 5 5 5 5 5 5 5 5
-9999 -9999 -9999 -9999 -9999 -9999 -9999 -9999 -9999 -9999 -9999 -9999 -9999 -9999 -9999 -9999 -9999 -9999 -9999 -9999 -9999 -9999 -9999 -9999 -9999 -9999 -9999 -9999 -9999 -9999 -9999 -9999 -9999 -9999 -9999 -9999 -9999 -9999 2 2 2 4 4 4 4 4 24 24 24 24 24 21 21 21 21 21 21 21 10 21 21 21 21 10 10 25 25 25 1 1 1 1 1 1 26 1 1 31 31 32 32 32 32 32 32 23 23 23 5 5 5 5 5 5 5 15
-9999 -9999 -9999 -9999 -9999 -9999 -9999 -9999 -9999 -9999 -9999 -9999 -9999 -9999 -9999 -9999 -9999 -9999 -9999 -9999 -9999 -9999 -9999 -9999 -9999 -9999 -9999 -9999 -9999 -9999 -9999 -9999 -9999 -9999 -9999 -9999 -9999 -9999 2 2 2 2 4 4 4 4 4 24 24 24 24 21 21 21 21 21 21 21 21 21 21 21 21 21 25 25 25 25 1 1 1 1 1 26 26 26 26 31 32 32 32 32 32 32 23 23 23 5 5 5 5 5 15 15 15 15
-9999 -9999 -9999 -9999 -9999 -9999 -9999 -9999 -9999 -9999 -9999 -9999 -9999 -9999 -9999 -9999 -9999 -9999 -9999 -9999 -9999 -9999 -9999 -9999 -9999 -9999 -9999 -9999 -9999 -9999 -9999 -9999 -9999 -9999 -9999 -9999 -9999 -9999 2 2 2 2 4 4 4 4 4 4 24 24 24 21 21 21 21 21 21 21 21 21 21 21 21 25 25 25 25 25 1 1 1 1 26 26 26 26 26 32 32 32 32 32 32 32 23 23 23 23 23 23 23 15 15 15 15 15
-9999 -9999 -9999 -9999 -9999 -9999 -9999 -9999 -9999 -9999 -9999 -9999 -9999 -9999 -9999 -9999 -9999 -9999 -9999 -9999 -9999 -9999 -9999 -9999 -9999 -9999 -9999 -9999 -9999 -9999 -9999 -9999 -9999 -9999 -9999 -9999 -9999 2 2 2 2 2 4 4 4 4 4 4 4 24 24 24 22 21 21 21 21 21 21 21 21 25 25 25 25 25 25 25 1 1 1 26 26 26 26 26 32 32 32 32 32 32 32 32 32 23 23 23 23 23 23 15 15 15 15 15
-9999 -9999 -9999 -9999 -9999 -9999 -9999 -9999 -9999 -9999 -9999 -9999 -9999 -9999 -9999 -9999 -9999 -9999 -9999 -9999 -9999 -9999 -9999 -9999 -9999 -9999 -9999 -9999 -9999 -9999 -9999 -9999 -9999 -9999 -9999 -9999 -9999 2 2 2 2 2 4 32 4 4 4 4 4 4 24 24 22 22 22 22 22 21 21 25 25 25 25 25 25 25 25 25 11 1 26 26 26 26 26 26 32 32 32 32 32 32 32 32 32 32 32 9 9 23 15 15 15 15 15 15
-9999 -9999 -9999 -9999 -9999 -9999 -9999 -9999 -9999 -9999 -9999 -9999 -9999 -9999 -9999 -9999 -9999 -9999 -9999 -9999 -9999 -9999 -9999 -9999 -9999 -9999 -9999 -9999 -9999 -9999 -9999 -9999 -9999 -9999 -9999 -9999 -9999 2 2 2 2 2 4 32 32 4 4 4 4 4 24 24 22 22 22 22 22 22 22 25 25 25 25 25 25 11 11 11 11 11 26 26 26 26 26 26 32 32 32 32 32 32 9 9 9 9 9 9 13 13 13 13 15 15 15 15
-9999 -9999 -9999 -9999 -9999 -9999 -9999 -9999 -9999 -9999 -9999 -9999 -9999 -9999 -9999 -9999 -9999 -9999 -9999 -9999 -9999 -9999 -9999 -9999 -9999 -9999 -9999 -9999 -9999 -9999 -9999 -9999 -9999 -9999 -9999 -9999 -9999 2 2 2 2 2 4 4 32 32 4 4 4 4 4 24 22 22 22 22 22 22 22 25 25 25 25 11 11 11 11 11 11 11 26 26 26 26 24 24 21 21 21 21 32 9 9 9 9 9 9 13 13 13 13 13 13 15 15 15
-9999 -9999 -9999 -9999 -9999 -9999 -9999 -9999 -9999 -9999 -9999 -9999 -9999 -9999 -9999 -9999 -9999 -9999 -9999 -9999 -9999 -9999 -9999 -9999 -9999 -9999 -9999 -9999 -9999 -9999 -9999 -9999 -9999 -9999 -9999 -9999 -9999 -9999 2 2 2 2 4 4 32 32 32 4 4 4 24 24 22 22 22 22 22 22 25 25 25 25 11 11 11 11 11 11 11 11 26 24 24 24 24 24 21 21 21 21 21 9 9 9 9 9 9 13 13 13 13 13 13 15 15 15
-9999 -9999 -9999 -9999 -9999 -9999 -9999 -9999 -9999 -9999 -9999 -9999 -9999 -9999 -9999 -9999 -9999 -9999 -9999 -9999 -9999 -9999 -9999 -9999 -9999 -9999 -9999 -9999 -9999 -9999 -9999 -9999 -9999 -9999 -9999 -9999 -9999 -9999 4 4 4 2 2 4 4 32 32 4 4 24 24 24 24 24 24 24 24 24 25 25 25 25 25 11 11 11 11 11 11 24 24 24 24 24 24 24 24 21 21 21 21 14 9 9 9 9 13 13 13 13 13 13 15 15 15 32
-9999 -9999 -9999 -9999 -9999 -9999 -9999 -9999 -9999 -9999 -9999 -9999 -9999 -9999 -9999 -9999 -9999 -9999 -9999 -9999 -9999 -9999 -9999 -9999 -9999 -9999 -9999 -9999 -9999 -9999 -9999 -9999 -9999 -9999 -9999 -9999 -9999 -9999 -9999 4 4 4 4 4 32 32 32 32 25 25 25 25 24 24 24 24 24 24 15 15 15 15 15 15 15 11 11 11 24 24 24 24 24 24 24 24 24 24 21 21 21 14 14 14 9 9 13 13 13 13 13 13 15 15 15 32
-9999 -9999 -9999 -9999 -9999 -9999 -9999 -9999 -9999 -9999 -9999 -9999 -9999 -9999 -9999 -9999 -9999 -9999 -9999 -9999 -9999 -9999 -9999 -9999 -9999 -9999 -9999 -9999 -9999 -9999 -9999 -9999 -9999 -9999 -9999 -9999 -9999 -9999 -9999 4 4 4 4 4 32 32 32 32 25 25 25 25 24 24 24 24 24 15 15 15 15 15 15 15 15 11 11 11 12 24 24 24 24 21 24 24 24 21 21 14 14 14 14 9 9 9 13 13 13 13 13 13 15 15 32 32
-9999 -9999 -9999 -9999 -9999 -9999 -9999 -9999 -9999 -9999 -9999 -9999 -9999 -9999 -9999 -9999 -9999 -9999 -9999 -9999 -9999 -9999 -9999 -9999 -9999 -9999 -9999 -9999 -9999 -9999 -9999 -9999 -9999 -9999 -9999 -9999 -9999 -9999 -9999 4 4 4 4 32 32 32 32 9 9 9 9 9 25 25 24 25 15 15 15 15 15 15 15 10 15 15 11 12 12 12 12 12 21 21 21 21 21 14 14 14 14 14 14 9 9 9 9 13 13 13 13 13 15 15 18 18
-9999 -9999 -9999 -9999 -9999 -9999 -9999 -9999 -9999 -9999 -9999 -9999 -9999 -9999 -9999 -9999 -9999 -9999 -9999 -9999 -9999 -9999 -9999 -9999 -9999 -9999 -9999 -9999 -9999 -9999 -9999 -9999 -9999 -9999 -9999 -9999 -9999 -9999 -9999 4 4 4 4 32 32 32 32 9 9 9 9 9 25 25 25 25 15 15 15 15 15 15 10 10 10 10 12 12 12 12 12 12 12 21 21 21 21 14 14 14 14 14 14 9 9 9 9 13 13 13 13 13 18 18 18 18
-9999 -9999 -9999 -9999 -9999 -9999 -9999 -9999 -9999 -9999 -9999 -9999 -9999 -9999 -9999 -9999 -9999 -9999 -9999 -9999 -9999 -9999 -9999 -9999 -9999 -9999 -9999 -9999 -9999 -9999 -9999 -9999 -9999 -9999 -9999 -9999 -9999 -9999 -9999 4 4 4 32 32 32 9 9 9 9 9 25 25 25 25 25 25 15 15 15 15 15 10 10 10 10 10 10 12 12 12 12 12 12 21 21 21 14 14 14 14 14 14 14 9 9 9 9 13 13 13 13 18 18 18 18 18
-9999 -9999 -9999 -9999 -9999 -9999 -9999 -9999 -9999 -9999 -9999 -9999 -9999 -9999 -9999 -9999 -9999 -9999 -9999 -9999 -9999 -9999 -9999 -9999 -9999 -9999 -9999 -9999 -9999 -9999 -9999 -9999 -9999 -9999 -9999 -9999 -9999 -9999 -9999 4 4 4 32 32 9 9 9 9 9 9 25 25 25 25 25 25 25 15 15 15 10 10 10 10 10 10 10 3 12 12 12 12 12 21 21 21 14 14 14 14 14 14 17 17 9 9 9 17 17 17 17 18 18 18 18 18
-9999 -9999 -9999 -9999 -9999 -9999 -9999 -9999 -9999 -9999 -9999 -9999 -9999 -9999 -9999 -9999 -9999 -9999 -9999 -9999 -9999 -9999 -9999 -9999 -9999 -9999 -9999 -9999 -9999 -9999 -9999 -9999 -9999 -9999 -9999 -9999 -9999 -9999 -9999 4 4 9 9 9 9 9 9 9 9 25 25 25 25 25 25 25 25 10 10 10 10 10 10 12 12 12 3 3 3 12 12 12 12 21 21 21 14 1 1 1 1 17 17 17 17 17 17 17 17 17 17 17 18 18 18 18
-9999 -9999 -9999 -9999 -9999 -9999 -9999 -9999 -9999 -9999 -9999 -9999 -9999 -9999 -9999 -9999 -9999 -9999 -9999 -9999 -9999 -9999 -9999 -9999 -9999 -9999 -9999 -9999 -9999 -9999 -9999 -9999 -9999 -9999 -9999 -9999 -9999 -9999 -9999 4 4 9 9 9 9 9 9 9 9 25 25 25 25 13 13 13 10 10 10 10 10 12 12 12 12 12 3 3 3 3 12 12 12 12 12 1 1 1 1 1 1 17 17 17 17 17 17 17 17 17 17 17 17 18 18 18
-9999 -9999 -9999 -9999 -9999 -9999 -9999 -9999 -9999 -9999 -9999 -9999 -9999 -9999 -9999 -9999 -9999 -9999 -9999 -9999 -9999 -9999 -9999 -9999 -9999 -9999 -9999 -9999 -9999 -9999 -9999 -9999 -9999 -9999 -9999 -9999 -9999 -9999 -9999 -9999 9 9 9 9 9 9 8 8 8 8 13 13 13 13 13 13 10 10 10 12 12 12 12 12 12 12 3 3 3 3 12 12 12 12 27 1 1 1 1 1 1 1 1 1 17 17 17 17 17 17 17 17 17 18 18 18
-9999 -9999 -9999 -9999 -9999 -9999 -9999 -9999 -9999 -9999 -9999 -9999 -9999 -9999 -9999 -9999 -9999 -9999 -9999 -9999 -9999 -9999 -9999 -9999 -9999 -9999 -9999 -9999 -9999 -9999 -9999 -9999 -9999 -9999 -9999 -9999 -9999 -9999 -9999 -9999 -9999 9 9 9 9 8 8 8 8 8 8 13 13 13 13 13 10 10 10 12 12 12 12 12 12 12 3 3 3 3 3 12 12 12 27 27 1 1 1 1 1 1 1 1 1 17 17 17 17 17 17 17 17 18 18 2
-9999 -9999 -9999 -9999 -9999 -9999 -9999 -9999 -9999 -9999 -9999 -9999 -9999 -9999 -9999 -9999 -9999 -9999 -9999 -9999 -9999 -9999 -9999 -9999 -9999 -9999 -9999 -9999 -9999 -9999 -9999 -9999 -9999 -9999 -9999 -9999 -9999 -9999 -9999 -9999 -9999 9 9 9 9 8 8 8 8 8 8 13 13 13 13 13 10 10 12 12 12 12 12 12 12 6 3 3 3 3 3 3 12 12 27 27 27 27 1 1 1 1 1 1 1 17 17 17 2 2 2 2 2 2 2 2
-9999 -9999 -9999 -9999 -9999 -9999 -9999 -9999 -9999 -9999 -9999 -9999 -9999 -9999 -9999 -9999 -9999 -9999 -9999 -9999 -9999 -9999 -9999 -9999 -9999 -9999 -9999 -9999 -9999 -9999 -9999 -9999 -9999 -9999 -9999 -9999 -9999 -9999 -9999 -9999 -9999 -9999 8 8 8 8 8 8 8 8 8 13 13 13 13 13 10 12 12 12 12 12 12 12 12 6 3 3 3 3 3 3 3 3 27 27 27 27 27 1 1 1 1 1 1 12 12 12 2 2 2 2 2 2 2 2
-9999 -9999 -9999 -9999 -9999 -9999 -9999 -9999 -9999 -9999 -9999 -9999 -9999 -9999 -9999 -9999 -9999 -9999 -9999 -9999 -9999 -9999 -9999 -9999 -9999 -9999 -9999 -9999 -9999 -9999 -9999 -9999 -9999 -9999 -9999 -9999 -9999 -9999 -9999 -9999 -9999 -9999 8 8 8 8 8 8 8 8 13 13 13 13 13 4 4 4 12 12 12 12 12 12 6 6 6 3 3 3 3 3 3 30 30 27 27 27 27 1 1 1 1 1 1 12 12 12 12 2 2 2 2 2 2 2
-9999 -9999 -9999 -9999 -9999 -9999 -9999 -9999 -9999 -9999 -9999 -9999 -9999 -9999 -9999 -9999 -9999 -9999 -9999 -9999 -9999 -9999 -9999 -9999 -9999 -9999 -9999 -9999 -9999 -9999 -9999 -9999 -9999 -9999 -9999 -9999 -9999 -9999 -9999 -9999 -9999 -9999 8 8 8 8 8 8 8 8 13 13 13 13 13 4 4 4 4 12 12 12 6 6 6 6 6 28 3 3 3 3 30 30 30 27 27 27 27 27 27 27 1 12 12 12 12 12 12 2 2 2 2 2 2 2
-9999 -9999 -9999 -9999 -9999 -9999 -9999 -9999 -9999 -9999 -9999 -9999 -9999 -9999 -9999 -9999 -9999 -9999 -9999 -9999 -9999 -9999 -9999 -9999 -9999 -9999 -9999 -9999 -9999 -9999 -9999 -9999 -9999 -9999 -9999 -9999 -9999 -9999 -9999 -9999 -9999 -9999 8 8 8 8 8 8 8 8 13 13 13 13 4 4 4 4 4 4 6 6 6 6 6 6 28 28 28 3 3 3 30 30 30 30 27 27 27 27 27 27 27 27 12 12 12 12 12 2 2 2 2 2 2 2
-9999 -9999 -9999 -9999 -9999 -9999 -9999 -9999 -9999 -9999 -9999 -9999 -9999 -9999 -9999 -9999 -9999 -9999 -9999 -9999 -9999 -9999 -9999 -9999 -9999 -9999 -9999 -9999 -9999 -9999 -9999 -9999 -9999 -9999 -9999 -9999 -9999 -9999 -9999 -9999 25 25 25 25 10 10 8 8 10 10 10 10 4 4 4 4 4 4 4 4 6 6 6 6 6 6 28 28 28 28 3 30 30 30 30 30 27 27 27 27 27 27 27 27 12 12 12 12 12 12 2 2 2 2 2 2
-9999 -9999 -9999 -9999 -9999 -9999 -9999 -9999 -9999 -9999 -9999 -9999 -9999 -9999 -9999 -9999 -9999 -9999 -9999 -9999 -9999 -9999 -9999 -9999 -9999 -9999 -9999 -9999 -9999 -9999 -9999 -9999 -9999 -9999 -9999 -9999 -9999 -9999 -9999 25 25 25 25 25 10 10 10 10 10 10 10 10 10 4 4 4 4 4 4 4 6 6 6 6 6 6 28 28 28 28 28 30 30 30 30 30 28 28 28 28 27 27 27 27 12 12 12 12 12 12 2 2 2 15 15 15
-9999 -9999 -9999 -9999 -9999 -9999 -9999 -9999 -9999 -9999 -9999 -9999 -9999 -9999 -9999 -9999 -9999 -9999 -9999 -9999 -9999 -9999 -9999 -9999 -9999 -9999 -9999 -9999 -9999 -9999 -9999 -9999 -9999 -9999 -9999 -9999 -9999 -9999 -9999 25 25 25 25 24 24 24 10 10 10 10 10 10 10 10 4 4 4 4 6 6 6 6 6 6 6 6 28 28 28 28 30 30 30 30 30 28 28 28 28 28 28 28 27 27 12 12 12 12 12 12 12 12 15 15 15 15
-9999 -9999 -9999 -9999 -9999 -9999 -9999 -9999 -9999 -9999 -9999 -9999 -9999 -9999 -9999 -9999 -9999 -9999 -9999 -9999 -9999 -9999 -9999 -9999 -9999 -9999 -9999 -9999 -9999 -9999 -9999 -9999 -9999 -9999 -9999 -9999 -9999 -9999 -9999 25 25 25 25 24 24 24 10 10 10 10 10 10 10 4 4 4 6 6 6 6 6 6 6 6 6 28 28 28 28 30 30 30 30 30 28 28 28 28 28 28 28 28 27 27 12 12 12 12 12 12 12 12 15 15 15 15
-9999 -9999 -9999 -9999 -9999 -9999 -9999 -9999 -9999 -9999 -9999 -9999 -9999 -9999 -9999 -9999 -9999 -9999 -9999 -9999 -9999 -9999 -9999 -9999 -9999 -9999 -9999 -9999 -9999 -9999 -9999 -9999 -9999 -9999 -9999 -9999 -9999 -9999 -9999 25 25 25 25 24 24 24 24 10 10 10 10 10 10 4 4 6 6 6 6 6 6 6 6 6 6 28 28 28 28 30 30 30 30 30 28 28 28 28 28 28 28 28 28 28 31 31 31 12 12 12 31 31 15 15 15 15
-9999 -9999 -9999 -9999 -9999 -9999 -9999 -9999 -9999 -9999 -9999 -9999 -9999 -9999 -9999 -9999 -9999 -9999 -9999 -9999 -9999 -9999 -9999 -9999 -9999 -9999 -9999 -9999 -9999 -9999 -9999 -9999 -9999 -9999 -9999 -9999 -9999 -9999 -9999 25 25 25 25 24 24 24 24 10 10 10 10 10 4 4 4 6 6 6 6 6 4 4 6 6 4 6 28 28 30 30 30 30 30 28 28 28 28 28 28 28 28 28 28 7 31 31 31 31 31 31 31 31 15 15 15 15
-9999 -9999 -9999 -9999 -9999 -9999 -9999 -9999 -9999 -9999 -9999 -9999 -9999 -9999 -9999 -9999 -9999 -9999 -9999 -9999 -9999 -9999 -9999 -9999 -9999 -9999 -9999 -9999 -9999 -9999 -9999 -9999 -9999 -9999 -9999 -9999 -9999 -9999 25 25 25 25 25 24 24 24 24 10 10 10 10 4 4 4 6 6 6 6 6 6 4 4 4 4 6 6 28 28 30 30 30 30 30 28 28 28 28 7 7 28 28 28 7 7 31 31 31 31 31 31 31 31 15 15 15 15
-9999 -9999 -9999 -9999 -9999 -9999 -9999 -9999 -9999 -9999 -9999 -9999 -9999 -9999 -9999 -9999 -9999 -9999 -9999 -9999 -9999 -9999 -9999 -9999 -9999 20 -9999 -9999 20 20 20 20 20 25 25 25 25 25 25 25 25 24 24 24 24 24 24 24 10 10 10 4 4 6 6 6 6 6 6 6 4 4 4 4 6 28 28 28 30 30 30 30 28 28 28 28 28 7 7 28 28 28 7 7 7 31 31 31 31 31 31 31 15 15 15 15
-9999 -9999 -9999 -9999 -9999 -9999 -9999 -9999 -9999 -9999 -9999 -9999 -9999 -9999 -9999 -9999 -9999 -9999 -9999 -9999 -9999 -9999 -9999 -9999 -9999 20 20 20 20 20 20 20 20 25 25 25 25 25 25 25 25 24 24 24 24 24 24 17 17 17 17 28 28 28 4 6 6 6 6 6 4 4 4 4 28 28 28 27 27 27 27 28 28 28 28 28 28 7 7 7 28 7 7 7 7 7 31 31 31 31 31 31 31 15 15 15
-9999 -9999 -9999 -9999 -9999 -9999 -9999 -9999 -9999 -9999 -9999 -9999 -9999 -9999 -9999 -9999 -9999 -9999 -9999 -9999 -9999 -9999 -9999 -9999 -9999 20 20 20 20 20 20 20 20 25 25 25 25 25 25 25 25 25 24 24 24 24 24 17 17 17 17 28 28 28 4 4 6 6 6 4 4 4 4 28 28 28 27 27 27 27 27 27 27 27 28 28 28 28 7 7 7 7 7 7 7 8 8 31 31 31 31 31 15 15 15 15
-9999 -9999 -9999 -9999 -9999 -9999 -9999 -9999 -9999 -9999 -9999 -9999 -9999 -9999 -9999 -9999 -9999 -9999 -9999 -9999 -9999 -9999 -9999 -9999 -9999 20 20 20 20 20 20 20 20 25 25 25 25 25 25 25 25 25 24 24 24 24 24 17 17 17 17 28 28 28 28 28 4 4 4 4 4 4 4 28 28 27 27 27 27 27 27 27 27 27 28 28 28 7 7 7 7 7 7 7 7 8 8 8 15 15 31 15 15 15 15 15
