CHESS/lc/geo/lc.aspect
ncols         400
nrows         415
xllcorner     874268.138
yllcorner     2671805.4649658
cellsize      300
NODATA_value  -9999
[rows 364 to 391 of 415, columns 315 to 377 of 400]
113.9817 47.06731 195.8177 217.6087 105.5241 100.1164 117.8973 120.4258 136.5482 124.6952 84.28941 164.7449 151.9275 164.7449 157.8336 126.4692 118.3376 77.00539 31.00868 27.92516 333.4924 135 104.0362 124.686 296.6796 8.637143 54.05032 92.3801 113.3964 44.09995 290.8416 271.3864 144.5708 122.0376 251.5364 248.4867 255.9638 268.5312 278.1301 93.90051 280.2039 283.5511 254.4759 248.5523 247.3801 203.9625 225 235.3048 229.9342 210.6186 171.0312 122.6991 292.9872 296.5711 338.1986 68.59084 98.7573 184.1382 227.4064 203.0255 144.4804 114.9115 150.8067
210.9621 144.295 136.5716 216.3503 131.6077 110.7565 117.8015 97.88314 101.9761 0 64.61754 95.86707 111.7323 45 93.81407 108.435 350.4835 16.94139 16.7334 59.93142 45 0 92.12109 122.028 228.4021 187.3057 117.4484 153.3918 180.2891 294.4755 288.2767 264.6644 119.8419 135.1906 233.0041 261.8546 288.4349 299.4759 185.1944 314.4274 298.5703 285.9319 270.0954 238.28 229.5164 176.9872 246.3706 241.7984 225.7848 207.949 220.6789 344.2701 329.5359 285.4252 204.1455 107.2745 106.4952 132.6874 260.6169 261.868 124.2591 130.536 193.9577
210.1793 161.8368 126.2028 202.9402 142.4268 124.9393 153.0343 125.0738 111.0375 171.8699 140.4699 111.8014 296.6801 35.53768 71.56505 74.74488 201.8014 155.556 156.8014 143.9726 168.7342 171.8469 85.21463 63.38903 171.8699 212.8438 94.13467 71.68036 275.8495 273.052 251.3814 204.0393 155.5168 164.6213 285.6422 288.4349 259.6952 176.8202 177.1648 210.9927 208.7269 236.3099 183.1648 191.8947 218.3925 204.0755 232.3524 220.1009 232.0013 239.3916 267.5025 270.5099 192.6303 207.7437 172.3622 140.5497 70.13985 58.60295 268.0438 258.1026 98.69651 94.68414 281.6403
36.15003 64.54248 13.86998 20.03598 81.17764 106.1538 145.763 117.6134 93.01279 84.80557 61.71502 52.16468 101.3539 154.9998 157.804 127.734 122.4712 135 128.2706 156.7022 206.5507 188.1301 45.11439 48.15158 51.37515 293.258 149.3399 90.25174 224.2413 220.412 201.8212 192.6637 285.3169 332.1554 325.9541 270.0573 196.574 178.5878 197.1957 225 219.5004 247.1095 193.1423 135.0818 217.5907 201.1724 211.2077 216.868 237.9074 237.0927 253.2567 220.545 188.8068 275.4429 99.16235 169.5141 160.1589 126.6597 232.7415 205.7269 129.3974 100.1742 304.7069
32.59705 24.31671 356.3755 72.16499 96.009 104.8615 145.008 152.3112 138.5763 149.0362 126.8699 108.435 107.4165 127.5281 194.7168 189.2916 108.3432 81.54923 68.06976 80.89086 230.6991 245.5639 296.5076 74.08166 59.97662 7.094137 38.65981 71.62245 59.27362 269.8078 270 294.3185 277.3611 257.8969 206.5937 160.2678 201.7866 231.2842 263.6738 287.1151 310.6418 295.0169 170.5918 139.4391 183.3309 216.5014 242.354 241.3047 230.5722 235.1247 250.1148 239.673 284.025 311.729 80.53768 127.4108 185.5032 325.3346 330.4885 26.4848 107.3316 300.6427 319.0412
76.45192 52.36628 48.52091 83.21103 78.58665 69.50131 77.92062 128.9612 168.657 152.354 159.6236 174.0939 108.4636 90.05215 309.7867 8.313929 110.2277 166.9861 119.2489 88.13578 168.5128 236.9269 216.8354 122.9052 146.3099 351.7781 40.27987 40.95223 66.49391 208.6422 233.3344 250.0458 219.7725 205.0169 209.0546 305.3519 330.9399 303.5353 258.6571 252.7349 236.2746 194.9314 171.8699 183.8141 135 250.0023 259.7961 207.1626 210.4655 226.7624 226.7357 223.8983 246.5159 189.136 125.8454 102.7693 299.0855 302.3911 344.0526 42.4376 29.06542 301.5246 301.2882
141.3205 144.8886 61.26112 66.71764 74.27525 86.98721 118.313 119.7449 204.3576 118.6105 129.5597 190.5401 135.0358 90.0818 248.2283 148.7662 85.27987 63.89524 46.70129 65.52448 19.91172 311.0605 164.4705 134.6168 333.5778 129.2269 188.0957 83.65981 68.03943 31.84387 191.627 232.6325 183.557 242.225 274.1979 264.7539 194.2051 153.3918 241.05 242.2989 197.1942 204.444 229.7636 198.5496 143.0613 225 207.138 188.1339 233.8834 238.2405 244.6538 254.7449 247.0942 150.4339 118.54 124.1815 223.8879 238.9375 203.0913 121.2388 8.886126 274.8082 203.4774
133.0303 286.9969 68.96839 95.65442 104.2225 101.4241 127.4241 131.4615 172.8442 135 131.8202 167.2053 180 141.2773 154.7161 189.7122 144.4082 108.6066 153.5503 96.24194 18.55079 112.1663 139.3987 283.6117 0.04772024 75.25644 189.3694 174.2894 139.574 30.47232 62.07024 224.712 183.8396 243.358 247.7294 239.9314 175.2104 130.6216 232.4293 219.9452 166.6469 220.0755 227.1227 171.9234 187.125 261.8584 323.6965 315 284.0475 258.2317 263.2544 254.9536 250.4633 141.3635 104.3634 139.1468 206.0081 245.6598 240.6422 282.2648 340.0169 101.3099 185.856
8.111465 318.3294 40.34221 51.02557 57.99462 73.23192 75.65067 120.0686 152.354 127.875 113.1986 101.4647 180 153.4636 100.1235 206.051 171.7555 206.565 104.1381 138.5808 177.9433 146.9236 242.7516 276.877 135.1898 84.58672 86.95556 186.3683 274.4459 49.68074 87.84413 180 238.6972 249.3771 257.9481 287.2415 39.08994 83.05228 248.6126 218.1452 168.771 213.2451 226.9375 178.0836 208.6324 263.6703 299.4464 314.4216 216.8298 270 276.3402 270.7848 247.751 174.9743 79.77126 19.89962 1.624306 289.7234 277.8355 267.0643 151.5571 128.5169 172.7826
18.75892 76.07327 193.9731 41.42366 56.87626 63.9369 66.08376 107.2415 128.6598 119.0546 135 130.2838 167.0247 186.396 81.84693 66.8605 11.53001 293.1986 113.3469 93.19991 8.337419 51.84277 274.8841 245.2669 171.0274 109.7989 91.83209 288.6067 276.7363 86.37559 84.69488 45.78469 250.7533 256.7246 268.5994 272.8624 66.81134 76.73819 242.5164 198.2823 151.216 257.6772 248.5955 176.3332 252.9112 263.3614 231.009 147.5288 198.435 246.0375 238.134 213.3407 214.4265 206.5827 279.8374 46.72039 95.954 219.8642 230.0429 220.4261 139.9697 163.4956 289.5308
158.9625 107.7649 158.0851 178.3819 118.3422 84.13972 73.84806 46.54816 54.46232 110.556 144.4623 135 164.0113 225 225 63.5208 341.7935 134.8851 121.9635 128.7442 180.5866 120.3106 209.3083 246.7549 288.4349 79.69515 95.23517 232.9472 233.4509 175.0862 62.43217 59.16094 268.8306 273.6244 272.7042 253.8108 150.9832 111.1674 104.1709 186.3402 283.8682 288.3585 269.9682 321.9839 294.0944 246.7684 196.1991 177.6856 183.3665 235.3048 217.1564 188.9813 230.782 237.7884 203.7608 164.4633 137.6517 216.3648 226.4075 196.0537 140.7063 210.9705 251.3281
135.8952 151.3895 122.6609 163.3048 170.3834 104.2099 75.88847 71.56505 106.6992 122.9052 114.3968 117.8351 173.5055 230.6139 206.5841 191.2661 121.0312 143.1301 139.7359 135 201.5085 358.8427 15.09459 266.7408 246.8014 102.0948 91.99536 153.6646 212.0279 238.2556 101.6434 82.7764 161.565 255.9298 252.5451 204.7751 170.8528 182.2924 147.1031 189.4623 239.8958 244.9204 257.4106 275.1428 276.3123 164.8418 182.7263 199.7583 198.435 250.56 229.5948 201.4138 267.9095 294.9604 9.889767 57.2505 90.04408 188.9726 185.0505 206.3089 117.8973 266.9872 255.6186
33.69007 51.07246 78.55494 58.34987 101.6524 97.32953 71.1666 85.8335 119.5778 141.3402 124.7596 105.9129 315.5845 190.9576 187.1339 205.3332 135.0409 116.6796 17.5119 40.67699 337.5106 326.2318 59.76124 184.8282 228.0175 90 63.43495 44.89565 18.20617 242.352 234.4315 56.369 56.49841 251.191 228.0262 196.9275 183.4336 176.9872 177.0157 211.0144 246.0286 212.9052 211.6075 246.4477 231.3402 135.0318 180 221.1479 239.0362 249.2278 228.5741 244.389 269.9887 278.9372 5.574901 58.80897 36.14383 68.18871 40.64842 300.4379 352.144 85.62319 269.3641
15.46122 36.7355 13.80906 12.30045 27.60917 23.62122 70.57618 76.87537 45 38.29016 71.56505 67.11868 108.7714 135.0573 171.8699 194.7941 161.5158 198.5213 239.3369 8.130067 33.93713 168.4036 144.2688 131.1808 230.2321 212.5389 63.40635 45 76.0819 258.6018 272.4917 82.928 87.16168 269.4233 258.5353 225.0955 225.0819 333.4924 353.4641 288.4922 231.3613 187.1029 214.3739 240.9454 194.9314 139.2364 180.0191 220.6215 249.2385 278.1301 194.1205 220.447 249.8539 238.6061 213.0793 80.83765 24.07269 28.23996 47.21402 228.4688 207.9762 56.63363 252.5528
197.8019 137.5641 315.0212 29.51545 49.87581 52.01939 74.68082 81.18478 61.69925 69.44395 76.64688 78.91057 114.4909 116.5459 148.7302 161.6419 168.6458 201.0967 190.3829 198.3631 159.6722 135.2274 46.33665 69.85925 209.1518 214.6516 176.8352 128.6528 127.3578 261.0181 245.9991 131.4549 124.6584 239.3082 258.7564 180.4309 225.2151 272.8665 347.4712 55.38293 170.5532 212.397 266.1808 245.2249 197.1027 146.3099 337.7973 331.6992 275.1976 256.4296 126.9043 241.3895 250.1109 235.4516 226.4441 183.145 160.1148 124.9393 122.0514 189.5667 257.9306 350.5377 114.5672
207.3239 195.8225 188.6955 161.3544 148.2908 96.61251 61.88679 49.64327 42.24751 64.0577 87.27369 85.6013 81.8699 63.20391 55.97902 44.85755 0.1915917 63.72275 162.3654 240.837 283.9348 354.985 45.28646 90.06379 85.09789 256.7152 179.8365 129.3377 158.159 249.7527 208.3533 135.0479 135 215.8985 273.3593 346.0226 37.63628 243.5496 210.0376 120.1627 153.1441 270.0959 246.8014 230.2508 237.5423 282.9946 304.1944 15.9454 265.5945 208.3008 180.0286 262.5473 235.716 233.2441 210.8262 198.8929 183.2572 140.66 135 231.8941 255.5568 179.3969 124.4874
211.666 214.1145 150.7146 138.1438 135.0159 104.9445 75.57922 48.92271 42.1376 58.21632 38.29016 39.55967 56.30993 45 61.17446 45.76904 47.29023 96.60612 314.2311 314.808 283.6971 168.6021 139.3987 126.91 135.3808 300.8624 21.87061 59.02779 56.57515 251.4502 213.9323 108.7848 22.66076 359.8083 284.4683 323.2257 42.77113 345.5406 206.5268 128.4911 304.1315 288.7258 198.5495 212.9052 248.6125 262.875 211.7989 177.8789 196.3275 201.8014 267.7094 232.1866 250.3462 252.1497 192.9946 211.3628 189.0903 131.8277 105.9454 284.2691 268.9949 138.5763 96.00233
210.0048 201.9642 170.3042 173.7802 213.6838 125.5377 98.42697 32.77488 36.10958 47.39592 34.43899 26.56505 39.55967 62.52557 111.9797 135.285 153.2646 108.626 213.5145 194.1036 173.121 173.0812 154.6928 140.0531 206.8246 225.5177 214.0496 61.63639 67.79704 260.064 256.614 314.6555 359.566 359.9035 280.4722 232.5621 118.9951 45.16438 35.05258 107.6097 243.3477 179.1392 198.6646 276.2842 261.847 243.435 176.7007 215.5377 243.3967 288.4349 262.875 160.0482 232.1052 233.1118 184.3953 207.1626 175.9717 167.9803 304.106 334.5037 1.33222 106.0736 130.4998
346.3437 63.37741 135.0337 188.8284 219.4702 193.7102 80.8301 328.134 28.81079 63.6837 63.08345 40.6013 48.17983 45 31.97962 36.25384 23.33678 80.53768 143.1301 185.5042 149.104 144.0119 151.7575 164.6738 198.589 218.9877 241.5514 124.9589 102.4151 191.0354 215.5231 215.499 215.4914 294.1844 285.8426 172.0304 187.0545 278.1762 38.95185 57.59007 284.002 342.2553 336.8014 293.258 249.444 225 191.3833 220.2364 224.9642 216.0274 176.4404 173.1518 220.4243 212.0054 206.0296 176.6493 150.9319 239.0419 268.7811 244.7156 128.7685 140.1858 286.6651
257.8969 69.9529 80.1464 129.3629 214.8923 204.0401 174.4912 176.4483 179.3562 118.5231 78.5729 62.16192 79.07719 59.47029 52.35472 53.56301 59.10365 93.36646 14.03624 341.4667 44.95208 108.389 153.4924 324.2136 350.6233 327.2567 296.1033 99.8474 99.69917 133.5785 210.1571 208.5231 225.4264 251.7463 246.7619 45.11531 319.0128 322.1427 101.6418 72.33672 322.8392 314.9175 8.15309 315 203.1986 212.0054 205.3591 216.2175 224.9591 196.6992 174.3461 215.5377 224.9479 217.9102 223.1093 169.299 190.008 286.7045 235.3048 186.6108 172.2079 330.9535 357.4739
219.2525 153.4063 64.97557 24.6689 26.12066 213.6018 163.6897 159.1455 174.2894 115.3462 58.88467 67.76501 80.16644 104.9314 93.36646 71.56505 57.09476 68.164 305.646 225.5748 112.5893 99.60945 328.9678 291.375 333.2016 223.2817 209.0546 121.7755 81.60215 78.80262 197.9278 204.4439 225.39 225 204.3137 196.3895 213.7635 162.7361 165.9216 190.3347 180.0287 204.4518 201.0139 149.0531 165.9469 210.9525 219.8056 233.7462 240.2551 188.1301 236.2879 206.5079 198.4022 225.0358 228.8141 158.6162 227.3611 240.143 202.751 304.6448 283.1408 278.5878 51.91123
355.6283 338.8548 12.71074 40.97694 71.58893 336.4972 25.95481 35.53768 335.2976 353.0656 39.53616 68.8539 75.52971 77.90524 63.43495 57.52881 48.81408 56.86584 45 143.3139 100.0849 19.01071 346.0315 288.549 161.5363 172.7866 183.7785 175.6013 115.5486 86.54827 47.63301 188.1301 285.9891 286.7404 246.1317 193.0462 212.1405 127.7777 116.1072 254.1574 90 234.3847 214.6355 149.0925 188.1301 270.0478 247.1372 240.392 242.1275 173.6598 198.435 166.6075 188.1301 239.6381 205.0169 147.0556 209.7625 214.4584 233.4711 244.0935 218.2338 225 183.9057
229.042 222.5902 161.565 118.7934 35.07132 334.3368 7.476779 9.736988 334.5024 358.727 43.82286 67.28559 76.03511 84.80557 98.97263 98.72794 110.9607 83.65981 50.25084 18.41198 18.48418 14.85055 18.43495 89.85571 108.2434 178.2646 144.4937 190.047 161.6435 108.8674 338.8277 351.99 289.4495 285.0355 342.8834 101.3542 288.3777 346.3368 49.52836 264.3462 165.6064 173.3938 218.6528 135 261.8699 254.7449 211.2995 224.9362 224.9235 180 165.2564 176.9872 243.435 250.0336 206.565 180 333.4349 266.1808 244.2307 218.047 229.7636 261.3843 231.049
139.3987 160.71 177.3974 174.3518 312.1083 318.3783 340.6858 356.3255 323.4034 10.75097 67.72411 77.36329 75.08416 63.08345 92.12109 105.6542 108.435 105.1934 30.86292 0.04090507 28.30076 56.30993 74.74488 84.88112 354.7301 0.1722024 52.33777 15.64218 134.7048 88.50037 314.6493 2.278487 232.6507 207.8168 180.2371 169.6139 247.6675 235.5657 96.39276 129.7677 188.6641 184.7421 232.125 198.435 236.3099 233.0499 180.1141 206.4318 215.4448 201.0375 135 217.9987 253.3376 201.0611 206.5422 217.8442 248.8858 309.2837 253.3008 223.1524 228.9005 240.9454 246.5576
147.9946 126.8699 328.5359 336.6309 328.6531 291.6148 288.4445 148.6749 225.7821 163.5971 102.7891 85.33813 70.16408 57.39541 63.03429 56.31728 53.17598 78.71948 225 179.809 130.2324 134.9522 118.9572 44.88515 314.9478 44.33158 89.78434 341.1532 7.789461 15.3093 161.565 155.7583 198.0154 227.1748 162.8696 186.1526 238.593 209.8002 140.2934 103.3367 326.5346 301.3397 225.1915 225.0956 275.2038 315 142.125 186.3402 206.565 225 122.5524 198.4636 213.0642 175.9115 204.7654 208.3008 227.2026 218.6598 180 219.8056 220.2364 223.2376 224.3013
192.6927 277.696 322.696 336.666 14.31846 9.477824 236.2942 67.10033 256.3287 154.7897 132.0536 114.7174 82.22086 77.79953 74.87599 45 75.46555 92.75484 156.8605 161.588 139.3649 134.6181 0 18.28239 243.7814 128.2944 92.51807 226.2147 199.4969 118.8355 135.1939 178.5606 271.454 226.7475 251.565 340.6837 290.2504 302.7086 32.41704 356.8484 15.95631 89.715 243.7815 296.6511 281.3394 11.30993 83.62485 140.6651 213.7121 221.8184 157.7759 180 255.9047 348.6901 278.1531 243.435 237.5288 203.1986 204.444 270 213.6901 201.8014 215.6553
297.0309 306.1194 324.211 237.9946 135 124.5923 231.9811 204.4557 118.3178 125.7902 117.1981 145.6849 84.80557 73.96766 63.12186 64.0256 91.4688 93.36646 78.69007 96.36826 11.22156 344.8419 341.6031 60.66358 114.1366 243.5491 45.04453 45.11538 178.854 116.9657 92.0453 305.0478 359.3448 44.41325 296.6427 331.2014 328.3769 339.4341 21.1116 356.7921 26.42148 52.64726 300.8277 246.4655 218.597 180 128.6563 124.7365 243.3967 272.4917 355.4664 24.48327 262.7956 234.354 300.93 303.6901 296.5651 180 253.0725 244.9831 149.7436 160.3578 222.2206
320.3282 331.3268 53.1301 142.7652 154.6538 150.2551 177.7688 187.0284 172.1583 140.5275 120.4655 230.7106 30.32361 62.52557 63.2394 84.80557 85.10091 30.96376 23.19859 12.06399 357.8758 39.2212 153.3199 113.3571 76.04834 276.2697 113.7715 72.37565 22.49853 59.90429 358.9583 303.4676 346.4673 11.20962 320.0197 326.3542 270.2862 214.7182 134.9663 180 198.5491 78.8224 111.959 190.0464 177.5559 173.6132 156.8146 225.2863 308.7088 278.1129 304.6447 71.61419 171.8355 225 266.9872 296.5651 194.0362 152.3642 215.9285 202.8262 180 135.0957 237.9946
