CHESS/lc/geo/lc.aspect
ncols         400
nrows         415
xllcorner     874268.138
yllcorner     2671805.4649658
cellsize      300
NODATA_value  -9999
[rows 364 to 391 of 415, columns 252 to 314 of 400]
83.80742 171.8699 278.7063 281.1789 181.8504 170.2791 209.6116 172.5636 120.1399 256.2819 279.8162 296.5435 319.4527 137.1015 157.0949 187.7314 150.9238 272.243 277.2573 274.6508 110.2562 192.9224 244.7029 244.6142 211.5043 180.7216 169.2562 178.1623 170.5004 141.0485 126.2727 107.7649 135 163.6105 181.7525 328.9349 42.42341 347.6609 343.4429 74.82178 7.444212 278.561 246.5226 210.2531 204.8114 251.548 50.19443 15.70864 310.2364 208.3792 197.9551 101.6531 251.5173 259.4812 272.6339 278.7552 120.8266 179.6991 200.6249 52.99543 76.57419 61.69925 102.5877
92.59494 135 250.5948 251.0265 35.52216 68.68268 221.706 198.1892 170.958 248.1591 270.4943 274.8833 4.635463 61.10505 6.901216 6.730398 75.04077 256.968 254.0868 190.4418 137.8406 304.7036 293.5299 268.4792 175.9144 169.7993 150.2054 153.8161 161.0124 129.4195 131.3413 115.8868 83.21103 118.7398 239.0362 284.4208 29.74488 299.2488 340.8664 76.43482 224.8572 257.2253 257.4712 261.3165 311.6787 309.4426 350.6638 12.2665 54.56864 129.2769 212.1333 161.9779 249.3853 268.459 248.7073 217.3426 83.31126 24.43722 279.9217 134.9718 118.3008 163.9177 143.5659
26.66158 19.72228 353.2903 234.6232 185.5225 128.0565 282.9915 329.0113 19.08743 282.8064 249.2892 265.541 323.9602 74.40908 290.0291 29.11595 48.89851 312.6782 287.0629 128.1038 292.8155 309.9364 304.9536 246.2505 123.518 166.3041 147.3808 135 147.603 110.4469 101.8887 161.5405 121.8077 141.2828 222.0091 252.8416 111.9087 182.8064 212.0762 101.7121 84.40291 274.7875 305.1159 342.3041 1.663267 262.0093 244.8891 28.7398 75.55348 73.77021 303.8789 55.87523 230.3131 247.3343 264.4174 252.1558 98.75661 66.39015 176.7938 132.8695 78.06185 69.33799 97.85331
294.8172 21.16793 47.25483 178.4826 272.36 344.8129 340.5333 353.3228 32.06761 12.11851 213.4078 237.7867 193.2849 141.8428 210.9638 159.5901 211.7595 292.6714 281.9761 118.8193 244.6477 242.8372 199.7989 171.8699 144.5836 173.4527 161.1928 123.8409 135 96.67314 94.00417 67.66051 64.78623 48.21806 296.1712 228.428 157.0723 148.5745 212.4361 151.7021 282.4699 297.7068 285.7106 276.8654 76.36282 281.7251 240.6346 196.1892 104.1245 83.123 286.3831 102.0331 179.0912 247.0404 248.8443 228.8737 182.8858 147.0038 205.6934 346.4768 20.3743 31.71135 38.63044
277.2114 103.0749 92.73849 101.1251 269.9436 279.6531 308.029 20.12584 67.56701 66.16126 89.17294 232.0685 198.931 207.582 194.5345 115.1148 244.9831 259.8753 130.8151 130.6013 205.3462 208.7708 195.0761 184.3511 155.7802 181.302 177.5644 124.4737 126.3035 86.99776 76.9081 351.8699 4.277069 18.66103 27.23991 80.26257 151.7969 130.1425 215.4668 174.9744 237.1677 261.0199 252.4538 184.8991 179.3642 252.1626 277.6829 151.9275 108.9516 131.3607 194.3415 134.1449 324.0527 284.503 247.8781 206.8502 183.8031 225 308.211 342.3262 344.7449 38.58908 42.53718
246.1432 163.6619 98.08688 75.19633 224.9436 220.5542 231.0993 160.71 108.1721 131.7881 120.6667 240.6066 236.173 197.5776 182.6526 160.845 226.5776 244.064 82.54732 71.32829 124.5085 214.4184 215.0419 211.7014 179.2635 200.8454 199.5144 136.9098 159.2146 120.5639 106.6992 164.9816 243.7413 355.3645 62.38637 54.52319 32.70979 57.54261 92.45981 314.7064 250.877 241.2636 241.143 327.5052 118.7462 205.0169 204.8637 150.9454 139.3987 147.8477 251.565 358.714 314.0022 294.5252 304.0973 187.7123 207.5537 260.4512 231.1155 159.9351 186.0299 184.3962 112.8312
168.8606 186.1496 117.1819 89.00375 171.8699 246.3044 227.0495 182.0143 148.9654 143.2816 150.6385 235.4385 251.7791 328.9857 69.73737 163.2403 232.5878 240.208 219.4384 102.5694 96.47022 231.3635 223.2461 218.6004 192.4396 205.2532 207.3217 143.9672 177.1061 130.6511 138.1798 166.8984 228.2158 215.3935 110.5471 58.20626 60.89093 79.6767 325.5058 347.3686 336.1569 292.4447 278.2913 254.0546 104.6888 200.2249 198.0939 154.9366 143.7892 248.2698 309.9743 345.9637 341.3721 331.8472 354.4291 15.50802 0.9979748 230.8014 167.2158 174.5179 178.3812 188.394 175.7253
104.8683 199.1412 162.2011 132.8152 135 224.8191 205.7549 183.6848 187.716 194.6847 341.1134 335.4266 331.1134 312.6975 23.49128 38.44539 279.6107 209.2285 208.6153 150.0772 113.3556 189.88 202.7799 232.2363 226.2736 257.9492 257.76 98.11481 329.1601 84.71664 86.00909 95.70464 234.1433 212.1327 146.3099 154.9518 117.727 85.82796 321.929 4.387088 330.8644 308.2464 261.6203 161.8038 157.3505 219.986 116.5459 85.86781 6.667305 315.9727 296.8972 239.8586 275.7626 293.7026 312.0735 357.9416 17.47271 50.85226 87.60474 227.9667 45.19167 189.216 179.9378
40.22269 32.93389 42.92288 3.813868 336.1975 0.0783195 45.15668 180 224.8039 242.6948 275.1204 314.9935 357.8467 37.31154 164.2117 122.796 145.3914 175.9226 223.5305 193.8498 115.2011 175.6889 251.5937 282.9989 315.0147 313.4089 314.9386 49.8706 309.2837 46.8739 51.53663 66.23797 182.1142 229.9675 178.2505 140.2659 116.4364 314.978 274.5508 235.0647 302.252 336.13 177.6131 150.6628 162.8476 235.4643 214.0672 331.3585 336.1652 269.9283 162.6818 190.3889 213.2062 206.5675 236.1137 240.3501 46.1233 65.00374 72.86491 298.8307 342.7842 10.7863 355.0736
135.9094 105.328 315.0955 0.1011482 354.3867 351.8076 70.70578 45.86757 180 255.7524 241.0219 244.0935 246.5014 73.01885 83.79272 114.5083 107.1188 114.9232 255.7043 220.6705 86.10992 335.1707 342.5654 300.2797 267.9295 245.5776 215.5686 179.8572 246.785 123.2749 102.9946 64.79604 24.23102 311.483 173.0806 127.0643 299.556 330.9594 92.05873 259.5782 269.0262 91.93081 26.59373 34.84346 15.33151 296.6989 279.9888 231.3262 155.2805 191.6894 182.9713 189.8742 266.2733 256.2502 231.6581 204.8637 211.2062 94.42619 61.81404 354.2438 14.65761 286.5537 315.7989
165.4328 273.8268 315.9409 17.25879 52.30576 310.6487 30.00165 25.19717 45.14647 268.3496 238.8268 231.3619 212.3578 147.4973 112.5022 83.66424 93.57044 174.2219 277.3875 307.417 327.0871 322.6974 347.3181 350.6057 325.3759 339.561 328.0107 357.3566 137.4906 162.59 131.6 323.1253 9.330761 61.27724 137.0731 282.9897 300.9697 41.68333 47.8979 312.5477 266.1561 110.7346 241.5627 114.0976 187.6858 263.4435 143.3257 170.2876 161.8036 259.1759 215.2109 275.6054 303.2532 329.5094 221.5643 244.3638 268.4378 81.44204 84.01527 89.08018 55.08503 313.2072 237.2461
64.02283 274.9552 275.2442 85.06489 95.24506 244.6071 232.0984 63.86994 75.81012 267.5328 257.6212 226.7713 209.6939 168.4048 164.383 157.0144 127.6643 311.3144 310.189 306.5416 296.7665 307.5492 351.2884 16.69071 327.5315 8.50695 326.6208 99.71167 117.5543 190.2063 227.8409 257.3471 164.3033 87.39697 77.93112 282.3795 316.6831 84.52157 305.8787 75.37031 200.7975 169.7108 174.2124 159.9761 237.6179 213.4669 147.9736 128.6118 288.5956 309.1549 337.8947 283.9301 267.9853 85.63505 336.8212 259.2831 246.2912 177.4362 90.9193 88.03051 301.3034 328.1179 53.27754
44.34246 244.6585 220.5699 159.0322 128.4691 199.7508 197.7154 160.0985 112.9185 269.9019 273.9409 145.5488 188.2787 173.1849 138.378 139.9375 152.7371 264.9015 244.9938 184.4951 257.4712 275.713 40.40149 80.53768 304.7055 352.0491 27.48381 85.91766 71.0881 33.81483 193.2637 218.1123 189.8829 112.3301 83.5665 263.0445 181.4974 181.9162 304.457 105.8124 167.1129 178.8165 169.3003 225.359 201.8338 156.9299 171.0631 311.1099 283.9932 304.2611 329.3447 324.6252 215.7355 210.5339 171.1792 200.1717 217.0283 217.5284 85.41194 66.50432 176.3196 229.481 30.59106
336.102 25.81283 347.0982 251.565 51.55453 12.57867 336.4105 261.4743 37.71487 47.24621 197.307 153.1095 142.7754 204.7645 167.486 135.4822 180 224.923 191.2119 205.7534 261.8309 238.3446 171.163 214.5506 285.9409 161.565 121.139 119.8793 34.60852 39.09515 45.0366 248.4266 194.7006 123.2482 125.6037 224.9669 171.2497 224.33 204.0602 108.4452 341.5078 341.3878 0.2680978 343.3643 352.1068 31.51587 49.04777 281.8161 310.6191 330.5241 331.3895 3.404067 24.04409 281.365 175.6401 201.3311 252.8316 220.684 183.0128 133.698 137.5958 225.0077 247.7474
321.4644 67.41155 6.500568 333.0199 1.17215 353.4983 3.083706 0.5243498 10.04337 35.13898 45.0881 178.8383 135 314.8745 0 45.16732 180 180 180 285.6205 266.833 220.8235 196.2673 207.1977 196.3572 172.4907 155.8995 168.8941 204.6498 97.64281 67.59837 326.3885 358.933 71.51434 348.6458 359.8852 44.93625 267.926 298.4614 17.08632 10.80434 305.6035 338.1752 7.964302 4.627476 19.70364 46.64708 283.4758 250.6996 200.1394 217.9415 243.1131 85.4569 77.34994 331.715 338.2781 256.8575 273.6781 135 123.4248 109.1814 262.51 255.1506
173.1877 134.078 275.1063 310.8195 346.3287 336.5879 4.028264 30.6186 56.97848 79.02157 57.28846 1.602845 42.86174 271.4797 171.8769 90.16683 180 180 180 248.6097 220.2274 242.9464 280.7483 341.5078 347.0891 125.8074 146.3232 171.3844 214.2498 179.3178 123.5294 210.4594 201.2182 99.79433 307.5158 346.5873 14.63936 332.1887 290.1695 6.865468 91.37585 207.6122 235.162 183.8318 87.43623 270 36.38336 21.19386 224.7954 187.394 239.2468 251.0553 96.8482 354.2248 345.2034 48.81535 290.3863 270.1227 122.7977 130.7225 71.52982 260.5005 233.7339
185.1322 15.40034 290.1014 272.5852 280.9228 244.1336 152.4299 136.023 120.5672 108.632 252.535 7.549047 68.12982 271.9155 179.5737 26.24298 337.6429 14.80397 45.09266 224.9076 222.7326 223.6497 233.7252 254.3975 53.81741 83.02097 66.80799 51.98823 199.8178 178.0208 123.9622 179.1079 184.9047 153.0174 281.9201 309.7832 2.123716 14.70057 226.273 175.3766 121.5366 149.6363 236.5842 237.9494 51.99398 13.40848 315 39.28941 28.0927 344.6045 277.9082 269.3174 26.26023 21.5776 322.5721 346.9907 0.779582 134.1166 132.6414 165.8667 176.3572 165.7262 205.685
296.8256 316.9263 303.4043 247.972 190.6472 184.9525 155.2249 161.1753 103.9087 74.08573 289.0351 188.2299 86.43481 326.9378 135 308.8246 332.4865 47.58313 65.94846 45.23559 224.8994 229.3383 237.4592 200.7532 179.9966 241.3895 357.4664 46.85776 111.6766 185.3364 145.4839 90.14406 328.14 320.6224 309.7797 261.0938 227.8774 58.32453 39.45414 57.66368 69.66659 70.05777 230.8471 227.3995 183.2746 164.1654 229.2146 138.9479 93.59349 304.0271 295.4133 242.656 198.141 140.8964 206.5714 227.7168 134.2153 108.0409 68.58215 91.3567 183.8671 137.0031 207.4296
294.6389 283.9583 265.6985 158.7771 159.444 176.8447 172.7335 178.916 178.6293 134.9807 118.9496 205.9086 285.6965 341.8717 345.812 325.2207 342.0721 105.1682 91.58881 85.44109 180 267.6906 240.0738 188.1301 231.4494 277.975 333.4349 75.90945 89.59613 185.5307 218.9721 339.8621 322.1777 312.8668 333.4532 333.4186 180 228.1698 8.673174 20.59603 12.01148 29.40776 27.73561 235.4207 191.0979 178.479 249.2906 280.7018 15.55062 334.4485 353.0547 284.0867 190.7131 192.6668 172.875 174.1737 174.5424 194.5345 20.18287 7.792162 4.319813 27.30573 23.78335
273.9387 285.6422 183.9317 168.6869 112.2556 106.8422 167.0975 171.1128 181.5265 175.2199 141.5388 330.1815 322.939 341.4644 8.049885 58.62532 142.1521 150.1814 114.6269 126.4619 180 229.0476 259.5794 323.6012 313.5308 267.0351 212.4712 105.1769 110.2344 114.7215 282.6504 293.8598 296.1218 264.5893 215.9849 184.3278 90.04405 295.3112 329.9951 9.574228 19.10635 28.85588 36.66758 39.38114 334.509 347.2255 284.0354 289.0622 331.1345 350.2154 62.59243 80.85856 95.56414 259.9792 122.7995 124.2157 187.5614 252.9236 318.2839 358.3634 38.65981 78.83604 94.05579
322.2532 337.0362 32.06303 352.1342 36.48533 58.18664 66.7817 343.6032 330.974 7.720467 353.4931 297.9281 296.8249 324.5343 39.80557 64.64014 64.53746 105.5298 132.7226 136.2593 180 223.7407 275.7935 289.5053 321.009 256.9544 165.7958 127.4563 123.1304 135.7791 245.2571 222.4289 217.4463 201.1737 172.875 179.5347 217.1387 269.7335 283.2127 91.7357 126.869 154.1435 109.4995 83.51369 307.5777 332.9644 316.7536 287.387 206.9395 195.4011 94.4206 108.8733 198.435 248.6294 117.3499 104.9556 155.9492 264.6696 276.2098 117.4744 135 104.8021 81.09049
336.7915 308.9142 45 349.4466 50.02221 46.27303 24.33917 7.067664 290.84 14.56401 28.84535 306.5133 269.3839 256.0085 88.49821 74.39301 76.96678 94.9313 135.81 180 180 314.7654 277.1983 250.6587 184.6236 221.081 140.7997 106.868 18.33549 44.9117 225.3279 241.547 271.8941 306.3679 16.84039 55.74568 266.8162 247.0362 230.3558 132.7094 97.16809 155.556 59.05308 24.60512 336.9087 321.2156 335.2976 333.4349 116.565 198.0723 163.0725 148.5359 282.6612 130.9632 162.6666 127.1689 157.9887 262.2111 241.8214 118.355 103.2405 88.85378 77.643
50.19443 229.6355 305.499 353.4537 81.13698 94.3987 324.4623 23.19046 323.9726 244.4303 348.6901 329.6013 283.4957 223.7054 154.3045 114.8683 111.6762 109.8909 6.806972 45.12893 180 269.7663 265.3017 167.4451 142.817 242.6841 3.458233 7.622602 339.7099 35.20893 24.12565 321.3156 300.5747 270.6602 111.9914 82.75522 274.5381 249.3285 252.2161 174.6398 96.06329 9.485496 327.026 5.597159 328.3354 267.7204 188.6156 254.1975 56.00354 107.3189 154.1336 231.8182 261.8728 93.86073 134.9905 131.3539 220.019 263.2182 248.2677 127.9542 145.73 164.6644 162.0956
18.63117 344.6992 341.2984 8.800922 20.58359 2.89127 345.9637 9.917957 28.43626 338.1232 321.0542 298.3008 304.1499 347.6192 90.75385 109.1078 108.291 275.736 81.32526 90.12864 180 224.7673 233.4362 173.9371 107.0943 291.1122 335.2685 45.64886 249.9321 108.8371 24.00825 332.8297 318.114 277.2061 135.8221 122.0734 294.3015 268.6025 242.2655 173.3594 137.1137 179.9251 212.8782 171.3239 190.716 167.7199 169.2157 224.6351 165.2564 75.87682 68.95585 225.7516 214.1699 117.402 115.019 125.789 291.8014 266.3715 207.8596 153.435 155.3863 171.8699 282.5356
14.03624 330.8975 335.7508 13.34873 359.429 5.406494 16.67573 27.1831 70.52342 353.6598 291.0611 236.3393 258.3925 162.646 104.5628 106.7517 105.0176 209.7612 168.1854 135.1283 180 180 224.8786 180 290.1575 293.4303 328.9733 79.82998 130.3577 165.9638 232.4936 224.7446 256.6182 294.5473 33.68149 354.4427 352.5417 330.2648 298.3924 1.213209 28.93089 356.9506 333.0185 18.77145 17.85598 45.02489 90.50593 209.1223 208.5687 141.8428 95.71154 127.5041 202.7675 157.7241 133.2094 227.9618 272.0719 206.301 202.2972 271.7357 356.262 15.26041 179.974
14.33544 324.0395 300.3355 21.44774 347.4712 54.91478 68.85047 80.66626 102.4333 181.0526 189.1292 252.7648 245.5504 157.9436 134.2361 116.6536 86.81703 94.06293 136.2256 180 180 180 180 180 272.0824 269.4772 166.2637 101.1729 43.50884 17.40973 307.6854 344.5669 181.1237 218.0459 226.0518 327.3024 37.17217 354.8243 267.6984 267.0901 61.51927 322.0132 328.4856 21.40829 18.70166 56.04767 82.08042 102.3324 214.2536 179.7204 160.4006 141.5566 149.4094 184.6967 91.36443 253.2841 235.1257 164.0546 265.1421 257.0147 164.7325 142.679 156.529
13.75079 9.246113 322.6281 52.96961 97.35238 135.0102 120.2903 108.8275 71.03656 16.16319 337.7555 319.3263 14.59819 92.60256 109.2073 115.5858 120.3303 114.9575 180 180 180 180 180 313.7407 251.6176 245.4264 287.6223 348.8401 1.151066 34.10703 28.26739 308.162 8.821876 337.8928 286.2602 282.7263 40.04491 8.843748 326.9294 25.58995 109.299 235.5689 209.1436 234.4649 55.20397 101.4966 131.4379 83.67846 111.2398 176.3564 175.4261 177.9576 111.0387 215.5028 152.9102 147.8043 247.0055 282.9179 293.7326 218.4181 163.9878 142.2532 154.8552
9.833564 24.9439 26.90274 54.46232 76.65128 112.1095 131.0739 128.0317 10.04643 31.38226 323.6909 286.6403 72.8241 54.40734 51.63999 80.04897 142.1743 135 171.8699 180 180 180 180 268.7687 280.4321 277.9633 282.7944 300.2717 3.215124 62.0447 65.78085 234.0333 294.4386 349.9912 10.3768 305.8622 2.014868 8.058287 337.9882 29.34229 57.42539 276.5648 239.0092 234.8274 146.0035 101.1625 140.5993 180.0858 46.91901 48.38818 12.26477 324.6903 42.12188 24.02747 34.76865 96.18494 244.3638 245.2319 281.343 57.06395 133.005 339.8478 328.8462
