CHESS/lc/geo/lc.aspect
ncols         400
nrows         415
xllcorner     874268.138
yllcorner     2671805.4649658
cellsize      300
NODATA_value  -9999
[rows 56 to 83 of 415, columns 126 to 188 of 400]
106.1182 86.09311 75.26773 132.3376 115.9274 213.4964 270.2108 89.93048 77.64452 275.1733 273.715 285.3215 337.0113 255.5406 200.4826 166.1626 171.8107 179.1186 282.1509 288.5447 63.92464 104.9586 107.8798 144.1051 266.6123 268.1738 274.6619 17.28184 324.4306 342.909 20.76201 9.200848 5.932206 338.4506 329.2829 310.0807 331.5178 341.5651 343.4879 65.50659 62.86486 261.8091 276.7608 318.338 299.2351 291.8014 106.2871 95.80925 118.1128 133.0802 134.2926 131.6279 333.7778 3.641699 354.5112 307.7466 279.7962 124.402 112.9665 68.43008 24.4967 301.3816 336.2306
82.42458 71.44103 69.33125 91.56232 114.3135 193.1972 182.8483 150.2648 163.8517 249.1284 240.1994 226.7227 195.1909 166.0565 175.6489 158.2567 189.3602 260.1664 278.9149 284.4308 80.10608 103.6007 116.936 250.9919 269.5323 261.5056 255.277 273.6139 300.6095 321.8164 16.21029 22.57791 356.8749 343.8456 359.0412 350.967 284.226 286.3895 1.397181 58.06932 45.47547 319.6987 240.8928 248.0583 253.2016 142.0392 145.0407 148.3451 107.5555 122.7145 121.7268 29.28669 320.7603 331.0797 341.5651 335.908 166.2338 133.0121 134.9736 16.51756 23.05659 322.5184 318.882
29.69371 35.24757 25.59197 36.2683 42.90786 4.447685 22.63777 22.38359 44.61951 215.4001 220.2034 204.7504 197.24 178.0119 161.1596 182.6127 284.0363 282.4583 265.9825 232.7791 138.8426 124.3672 350.2538 339.2433 329.4791 311.389 271.5482 247.743 256.3697 258.5759 333.1891 2.526117 348.6168 354.0939 21.59767 26.09266 338.0513 322.9508 350.1975 21.39981 35.12654 29.22442 338.6294 237.9984 196.6508 156.4081 164.1051 152.5039 114.8931 44.01224 1.444254 1.847908 328.0817 295.0744 312.7094 74.3194 118.5139 86.17072 329.4167 357.9251 19.15561 315.878 315.8102
177.93 3.990913 22.12313 48.03172 52.93739 21.66673 29.42361 55.60426 76.9498 227.7912 221.3478 195.8705 212.6833 207.4165 173.9529 278.7396 310.8847 331.7265 305.0362 181.3199 139.8818 146.5585 282.2773 305.5364 311.2483 277.125 210.5297 250.0719 257.688 260.7199 235.3048 195.2145 215.1033 188.3929 121.2319 73.90919 326.1599 336.1613 340.3777 344.3806 22.83365 34.08521 37.53159 339.4408 2.077199 64.15001 254.6918 92.0085 40.13497 331.4251 350.5587 15.32322 357.1893 328.7363 345.4258 103.8176 32.14794 336.6314 339.0983 349.2328 7.398361 335.6317 297.8426
218.4373 218.1402 148.3669 98.87587 87.43076 19.15561 22.33544 63.94178 71.68216 44.6092 315.194 359.8704 225.7584 203.3452 211.6428 265.5216 267.3648 252.2161 127.4546 151.8898 159.1324 269.4434 282.6177 276.1886 234.2933 150.9471 222.0242 272.6045 277.626 257.4549 165.0972 167.1134 195.45 192.3526 178.5484 203.3556 226.1088 200.9798 218.5713 265.5488 358.3634 68.78203 73.23924 350.3059 357.4034 52.49911 325.7943 9.563379 351.6626 310.1526 335.3152 13.69795 4.88408 17.6223 113.1336 91.85905 320.2094 328.5338 343.2173 323.2559 11.92246 353.7464 280.6023
171.5014 196.1443 174.312 122.1032 93.33092 341.5651 27.13991 65.78085 55.715 35.01685 311.4449 18.3166 77.77988 278.1161 240.1027 231.6702 223.5032 192.7522 144.2382 151.2602 262.0408 288.9317 287.6811 270.0064 175.8141 141.8101 264.2894 274.1573 257.9052 191.4303 153.8915 157.2391 251.3195 264.0794 281.3099 293.334 285.1011 270.8303 279.2239 277.4314 271.273 79.09873 51.61726 354.7316 29.66854 76.29259 321.2788 336.0778 359.029 306.2147 302.9052 43.8876 111.4884 134.9973 67.53923 343.7398 323.7332 331.1307 359.5937 259.5742 163.1226 210.9638 253.5718
145.5488 182.3616 180.5645 134.6205 136.5617 181.8416 167.8687 93.55315 78.54559 316.1181 338.8678 33.60946 41.09823 339.8938 9.462251 261.659 233.43 188.9597 140.3422 279.9753 276.4376 255.689 241.049 191.323 170.1942 187.9564 233.7778 226.8317 202.2765 174.3515 155.0095 249.4531 278.9042 272.5707 252.2255 239.3003 276.3966 329.1947 342.2553 309.0355 338.3507 29.51354 39.84287 15.66473 62.80765 73.98456 295.416 318.7699 5.710593 335.0261 313.9292 117.9347 120.8081 337.1903 330.9474 344.0697 343.3515 347.4712 37.9835 30.46555 348.6459 298.369 256.7198
148.0014 172.2769 186.0199 138.0995 155.6841 168.843 184.2538 137.4698 108.7362 277.807 301.0009 36.84403 352.9269 350.1322 30.99732 49.06423 225.072 179.6214 202.4265 223.5749 204.7489 225.7207 249.4175 300.7608 25.52957 320.1921 314.4885 306.6067 268.0237 232.0426 335.0903 270.6586 214.94 201.8478 197.2927 207.7219 226.4932 209.2608 186.4681 229.5826 255.1779 46.60226 68.68209 89.65691 101.4046 90.5351 263.7011 252.3988 201.6148 186.6667 156.3706 119.9951 12.55554 326.7269 320.5814 342.2724 3.990913 15.78562 35.98068 54.44801 330.5668 288.9687 4.643034
7.513652 7.381393 357.224 15.56283 32.79339 21.30322 32.79953 95.70208 76.26704 290.6398 286.7058 332.7447 316.6212 350.789 57.07412 78.71312 160.5576 264.7682 302.6486 81.00877 292.7012 294.6966 285.9709 298.1491 51.25777 308.871 308.522 341.788 357.788 352.0752 327.6566 356.2934 3.257736 306.8699 289.1373 258.2317 244.1631 219.0585 215.7157 250.6768 259.8872 300.1735 63.43495 66.53078 79.66932 73.70741 251.3447 238.6789 194.0362 150.7461 167.2022 245.556 317.5511 311.1155 245.0521 218.9672 254.3629 40.71085 53.24632 71.36436 129.2269 257.391 127.1376
359.8293 10.71383 350.219 351.6952 22.98299 33.80692 48.52145 67.3074 20.72461 285.6982 316.9756 327.3195 307.875 118.6105 104.3996 99.16917 89.77125 296.1745 330.5053 26.68511 331.96 281.7293 275.6201 246.1048 125.9434 264.6889 264.0601 259.2673 349.3803 339.9739 324.4623 5.514912 2.938461 342.4735 342.8981 339.58 330.2372 325.4032 338.2933 331.4136 311.4322 334.5367 82.05354 81.61131 37.96613 42.16264 24.78179 274.5912 138.7314 122.8114 267.6829 291.3959 266.4237 206.0124 186.3492 204.7082 194.0348 177.9173 159.4686 118.3495 147.5524 231.6571 171.1413
7.233479 28.8355 339.8483 319.1849 22.46321 53.68636 72.46441 98.88599 336.1587 286.9302 274.1276 297.5528 354.9364 109.9831 125.469 125.843 2.197608 283.8147 288.6374 70.908 110.6704 231.3087 230.1664 233.7778 296.2123 320.999 302.7166 247.7965 225 242.1363 247.7144 273.5323 336.3706 339.5672 310.7531 321.108 335.3532 319.6519 333.1275 343.1941 340.8729 43.40886 92.30817 89.64632 54.86581 61.46238 33.28902 262.6779 135 160.6722 302.8443 326.4966 55.2348 181.1935 209.0564 183.0122 165.7975 179.1776 183.9203 153.4409 145.6934 185.6721 188.7484
9.869739 38.04115 0.4709136 316.0051 35.83765 74.50072 75.65749 62.43748 316.7431 351.7676 318.8141 261.6071 131.1859 92.46812 87.20982 64.06987 300.8182 274.8339 229.3729 133.7539 114.2626 243.2084 237.2298 247.1762 263.5984 274.3474 244.7468 170.4555 193.1092 204.8713 208.6105 213.7793 240.7579 253.9264 225 233.3544 247.9086 280.7035 304.8245 334.2181 4.032457 57.60476 67.76283 48.04976 56.51383 43.47247 36.94559 90.7314 110.9042 266.2079 280.9002 340.9423 49.23639 62.80187 203.1986 183.8785 139.0444 169.1667 200.6202 218.2889 103.1726 114.6852 236.321
12.76321 62.92792 13.7816 336.8014 66.96056 84.70793 76.36472 53.09541 293.0817 330.3896 21.03751 285.732 104.3493 94.89909 88.18698 99.01296 239.9016 250.6622 202.747 119.4985 109.2734 268.4973 247.3276 249.7395 234.411 205.0198 186.0304 173.657 180.3274 202.2936 208.429 211.1174 213.9894 193.4675 187.1794 213.6566 222.0934 236.3974 238.2691 236.7863 169.7349 80.32504 61.69925 53.01981 75.85653 127.1042 155.4042 131.2414 113.251 260.6204 259.9693 201.3706 112.751 87.38665 125.4509 195.6422 159.0202 176.1986 223.9949 265.279 8.130102 65.62423 278.0944
191.3099 113.975 144.6052 186.7536 147.6258 77.113 63.28535 56.92939 52.04581 256.9431 353.5006 318.8506 41.42366 80.97687 91.3997 93.82314 231.2338 245.1922 239.1381 67.55816 35.5377 312.8424 274.9209 250.9337 233.0317 209.546 193.4889 181.8894 220.3456 296.8781 323.7906 332.8257 301.2392 253.2985 243.8861 241.6579 234.7394 232.1514 221.9038 219.3938 200.1116 130.3749 108.435 97.26888 101.0152 124.8454 156.3386 152.7589 147.7343 252.6995 259.3168 240.7672 131.3086 108.9111 101.7064 181.1073 178.0517 185.9374 210.5435 233.1866 216.6071 100.9756 191.9008
191.6678 152.195 142.7362 180 206.9772 99.24611 73.50928 76.87937 74.62197 272.5423 293.6294 315 28.71508 62.16192 62.13177 73.99759 302.0694 271.3313 261.368 18.37753 15.3353 357.3083 291.9154 233.3175 234.1052 263.7819 337.563 29.21296 291.944 286.7765 298.679 332.3499 345.2064 330.4575 343.6552 345.4181 331.2602 311.4042 297.0414 281.9168 244.6894 133.7492 107.8271 73.96006 70.43929 69.54817 71.56505 80.36425 89.42128 254.4896 251.9772 224.3704 146.489 120.6997 66.70544 38.58922 36.63411 179.9426 176.0594 212.9516 223.9324 121.1861 127.8308
193.7363 180.8303 140.7992 135 221.5732 188.1301 108.435 76.81155 64.78136 276.1239 263.5006 282.4751 45 75.63 76.62313 80.78259 300.1 306.4055 304.9398 317.0454 346.4371 19.56581 29.53088 306.9953 292.8804 283.6623 311.3127 21.87921 348.1306 270.2795 244.7167 254.0137 295.0169 291.9309 304.5897 328.5591 331.209 329.6484 333.8085 315.8509 232.4959 95.77432 58.27065 66.68229 60.72964 57.16456 50.74403 16.66336 45.26722 257.7432 242.2069 213.2402 164.8989 172.0383 192.9946 103.8855 82.79159 49.44256 101.4837 191.7429 233.1988 203.8753 84.85263
88.51612 195.5634 181.1205 173.3952 222.337 189.8193 123.6901 74.44878 72.867 310.7108 288.9465 235.1543 166.1225 103.3314 100.1314 106.6965 265.9054 276.6099 309.5597 341.5421 241.7335 0.05729436 20.30445 306.9727 301.3896 310.0816 324.3908 11.15466 18.30847 340.062 308.1136 307.4054 318.9329 287.876 266.0915 272.4754 272.2785 266.1859 178.2643 156.3084 195.0519 192.9241 159.4939 151.1212 144.1687 107.222 60.4146 6.881723 51.358 84.08611 236.0448 215.0165 163.9154 183.3665 212.9998 173.0888 157.4794 163.8754 150.316 217.8775 273.2226 257.8267 198.5481
69.48412 110.4926 176.5033 226.7944 287.1291 18.43495 327.5288 66.67859 49.58353 351.8699 319.8645 143.2594 186.7098 113.9028 88.1868 61.0125 305.8363 279.5057 294.0442 351.8553 336.529 352.1226 28.66625 239.0362 256.5791 260.2537 244.4931 155.0372 143.1301 315 250.6768 220.2143 196.7155 205.822 232.5628 222.306 219.5453 210.109 171.3736 151.9328 187.9522 193.2113 174.789 159.7328 160.7214 158.0007 158.6821 165.9638 95.02406 93.01423 223.9324 209.3236 172.6353 209.2193 226.4594 179.3839 157.3619 156.4677 199.2495 287.5461 299.4565 322.3956 334.356
117.7488 116.7202 139.205 270.7516 291.733 19.23067 39.16051 40.06078 45.61277 43.30285 101.853 127.316 178.5121 165.5756 103.707 353.5014 332.7813 325.9338 310.8404 327.9319 339.4874 1.175797 29.27852 41.67572 243.0725 222.6141 197.5374 179.3905 210.2879 187.8291 177.9132 204.2681 218.1449 221.9335 217.2236 228.5763 235.8536 209.4648 191.6894 155.0291 133.025 182.7264 183.0865 166.6658 167.835 169.6551 194.7692 162.6091 127.0151 77.56737 79.35434 216.3092 224.4744 244.5731 205.4783 166.2652 165.8147 187.1887 282.9074 280.9422 283.0312 309.3354 319.2454
130.5635 109.0447 327.3806 283.3316 281.7399 29.53878 85.91165 146.6009 151.97 59.64738 72.82626 109.3362 182.1113 199.9758 86.91303 302.8779 298.1461 335.1363 313.9949 306.4509 325.5469 5.216889 29.0546 40.73446 32.75088 238.4788 207.9218 201.6367 212.7603 183.5038 190.2727 268.6425 276.5278 260.3625 289.2722 305.4457 304.317 198.2195 206.2489 174.013 125.076 137.454 159.4763 160.1448 182.7792 208.5864 247.6199 111.5014 140.7106 82.98731 84.50237 222.8989 234.4001 199.4227 175.791 155.6676 219.6107 280.0922 278.9785 276.0669 284.6209 262.875 253.4429
202.0113 63.66721 322.8199 268.4154 247.3801 184.8739 106.58 110.1707 203.0283 242.8787 77.59098 78.75276 309.991 324.4144 31.96122 21.23618 277.7318 304.796 318.2397 295.5053 293.2362 22.10013 72.71082 81.78706 68.92493 351.2818 338.1208 294.3115 226.476 211.7151 251.3399 259.2054 256.4695 286.6696 291.3706 291.996 117.7844 229.3998 181.9944 158.8602 159.3625 155.8306 136.7269 129.5794 198.435 269.297 317.7263 46.78196 51.00901 115.5297 101.2408 138.6295 217.6894 181.3972 178.2101 239.4658 300.6003 310.3615 317.411 300.6043 302.3196 144.4623 233.4986
213.8167 153.6306 193.4579 245.3947 227.6542 178.0939 132.5558 105.3707 155.769 205.1231 119.953 89.31712 272.2466 278.4691 21.75502 40.04155 313.7127 281.0368 299.4222 276.7401 240.7856 159.6028 129.3824 122.3851 120.9638 315.4244 349.7341 2.948659 1.058306 350.5359 265.359 256.8731 272.9904 280.3048 255.5945 211.7634 163.4758 277.3504 28.62288 47.09016 72.78471 130.8291 139.1957 114.9236 220.4261 266.1695 284.1935 36.8699 61.8584 89.04197 108.1591 123.566 250.8519 321.1553 347.6722 312.1534 305.9386 314.6555 297.9915 277.9717 308.7742 80.45087 185.3797
165.9941 168.2192 194.5651 228.2209 219.3938 173.516 144.2726 126.3946 134.5937 202.9436 151.9492 98.55049 193.9692 257.2485 288.4349 52.00938 29.89042 272.7572 251.565 188.6156 201.8572 191.3099 83.71999 70.26659 335.6107 313.7029 347.7995 2.106921 13.94323 35.8954 346.5043 253.0052 236.7911 207.2247 214.6293 211.5695 200.4401 224.9971 233.3103 35.08725 46.77165 44.65406 51.10685 85.71138 171.0336 244.8665 224.4193 167.7202 120.63 98.9286 109.1407 139.1095 276.2052 308.1934 356.9627 318.2839 268.2643 226.232 193.6865 238.0387 266.3698 67.26826 98.9537
68.88393 96.58298 210.4242 230.8525 215.3795 183.3732 166.8908 128.1941 104.8207 189.621 165.6838 104.3135 65.27938 264.7609 260.7308 68.25922 36.8699 296.4707 243.8532 140.2739 194.2811 242.9814 337.9887 46.83284 338.1376 315.5599 349.5085 0.3897612 10.28933 34.22481 22.38013 338.5212 230.1123 196.5191 215.3795 232.275 206.9879 203.587 221.8421 229.648 34.99202 44.46452 57.73807 78.59055 107.1939 231.2831 202.1928 178.986 169.1658 101.6486 89.99377 101.2218 268.1836 265.1096 167.4712 168.0707 227.7079 201.7408 176.8636 237.8513 243.751 103.3925 56.01272
109.9188 99.3066 278.1878 248.9231 193.6748 188.4216 175.6724 138.0061 116.0327 357.3047 349.9441 37.08118 54.90418 252.7388 234.9697 201.34 20.55605 318.2095 62.35402 100.2787 173.6649 229.2861 216.0392 296.5651 333.8471 314.4861 332.5603 347.9747 354.2778 19.92133 18.43495 17.01978 20.55005 32.91504 265.4129 258.6922 215.8078 224.427 257.6278 272.8851 343.369 69.52348 87.49371 94.77589 96.50007 263.9923 226.1932 172.0025 196.6396 128.3387 82.842 54.26287 236.8804 225.007 183.3854 174.2374 215.1186 207.3874 178.5498 213.6901 223.2843 198.6536 146.0105
115.5123 33.58002 333.1597 7.655945 57.5176 311.4118 20.26677 82.07524 64.03778 316.0814 334.2902 18.88394 36.07359 50.42809 219.0119 218.9593 212.3474 190.8987 154.1632 133.1759 173.4398 277.2243 281.3914 282.7352 307.4816 326.2612 327.8642 335.6266 347.2262 20.71571 32.66547 34.59945 36.4591 34.40025 319.4932 289.4728 321.1155 305.4635 290.709 286.3759 329.25 85.88407 86.4677 80.8942 13.7716 330.4019 358.0339 27.60254 59.68278 140.4189 134.4788 108.4191 178.0332 215.8493 190.1833 185.1432 210.3385 198.435 178.224 204.1455 216.7163 192.1549 179.3349
22.74589 333.7851 339.5632 24.12958 46.33456 289.8508 59.0699 12.51701 355.8937 329.0391 300.6 51.74006 73.3636 66.89553 358.0046 235.1735 206.9096 178.9468 172.3064 292.0702 332.614 327.218 325.6887 313.8767 293.3742 281.8336 281.5346 278.0081 259.6952 63.79988 50.60354 43.62202 44.58928 48.37968 350.4171 289.575 309.8639 299.3192 288.2603 281.7616 145.8403 113.5905 112.567 95.2809 321.2923 316.9958 9.36019 54.90804 72.59216 97.69002 155.0559 151.3585 115.8954 224.9152 224.955 198.3948 201.3706 178.5419 182.1211 206.4068 195.2551 188.0771 231.474
303.9651 319.7575 334.2036 41.78996 54.8241 323.6596 4.907226 342.512 339.2492 344.7449 318.3997 94.50491 98.8129 99.85915 108.3829 216.6561 214.4765 178.1093 279.0956 300.4565 321.5549 332.1524 317.332 320.1741 339.6916 304.5085 260.8927 238.2609 235.3048 308.5956 26.25024 46.20786 50.46909 44.78541 4.085617 331.5948 308.8298 281.5186 283.7308 286.4935 112.3801 120.7064 131.975 176.9152 249.6974 258.6901 124.0459 107.7713 102.8419 93.49473 69.30311 327.8545 15.02758 39.06085 267.3171 266.9206 115.4633 128.5579 174.8974 208.5669 193.0258 220.452 270.1408
