CHESS/lc/geo/lc.aspect
ncols         400
nrows         415
xllcorner     874268.138
yllcorner     2671805.4649658
cellsize      300
NODATA_value  -9999
[rows 0 to 27 of 415, columns 189 to 251 of 400]
16.79251 40.20488 114.914 127.69 118.3147 107.5204 106.5157 115.1775 131.1215 87.70939 42.61406 28.66952 30.90983 254.196 229.4033 201.433 184.5608 175.6013 184.5822 128.3782 226.1227 292.9507 286.0121 298.1749 36.04916 44.49858 297.2972 301.4768 249.3625 263.3547 286.6245 306.8699 315.4442 319.7334 329.7924 340.9565 57.69267 137.9953 168.3778 154.2369 159.6608 136.6707 117.1039 142.0228 194.2413 178.6636 170.7998 148.4661 103.0919 95.61156 89.30623 283.4957 312.2789 299.6858 272.3514 253.1591 271.1691 265.3989 263.183 257.5703 212.2547 239.7436 202.4307
353.9907 33.83456 64.74284 89.47437 110.2803 117.4287 109.7549 98.82038 87.06432 146.3099 142.125 57.09895 73.03674 233.7815 232.6372 230.9645 227.5902 246.2505 300.6541 354.3371 22.34795 337.5716 296.9618 283.7816 34.64095 47.00253 301.1593 322.0626 349.4608 300.1137 290.9872 315.8303 314.8704 311.4319 331.3895 155.7963 155.4328 150.3812 164.4858 166.6622 190.7145 89.99732 87.24089 71.25024 31.6965 43.355 141.9221 186.8091 125.4171 42.96165 16.33221 10.82409 320.6222 285.3556 286.0664 279.4555 279.9291 310.2916 265.5526 234.9262 198.2307 219.5493 230.8469
266.3785 84.4174 80.34237 85.26346 98.27589 110.0587 102.5588 64.81148 63.43495 91.16914 188.9897 153.4245 116.0552 302.1632 309.1949 336.9364 14.03623 297.8178 286.2324 343.3313 61.0987 306.6703 271.3748 251.4046 202.5573 20.50143 324.241 331.7898 349.6635 1.115352 320.0984 295.2947 280.2651 221.9872 146.4025 143.7241 163.998 166.6411 169.241 211.839 273.0587 63.24334 58.80752 5.5672 8.894398 41.03757 39.52549 353.8298 16.82141 351.2625 2.090159 60.60708 62.42759 265.9336 248.8295 191.0235 232.1694 255.9678 272.7313 261.943 220.3226 259.321 289.7894
194.2698 149.5852 109.6189 103.2272 99.32581 92.41655 76.07166 84.85211 84.13613 43.31532 39.54486 33.69007 1.109918 314.4998 302.0655 317.0826 68.80199 318.4336 270.9711 167.4123 129.8978 220.9144 214.9025 221.0548 235.1543 290.4542 307.7383 319.9068 350.8757 37.02098 345.3291 282.4649 187.1772 179.6751 155.3583 134.7671 161.3283 187.7113 270.8069 267.3482 210.4843 177.0344 94.91656 327.8043 59.03624 85.06548 355.7946 344.3853 15.01188 27.92978 104.3493 110.9067 83.31493 279.2641 222.6744 192.6551 268.027 276.2028 248.1428 239.5577 241.0399 274.2748 284.4648
168.9675 161.0795 125.489 105.3931 98.08541 102.0041 117.2247 109.1267 355.033 12.20047 27.97359 23.7793 341.54 297.7894 269.5557 273.8344 11.09968 344.4567 305.7067 133.9435 164.647 225.011 230.9082 282.7244 294.4121 302.7594 303.4357 309.6801 14.03624 67.69756 1.990172 338.279 104.0362 152.3789 157.4427 150.717 181.1573 194.3377 198.9095 172.2752 179.4122 204.3318 152.9723 192.2251 151.6992 68.65595 321.9843 329.8545 40.74397 63.77803 70.09153 76.57352 336.5331 275.8542 141.5566 217.875 264.2891 289.1224 338.1026 226.9241 233.1762 264.3283 266.5546
126.0047 151.7914 138.6976 112.0221 108.9704 114.2703 109.9641 320.4038 326.7301 13.64724 40.6902 45.8814 359.2074 235.2202 228.2294 236.6618 267.1087 318.8141 105.4633 124.5085 325.2348 355.486 293.758 288.3041 298.3391 302.3131 295.5685 296.8781 71.93649 74.44543 61.77652 132.5707 126.5616 116.7005 128.4802 141.8269 187.679 199.8984 174.7557 168.2489 178.6214 249.1153 282.2069 86.11209 244.44 340.8936 320.1022 322.0334 58.01564 62.9987 69.25392 77.65585 302.0868 223.3771 141.0785 214.5259 247.9302 251.7371 267.2737 103.503 226.7806 246.2968 231.9908
114.5712 105.7388 116.6502 112.3438 113.1177 120.226 43.37842 299.4448 306.4306 24.54369 67.86134 76.57419 50.69781 59.47547 213.7148 214.7278 220.354 182.7434 137.6539 275.2205 312.1865 359.7886 354.8073 308.9323 294.444 285.1897 270.1358 256.8764 79.41837 73.07249 90.98232 119.4472 156.8934 108.869 79.38035 79.18612 152.5342 206.5848 158.1744 269.2436 335.7496 285.1988 244.503 119.4584 235.3048 279.3129 318.743 233.427 105.3061 96.94515 100.7931 81.07601 333.4349 95.29561 131.5033 253.0757 252.1281 227.3936 212.8049 135.4406 223.7533 236.0357 204.1772
115.542 102.0948 88.52279 90.41219 92.41029 97.5936 283.7968 280.3074 266.3943 129.8896 113.6294 110.8445 44.94454 48.60521 41.3679 273.3086 223.6754 168.7257 175.0726 263.0801 267.8771 230.5722 237.2648 281.6167 291.2683 286.7898 254.7998 231.9433 168.9729 119.0737 107.9341 107.1759 148.5588 131.6615 149.0362 92.29061 95.37282 175.0334 194.5511 235.2067 226.5074 243.8861 172.6942 134.4355 231.9683 250.8519 202.8905 150.8262 143.2001 128.3715 133.3865 170.7274 192.7243 113.5397 123.9298 280.3059 287.2717 209.9951 233.5912 201.6136 254.2582 282.1158 319.2588
156.3756 170.5797 133.9109 94.33394 93.60297 89.4769 294.6068 248.985 187.125 153.9413 135.6586 147.1985 182.6233 352.4479 347.5701 10.69969 31.87082 99.31995 203.996 246.8704 248.9602 246.5713 273.6914 267.2387 263.8767 251.4563 234.9818 211.9447 167.9333 155.505 137.6525 120.8855 141.0919 145.0465 176.9059 139.3987 56.41302 54.15322 271.8579 255.9519 216.7406 210.0974 156.6049 140.9131 253.1714 241.8317 191.5309 154.3205 147.2559 127.6389 109.2307 156.8377 171.0155 146.9301 188.3311 247.7003 207.7446 165.4289 247.3407 247.6747 288.2277 293.1684 327.2047
154.0237 210.6865 83.66679 90.71317 97.54053 167.2222 213.774 177.7227 162.5228 157.5026 135.8233 332.5306 339.8761 338.8179 355.2137 41.10605 70.11947 79.04645 344.4122 260.6446 265.5862 306.4109 343.2375 330.3575 241.0347 221.0793 208.3197 190.1755 150.4329 163.3403 175.8126 128.1356 131.571 127.7661 168.6901 246.0923 110.9344 122.9944 294.8522 311.7477 124.9862 175.392 165.5146 174.8049 247.6397 241.452 165.564 149.2811 149.9083 136.4203 139.4523 127.7064 145.4382 158.6767 253.7644 243.4086 205.9065 200.2838 260.9421 267.0626 281.8353 271.3367 253.4429
342.7758 323.4954 70.72495 102.5364 104.3205 157.9099 185.8672 160.3821 147.8676 170.6127 278.3887 314.3495 332.1305 338.4608 24.03556 74.93555 100.2462 112.4957 266.7053 259.4009 248.5669 234.5656 240.7924 85.91438 199.9831 229.8366 196.5571 185.4539 155.7421 165.7627 198.6853 131.7415 137.6593 122.902 174.7089 231.6214 119.0546 148.7223 264.8056 290.556 111.6023 155.8668 182.783 237.8242 256.2566 216.815 149.5225 147.8581 129.9509 130.2604 165.0835 146.0899 135.3282 351.8651 300.3596 309.0407 317.5448 307.6068 280.3973 269.8395 268.1759 243.939 209.5797
334.7072 160.8112 143.4785 121.689 111.5961 109.29 131.9443 134.8271 142.5603 314.1088 304.1504 298.9312 310.7792 337.0511 46.48512 65.88093 49.49166 40.45884 66.71571 206.3931 222.6621 221.6085 227.6174 198.1419 171.8699 254.8009 170.0594 202.2176 196.3393 158.8985 182.8234 148.7867 155.7758 132.1049 209.2537 253.179 91.77147 106.9275 228.998 206.7038 85.57145 72.91897 243.9122 258.688 219.1968 193.5228 192.8855 107.3652 124.1146 122.3632 170.031 356.3855 317.1843 321.1227 303.6297 307.6945 309.8056 252.6409 240.2966 261.9868 256.9411 216.6376 218.6677
139.6603 135.2677 137.1252 128.2745 117.1152 118.6305 108.4455 118.1453 306.9282 312.3651 318.8616 303.2052 292.4342 318.2072 73.21488 70.97904 58.42915 69.07818 83.85224 88.71139 266.8982 260.4031 247.821 239.4703 269.6396 167.0054 136.3479 234.7106 253.6105 114.495 179.6485 169.1285 147.7656 136.5311 234.5664 240.38 104.7887 103.4187 179.4573 217.0362 164.7449 95.27163 216.8661 216.3575 175.7653 220.936 249.9179 129.8399 123.7996 98.68037 350.6202 330.5782 2.098205 44.61158 228.4921 213.7787 194.8129 182.1969 259.43 272.4896 232.1983 251.7542 297.5738
146.0312 112.2296 106.0323 115.7873 112.7064 144.1915 132.8763 3.528564 306.7907 311.5301 321.7579 303.9298 267.9904 198.1751 116.814 109.4687 102.7923 88.61296 53.33651 46.8511 265.6094 258.1461 261.5184 259.7146 216.769 159.5476 148.7294 233.8477 203.5523 144.7717 215.1807 135 120.7097 163.8218 212.1545 232.6846 146.8332 92.08257 88.20003 210.3576 201.9708 159.156 156.1971 202.7591 159.3724 224.3208 200.5134 155.4251 309.954 335.3846 23.73831 321.4643 351.2976 52.26306 137.1823 199.7507 237.9961 340.71 276.736 249.1142 221.87 283.0298 308.7561
124.7778 120.7674 115.0815 122.1756 88.72697 80.34882 315.0309 322.032 313.4499 315 322.4833 291.6022 221.8202 173.3304 131.5686 126.0619 127.6702 107.3005 71.96021 51.15567 310.2507 312.3647 251.1543 221.2277 178.4306 166.7837 192.6193 237.3391 178.4378 194.4957 248.6907 96.5198 97.07892 166.5043 250.4139 272.9609 161.4504 71.3233 65.81466 93.03917 246.2375 282.3822 350.9395 19.74292 26.5435 353.3661 161.6343 157.5016 277.7868 296.8583 71.72411 270.8005 293.3004 40.55343 47.32157 344.9276 305.1082 342.6305 350.9605 314.1512 301.2551 298.4395 292.4259
100.4258 123.0502 120.3698 132.4362 128.3675 87.50932 304.9536 311.3557 315.6511 321.222 330.5241 56.30993 144.8336 162.7449 142.125 118.2791 71.21138 45 80.64474 89.87604 263.1568 176.3583 202.983 201.2125 177.589 207.2287 263.5652 285.732 64.55825 245.7722 225.7639 166.7809 117.4397 114.1894 213.4461 227.8816 181.3639 133.2928 114.5073 93.30354 288.5826 300.9622 344.3677 34.91262 45.48542 35.78491 59.06452 327.8204 272.0484 233.8331 119.198 191.7985 253.3021 342.0682 42.47396 33.39 279.8573 295.5885 18.89209 339.6028 302.0695 285.4436 163.1434
115.2053 117.0455 114.1022 112.0679 149.6209 321.8663 288.7725 289.7084 289.1931 222.6141 189.8658 143.8807 106.9755 109.7327 97.12502 27.10387 0 49.5116 81.25518 128.7351 206.8713 174.1517 185.7639 196.8464 197.8192 240.092 251.3544 228.0941 144.5491 196.3139 237.0508 168.9174 169.6952 116.57 160.8664 229.9974 172.9793 145.008 151.1109 109.7366 275.0612 272.488 250.6768 86.80046 64.46587 355.8469 21.98104 11.3271 273.6454 228.9906 109.8295 175.811 253.3542 277.7532 10.6584 38.51374 306.2414 211.5982 182.5138 219.4101 244.7865 168.4338 141.3593
130.7673 123.0553 139.078 84.79382 337.9638 334.2593 277.275 263.0923 215.3192 170.0958 180.3274 165.8064 130.3361 87.96516 84.04589 262.875 177.1376 101.0959 104.3408 134.8726 349.8771 27.97042 225.4563 200.9406 252.8719 260.8472 218.2299 188.4935 174.9493 213.279 232.8748 147.2361 176.5434 159.942 142.7603 238.2435 166.0763 140.9769 169.4016 156.4531 264.3293 237.3297 184.9697 176.3255 328.3925 340.448 46.72588 69.82067 232.3183 189.5759 126.7273 308.2507 298.9884 285.8824 320.0502 52.94347 44.80965 18.88609 208.1132 220.6013 219.274 170.492 127.8906
91.72253 89.71773 87.70939 317.2102 335.6661 348.0707 282.4557 248.4429 188.0047 160.7449 181.7357 181.9423 176.2686 114.9146 117.5871 180.5788 172.2326 125.3884 110.0277 317.0921 334.8779 8.970156 36.11406 44.8842 253.1741 241.4247 265.1777 326.6894 9.020348 79.22139 215.6778 157.414 147.7252 170.5983 177.7949 216.2927 177.8194 133.7787 135.0459 226.8113 247.3965 202.856 173.8534 210.8154 241.508 273.0884 26.56505 29.43078 27.09916 80.11734 152.7818 287.8341 300.0129 284.3936 270.5826 43.24147 36.39214 8.399095 0.268153 18.51715 275.6307 249.6031 305.2407
47.92897 38.54088 6.696916 336.4495 316.273 317.1611 292.7317 240.5317 176.4573 151.5489 205.3462 235.4067 177.9305 131.7164 109.525 153.7413 147.1856 119.0146 344.8672 322.2773 315.2797 6.402218 51.79352 59.85112 225.1003 253.0161 287.4714 308.3951 6.976106 43.81876 12.09198 166.7572 119.0963 144.564 212.2187 229.3321 258.3482 19.62 59.4866 294.6002 234.6067 182.6755 238.2902 278.8793 237.6804 255.6825 317.688 22.03078 47.35825 52.14662 21.8034 275.451 271.3694 254.7861 258.8696 313.66 22.78448 358.8525 1.071595 44.78131 27.56512 313.8983 299.4275
66.5713 32.94601 17.488 45.56726 308.6598 295.308 307.2699 291.8014 64.44974 90.39513 239.7083 225.4658 165.9638 138.5763 118.1743 159.0621 123.4414 41.19306 323.5965 321.9354 256.1726 183.0134 94.48882 85.08281 315 299.4227 274.3408 270.6006 325.118 67.72494 72.48121 141.2662 145.9937 180.3296 175.8261 225.0753 236.001 195.5886 359.9713 333.7361 348.6487 352.2631 306.7328 326.3041 321.9409 265.5279 265.7242 75.96375 79.1806 74.07947 42.49583 275.3508 267.015 250.821 247.7622 250.5954 313.5679 340.0529 17.48011 69.60699 19.84688 330.7086 341.7274
92.71341 70.43622 53.74616 66.35438 20.55744 231.9931 178.9778 191.55 177.0107 122.5139 183.1498 200.5928 180.294 154.5096 74.47056 57.74724 18.29685 325.8491 348.326 70.64101 230.0241 199.4115 96.88931 70.22542 316.7924 295.3149 270.5018 263.2418 256.4296 83.65981 75.27754 66.12729 315 278.1161 270 225.3843 220.1191 202.9982 260.95 317.1723 312.7314 306.8487 304.5057 283.5846 142.3389 246.6111 222.3068 172.4314 134.5983 109.4398 100.7317 269.3923 270.747 253.6016 246.3794 255.4577 235.6039 201.7085 160.8803 96.20776 344.4759 315.377 6.673141
74.86692 21.0804 23.73094 60.14933 96.60088 176.7047 186.8247 193.4741 171.5862 156.6345 167.3215 193.6819 185.5611 205.7674 143.1 104.9385 272.4737 296.4704 12.88242 46.1652 338.4257 344.216 75.26663 83.93596 286.6117 263.9409 243.0478 246.5592 221.3915 121.6075 97.26308 88.24036 43.83743 315 278.1301 270 225.7764 214.7367 270.6915 318.6237 20.67443 280.2348 281.803 106.9695 153.4159 233.6051 214.0502 174.5562 158.726 146.4853 138.7252 260.1577 259.1786 274.5248 291.6444 276.5627 181.0912 168.7682 185.3045 148.5874 213.9511 245.4034 205.8246
42.15052 22.94894 68.30489 97.09133 97.47062 333.0559 338.3529 5.62132 39.14913 24.71757 11.08891 17.7802 41.60201 229.4194 168.8835 133.8647 264.8249 258.1672 165.1916 53.1301 350.8376 62.10273 104.5359 109.3321 215.0074 245.2258 228.7517 247.249 216.3666 147.1152 119.6662 99.38729 88.81766 351.8699 315 278.1441 270 314.4178 277.5149 299.2767 26.67674 336.3058 303.0108 74.42225 9.135633 301.9149 310.5999 18.39541 63.57869 186.1086 322.2841 288.0916 299.9083 325.3284 301.5838 231.7706 151.1614 137.6899 195.6672 195.9752 270.6389 275.2278 233.5959
66.86858 107.2161 129.5758 130.7298 139.3598 263.0135 271.2189 354.5597 22.87419 4.283897 11.24941 9.255644 4.305434 25.80963 75.0427 110.9486 257.8508 213.085 178.546 220.9461 196.6992 108.189 95.01673 62.4773 40.00343 225 245.6682 265.0415 260.3803 58.76078 55.18526 59.77872 32.58163 26.71869 359.903 44.21621 278.1161 293.1784 267.2021 268.2464 26.86192 44.19949 266.5212 29.7162 9.801591 291.7132 271.6552 64.92697 84.92339 299.5354 299.9858 287.9058 299.483 356.6891 137.7049 180.6539 166.8308 139.606 268.1524 281.7693 278.8705 292.6297 330.2394
152.3899 102.4975 101.6385 109.9261 262.8493 227.7981 229.2836 268.8795 336.1364 355.7831 11.35752 6.28476 6.947258 44.1974 66.34116 69.65625 250.5903 223.8304 171.3844 232.5192 205.821 118.6518 85.74616 4.749157 19.78036 37.78097 271.1024 255.6546 258.1849 324.4708 41.18395 50.0515 36.42157 12.31323 12.59204 26.33405 34.86618 303.1511 282.4098 267.7395 257.125 70.4464 92.59145 239.8535 112.6708 200.6915 247.8174 153.7107 104.1646 296.8282 296.093 264.7167 225.1935 162.6732 165.7169 159.12 155.8635 203.5836 240.8016 233.6587 240.5812 262.9633 285.7149
188.4906 133.2854 114.3104 78.46156 321.0897 8.162514 322.3155 294.7961 307.7826 358.4306 12.48809 353.9276 26.71663 66.33192 74.98257 69.85632 254.2782 240.438 210.3371 271.7372 271.4321 84.80557 69.96279 320.0131 16.80863 35.98557 328.5573 313.2043 289.2693 313.2943 35.4011 49.34746 34.3168 357.0192 24.46639 43.18944 65.52708 270.8203 270.2771 253.0016 225.971 136.084 99.94258 212.7305 192.3969 326.2746 292.5536 48.92135 81.60009 297.95 297.8109 231.0144 189.3383 173.3173 239.1185 317.9511 78.69219 222.5223 200.0116 225.4165 262.9429 266.2236 261.7701
187.3133 152.4941 152.9448 201.9399 275.3887 337.4631 338.1681 312.3889 302.7843 138.0128 190.9807 222.2551 114.3903 90.12269 87.36167 86.59788 225.1213 203.455 209.4841 230.5163 207.6026 174.7985 104.0362 311.8202 358.8065 13.94059 338.0147 334.6792 302.2896 306.6329 112.0872 114.0755 124.8457 261.8699 80.55629 90.34949 108.1777 232.4092 231.3128 208.8984 222.3524 238.4732 41.878 12.76481 305.1902 262.4301 253.839 141.6167 91.09142 269.2202 211.0582 233.6084 319.1953 332.5895 293.1475 314.8858 95.71862 314.4821 342.8274 347.1966 272.5165 242.6501 246.0135
