CHESS/lc/geo/lc.dem
ncols         400
nrows         415
xllcorner     874268.138
yllcorner     2671805.4649658
cellsize      300
NODATA_value  -9999
[rows 280 to 319 of 415, columns 270 to 359 of 400]
464 524 504 546 446 377 415 434 427.01 427.02 427.03 441 460 494 452 418 390 372 400 418 442 427 398 381.01 428 420 511 439 439 453 445 430 403 348 359 339 335 352 479 431 372 301 266 285 237 228 205 226 249 213 246 213.02 213.03 252 228.05 228.05 240 287 360 274 208 226 238 282 337 361 339 368 365 410 356 369 345 326 300 302 302 285.07 308 367 356 485 392 404 298 227.05 229 285 319 322
392 468 447 415 371.03 373 425 432 472 484 459 443 473 506 519 449 460 421 389 417 433 407 449 419 471 475 519 477 455 512 513 473 413 306 303 317 330 382 456 584 432 339 310 238 241 245 218 202 236 206 245 219 213.03 248 233 228.06 243 261 250 206 200.16 206 225 241 277 316 302 336 352 390 313 285.12 285.11 293 285.09 285.08 305 285.06 285.06 304 359 411 367 302 257 228 227.04 320 274 217
306 371 399 371.02 371.03 438 477 425.01 485 537 512 483 472 504 521 507 482 460 419 465 498 457 494 497 513 552 535 460 479 510 476 393 372 309 291 294 326 408 516 615 457 353 345 248 243 219 221 200.15 205 222 218 240 213.04 219 234 250 265 216 220 200.15 200.15 213 273 232 232.01 312 294 354 334 308 285.13 285.12 285.11 285.1 285.09 285.08 285.07 285.06 285.05 309 315 342 274 288 292 227.03 253 352 315 222
312 372 371.01 371.02 384 470 551 494 518 563 538 487 541 528 504.01 515 461 470 477 481 548 551 524 523 616 657 568 530 492 511 472 413 390 406 340 278 333 384 582 605 455 385 333 283 233 229 227 231 200.14 224 225 213.05 215 217 214 221 256 200.14 200.14 200.14 246 274 286 321 270 258 259 313 323 346 303 290 321 301 304 312 320 294 295 285.04 316 364 300 258 245 227.02 267 325 312 207
380 427 371.02 398 397 415 521 545 649 646 600 534 606 628 555 506 500 471 470.01 496 564 638 620 589 674 702 584 615 514 444 493 405 351 383 344 277.03 317 371 526 529 399 361 304 239 236 214.01 237 200.13 200.13 231 231 235 220 202.03 233 240 206 200.13 200.13 200.14 244 242.01 284 298 284 283 337 375 356 302 296 309 373 360 414 431 376 342 304 285.03 307 420 365 291 277 267 227.01 242 238 191
435 432 443 425 473 518 460 545 545.01 567 578 624 703 629 650 614 566 540 507 594 666 639 633 625 556 671 639 535 484 427 414 380 350 333 283 277.03 277.02 329 415 448 346 321 299 257 223 214 229 202 200.12 236 208.01 227 202.02 225 231 200.12 200.12 200.12 271 272 242 335 321 251 324 384 392 381 411 362 357 400 446 391 376 388 362 318 320 285.02 325 282 304 312 244 303 322 227 276 186
399 401 414 479 532 590 575 630 673 629 649 646 723 657 705 723 646 536 559 634 693 557 543 507 584 577 618 506 446 386 353 349 367 295 337 315 277.02 277.01 343 443 348 308 250 260 222 204 201 200.11 200.11 237 224 208 202.01 225 203 200.11 200.11 217 284 252 246 336 266 248 362 409 409 425 383 389 395 450 412 415 415 391 354 379 337 285.01 333 271 223 214.03 214.02 238 240 255 209 184.01
399.01 402 457 461 476 559 567 664 680 704 731 708 738 723 740 715 557 517 494 601 578 549 482 524 557 546 599 509 466 404 367 317 302 326 380 365 301 277.01 277 319 301 319 267 221 217 207 204 200.1 200.1 212 242 226 202 209 200.1 200.1 200.11 268 338 260 226 268 225 275 388 433 428 426 420 417 448 460 457 453 474 465 414 362 344 285.01 285 214.05 214.04 214.03 214.02 214.01 214 183 184 202
449 425 465 499 519 493 587 555 612 686 713 686 640 612 629 587 521 490 453 561 537 455 482 469.01 481 543 567 475 415 391 371 327 309 377 454 416 345 359 349 259 240 290 256 229 216 234 200.09 200.09 201 207 225 207 207 200.09 200.09 200.1 237 339 273 209 200 201 243 298 340 420 475 504 557 556 561 573 548 496 475 528 466 397 328 334 324 290 231 274 261 277 282 182 195 226
520 502 425.01 425.02 464 485 496 547 574 665 672 686 628 572 558.01 595 608 541 484 446 461 394 469 551 541 597 604 500 400 382 339 323 374 363 448 490 420 491 460 300 234.02 234.01 246 252 238 213 212 200.08 200.08 200.08 225 200.08 200.08 200.08 200.09 223 328 233 209 195 194.01 215 247 284 331 413 515 559 648 641 690 614 514 462 476 454 468 375 351 409 322 238 226 221 211 215 215 180 195 216
553 485 480 482 455 455.01 506 522 571 586 630 700 724 653 604 558 533 504 466 420 381 389 427 573 609 575 480 456 432 399 377 356 367 421 477 613 565 491 490 331 255 255 234 200.09 200.08 200.07 200.07 200.07 200.07 200.07 200.07 200.07 200.07 200.08 205 267 283 213 203 194 194.01 225 277 318 363 409 480 565 668 720 617 538 511 511 414 360 409 385 348 373 268 231 219 216 207 196 179.19 180 200 241
571 480.01 480.01 531 493 488 547 555 609 623 651 638 680 664 602 487 523 449 433 394 361.01 411 467 561 499 494 436 391 388 384 406 423 402 421 461 531 544 567 405 336 245 262 217 229 235 204 200.06 200.06 200.06 200.06 200.06 200.06 200.07 202 218 284 238 205 192 194 204 224 245 285 340 378 421 494 624 691 619 570 537 475 403 315 332 292 343 301 257 231 209 240 183 180 179.18 179.19 211 288
548 542 545 530 594 608 684 644 652 726 684 618 509 520 503 524 377 378 348 361 438 463 511 494 406 405 376 379 358.01 402 401 366 375 382 422 532 428 435 353 295 249 228 227 255 236 240 215 200.05 200.05 200.05 200.05 200.06 233 240 271 217 196 186 189 212 226 241 252 261 355 407 487 626 555 575 592 482 445 428 469 409 276 269 235.01 250 213 217 255 184 180 179.17 179.18 185 273 332
525 587 515 561 512 593 613 691 679 721 725 652 518 445 432 453 382 339 351 333.01 427 495 408 450 388 391 368 358 374 403 403 380 355 351 391 458 399 331 312 277 220 204 205 196 231 202 200.04 200.04 200.04 200.04 212 263 243 336 226 202 191 185.01 191 211 228 226 225 248 371 462 513 642 549 506.01 515 480 474 403 439 392 381 379 287 235 195 195 187 179.16 179.16 179.17 206 204 306 307
477 560 452 471 481 504 540 564 576 618 609 600 558 443 404.01 409 380 341 333 338 426 388 365 414 386 353 344 350 359 408 440 379 356 334 355 366 365 324 298 248 235 222 195 190 220 211 214 200.03 200.03 200.03 266 306 315 289 210 194 189 185 189 210 214 206 238 269 327 457 476 536 551 514 506 540 494 408 359 352 323 292 217 205 247 179.15 179.15 179.15 180 266 320 291 235 242
395 400 364 377 438 533 541 580 606 645 604 558 484 498 495 404 348 397 327 312 362 403 329 350 338 344 315.01 354 380 392 408 372 341 309 301 266 262 263 308 296 211.02 227 226 218 189.09 193 224 200.02 200.02 241 253 329 299 247 201 189 184 185 189 192 193 220 230 283 379 348 463 540 532 505 472 458 461 397 411 366 335 331 236 194 179.14 179.14 179.14 179.15 188 243 340 316 315 293
388 359 368 432 484 530 557 585 595 537 583 517 508 445 427 431 388 337 307 308 338 340 336 310.01 340 338 315 353 353.01 380 418 383 367 355 334 325 265 237.01 255 247 253 211.01 211 206 189.08 213 206 200.01 200.01 235 333 394 346 326 216 190 186 183.02 185 188 191 196 233 288 293 339 378 411 490 547 517 465 453 410 346 350 264 224 193 179.13 179.13 179.13 179.14 179.15 187 266 275 290 294 261
334 345 400 393 422 432 453 472 528 486 556 497 445 464 405 357 346 316 318 285.02 343 340 323 322 310 289 357 381 405 396 416 391 354 312 347 281 306 237 257 285 238 281 259 201 189.07 212 249 200 200.01 217 357 332 361 324 209 183.01 183.01 184 187 193 200 203 223 263 261.01 292 321 356 416 436 443 421 372 296 294 248 275 245 180 179.12 179.12 179.13 179.14 179.15 198 238 238.01 265 258 276
374 334.01 419 397 447 530 530 555 557 438 428 442 373 442 379 404 314 330 303 285.01 292 288 307 276 280 298 316 353 387 410 368 363 335 304 287 262 222 212 253 248 218 226 249 189.06 189.06 200 189.04 213 233 217 309 309 253 258 217 183 201 216 232 220 213 214 242 261 268 267 306 335 387 402 385 325 286 341 254 299 214 209 179.11 179.11 179.12 179.13 179.14 204 207 257 240 242 230.03 238
406 405 417 500 450 566 632 648 630 511 482 382 337 409 325 308 306 280 286 286 285 263 270 317 339 321 379 375 419 427 376 340 349 314 295 259 275 205 228 221 246 215 223 197 189.05 198 189.03 215 210 216 254 195 201 190 181.04 242 279 361 353 341 265 230 239 276 282 295 278 282 325 281 262 230.01 230 234 263 225 188 179.1 179.1 179.11 179.12 219 224 271 220 230 250 230.02 240 260
450 430 430 537 490 566 638 664 568 597 532 441 375 320 337 290 310 296 272 261.03 261.03 278 296 306 383 366 374 375 444 452 423 408 403 323 276 274 246 200 201 238 226 196 201 200 189.05 189.04 230 189.02 236 205 196 175.14 187 193 181.03 206 291 352 270 277 283 253 256 250 311 276 252.01 262 296 236 230.02 230.01 245 218 206 180 179.09 179.09 179.1 179.11 188 221 216 266 223 252 230.01 246 271 259
469 460 499 464 590 548 551 576 496 508 465 388 357 335 287 299 268 299 270 261.02 278 290 335 331 431 458 433 465 437 408 429 480 398 295 247 228.01 228 220 196 212 235 216 193.01 223 216 238 194 210 189.01 193 175.13 175.13 199 184 181.02 201 235 284 323 256 297 236.01 286 261 289 264 290 252 235 230.03 258 265 243 213 179.08 179.08 179.08 179.09 192 218 245 188.01 219 219 270 240 257 230.02 268 320
462 462 497 563 530 482 437 437 463 405 339 320 287 281 283 268 270 263 261.01 318 299 313 368 430 423 483 540 447 391 345 361 372 364 280 270 238 233 259 247 192 194 193 193.01 195 199 213 242 225 209 189 175.12 175.12 184 194 181.01 224 244 324 383 315 236 281 257 259 261 262 293 235.01 256 248 292 319 283 233 180 179.07 179.08 233 256 259 318 264 188.02 193 193.01 253 248 236 271 317
487 488 543 606 511 389 397 335 343 315 308 285 274 257 251 260 236 261 292 305 299.01 330 376 470 476 507 514 481 452 367 319 286 275 294 263 250 269 268 205 195 185.09 212 216 203 207 237 221 225 240 204 175.11 186 177 199 181 210 241 336 306 271 208.01 256 260 247.01 275 235.05 279 250 235.02 270 279 220 191 179.06 179.06 179.07 197 194 252 276 367 314 253 193 215 278 262 258 281 317
425 502 631 610 541 467 382 320 296.01 303 271 262 245 240 243 230 264 285 294 327 371 326 373 429 476 450 404 458 437 391 347 324 303 256 238 248 238 210 197 195 185.08 194 199 228 225 236 212 226 233 192 175.1 179 179 191 175.06 231 315 322 251 208 219 269 291 287 247 246 235.04 235.03 256 250 251 179.05 179.05 179.05 194 196 196 259 296 299 408 381 303 206 294 259 289 258.01 275 283
474 530 492 513 441 384 316 301 304 296 245.01 245 248 229 225 236 291 336 308 389 423 368 393 424 420 422 326 394 388 387 321 263 243 242 234 257 204.01 222 225 202 185.08 185.07 218 259 217 204 214 224 194 188 175.09 178 185 212 175.05 223 296 349 261 208 187.01 261 292 251 271 269 250 251 329 299 202 179.04 179.04 179.04 229 214 259 248 319 394 353 329 217 206.01 270 258.03 258.02 258.02 258.02 306
421 384 373 392 423 398 298 272 259 268 272 253 223.02 223.02 250 286 272 304 369 421 437 390 421 365 338 358 282 340 335 337 299 258 252 235 226 243 204 246 233 193 193 185.07 185.06 185.06 211 196 220 206 223 175.08 175.08 177 232 222 175.04 216 253 280 215 203 187 201 233 281 341 286 269 253 235 218 179.03 179.03 179.03 186 213 257 289 273 402 360 323 227 210 223 279 258.03 258.03 258.03 258.03 258.03
432 378 325 345 360 324 330 277 260 242 250 246 223.01 223.01 244 265 293 346 357 423 445 429 410 322 296 293 314 271 293 271 262 257 232.01 237 215 213 204 203.01 246 207 211 213 197 185.05 204 187 192 203 206 175.08 175.07 175.07 230 187 175.03 210 212 246 238 177 176 213 254 247 285 270 290 264 212 179.03 179.02 179.02 179.02 200 224 235 292 408 350 298 269 225 244 299 300 269 296 306 290 258.04
423 369 300 294 301 266 258 259 251 231 246 238 223 252 269 310 331 362 420 440 417 376 366 279 279 266 289 291 243.01 243 256 232 254 240 212 204.01 215 250 203 185.09 203 186 195 185.05 185.04 185.03 185.02 185.01 188 175.08 175.07 175.06 200 175.04 175.03 175.02 175.01 199 218 170.17 181 238 229 248 280 239 224 210 194 204 200 179.01 180 200 222 290 347 339 321 262 260 233 257 255 281 288 272 309 325 268
324 397 386 367 257 247.02 271 282 258 221 220 224 212.02 244 263 320 359 414 439 392 347 317 266 244.01 244 254 253 257 278 269 226 228 210.02 252 237 226 228 215 227 199 185.08 204 185.06 185.05 208 230 228 210 185 175.08 175.07 196 175.05 205 195 195 210 175 193 170.16 198 196 219 287 289 282 287 302 239 210 199 179 193 230 267 301 278 278 281 262 256 265 292 274 281 295 281 317 313 288
297 376 392 327 287 247.02 247.01 249 227 248 225 214 212.01 214 235 261 333 388 383 318 290 293 285 248 250 240.02 260 253.01 273 238 211 237 210.01 237 238 221 225 211 215 211 195 185.07 185.06 185.06 210 221 204 241 192 175.08 196 225 206 204 212 198 267 182 170.15 173 178 217 282 289 303 333 308 298 195 183 162.01 211 207 249 288 285 274.03 284 283 264 256.01 290 266 251 258 282 266 274 291 282
293 325 427 339 292 257 250 247 295 253 246 230 212 227 233 254 323 309 306 259 243 265 245 240.02 240.01 240.01 257 254 287 218 209.01 214 210 220 246 219 217 201.03 214 213 201 185.07 185.07 185.07 206 223 212 188 180 176 234 222 196 217 210 223 267 173 170.14 171 194 232 216 293 342 361 300 249 247 176 162 176 246 288 279 274.02 277 301 320 313 291 274 256 246.02 255 279 246 252 273 306
258 320 327 279 285 220 217 257 265 252 254 232 207 224 245 267 256 235 244 232.01 261 253 268 270 240.01 240 242 233 220 218 261 209 195.02 217 227 222 219 241 201.02 201.01 207 185.08 190 205 195 202 237 267 203 238 239 211 182.03 256 212 218 246 239 170.13 189 170.13 192 222 274 269 324 364 271 186 158.18 158.18 183 241 296 362 274.01 274.01 295 279.02 296 317 247.01 254 246.01 246.01 254 243 244 263 270
244 296 299 258 226 214 225 237 248 259 275 243 210 206.13 236 240 219.01 235 232 243 272 262 291 281 245 299 229 196 238 232 219 208 195.01 221 214 195.02 216 223 227 201.02 212 208 206 200 195.01 216 274 286 210 227 200 182.02 186 264 232 177 246 175 170.12 170.12 189 232 276 270 235.01 299 301 231 178 158.17 180 259 307 325 344 274 293 324 303 279.01 290 247 255 246 254 265 242 248 235 243
279 258 314 259 268 209.06 221 217 223 275 267 227 213 206.12 249 219 219.01 219.02 219.03 231 231.01 260 244 250 285 217 204 195 227 228 209 201 213 195 220 209 195.01 219 222 222 226 222 219 204 205 227 275 232 269 227 189 182.02 182.01 206 217 172 185 170.11 170.11 173 186 237 290 256 235 257 251 213 161 158.16 158.16 215 217 207 217 281 274.01 351 303 279 284 240 228 220.07 245 250 231.01 231.02 250 269
243 275 327 225 281 209.05 209.05 214 260 251 246 247 218 206.11 206.11 222 250 249 246 233 243 293 269 219 233 204.01 206 192.14 209 223 202 192.03 229 192.01 201 195 196 235 203.01 222 223 201 200.02 201 210 263 267 267 251 226 188 217 189 182 172.01 179 170.1 170.1 170.1 183 187 254 303 242 219 228 201.01 201 158.15 158.15 158.15 163 170 170 215 304 394 336 258 301 259 244 220.06 271 236 231 267 255 268 250
262 261 234 270 209.04 209.04 209.04 241 228 242 251 243 220 206.1 206.1 221 220 245 232 243 267 274 251 205 230 205 212 192.13 206 218 220 200 192.02 228 192 189.09 208 224 221 203 200 200.01 226 218 208 255 247.01 302 285 199 188.01 197 198 226 220 228 170.09 170.09 170.09 181 240 272 229 255 200 210 250 248 161 158.14 158.14 158.14 158.14 164 194 253 311 232 286 304 263 230 220.05 230 221.02 262 237 264 266 278
218 235 293 253 227 209.03 215 220 240 208 238 220.01 223 206.09 206.09 206.09 249 220.01 262 231.02 277 246 221 209 201.01 201 232 192.12 208 219 194 207 192.03 205 214 189.08 197 212 202 189.08 238 218 222 220 208.01 253 251 247 279 227 202 225 252 215 207 238 170.08 170.08 170.08 174 277 223 206 204 194.01 226 221 256 161 158.13 158.13 158.13 158.13 158.13 173 212 228 334 318 336 282 270 220.04 261 221.01 244 254 233.02 267 261
216 215.04 232 217 209.02 209.02 218 242 241 206.04 231 243 225 209 206.08 206.09 262 242 238 231.01 263 217 258 237 237 207 192.11 193 208 233 220 192.04 192.04 211 210 189.07 189.07 193 214 189.07 221 231 208 215 208.02 247 275 315 239 234 210 239 283 219 203 184 170.07 170.07 170.07 208 287 223 210 216 194 217 253 214 158.14 167 158.12 158.12 158.12 158.12 160 228 304 310 355 283 241 220.03 224 221 239 249 233.01 238 263 247.03
258 215.03 237 217 209.01 225 232 206.03 206.03 206.03 206.04 210 225 206.07 206.08 243 215 228 246 231.01 231 210.01 244 208.02 225 224 222 192.1 193 226 235 200 220 198 197 207 189.06 193 199 196 189.06 192 195 240 208.03 264 257 245 250 210.01 222 297 278 202.01 261 202 170.06 170.06 179 220 264 234 191 189.01 201 221 309 255 189 170 167 158.11 158.11 158.11 179 293 354 322 312 277 247 220.02 220.03 245 228 233 267 252 287 247.02
