CHESS/lc/geo/lc.dem
ncols         400
nrows         415
xllcorner     874268.138
yllcorner     2671805.4649658
cellsize      300
NODATA_value  -9999
[rows 360 to 399 of 415, columns 90 to 179 of 400]
172 198 207 236 255 214 182.01 182.01 188 194 218 209 241 238 238 236 254 235 206 207 215 249 241 208 175 208 149 173 165 159.01 159 148 192 150 171 143 122 170 235 318 325 393 291 254 260 209 226 248 208 223 246 259 271 213 195 212 180 167 163 147 149 137 116 144 140 100 90.06 90.05 90.04 97 94 99 117 94.02 135 94 81.53 81.52 81.51 92 89 113 106 99 121 101 101 122 180 151
174 209 226 207 200 203 182 182 183 183.01 183.02 194 248 263 210 252 217 203 193 214 217 192 184 175.01 175.01 195 170 171 159.02 196 169 203 219 185 154 131 148 246 238 276 312 244 287 271 300 283 311 229 248 290 231 329 307 243 240 198 174 131.01 134 124 118 111.03 123 111.01 112 130 90.06 103 90.05 99 95 113 94.03 94.02 94.01 98 81.53 81.52 81.51 81.5 81.49 81.48 95 86 120 95 116 96 129 122
167 208 248 196 189.01 192 178.11 178.11 189 183.01 218 228 228 229 201 223 221 192.02 197 239 243 212 204 175.02 201 205 189 159.03 210 180 200 230 243 180 178 214 160 276 303 247 210.02 272 286 316 286 325 281 235 274 323 315 338 311 267 233 183 155 131 158 137 121 111.03 111.02 124 111 90.07 90.07 129 131 124 99 98 122 116 99 150 97 81.52 81.51 81.5 81.49 81.48 81.47 85 93 87 85 104 96 99
216 205 238 228 221 189 188 178.1 183 231 210 254 195 220 193 207 206 223 192.01 228 268 216 179 194 201 244 198 159.04 181 231 259 232 257 194 236 168 171 272 250 210.01 276 321 294 340 342 286 272 262 302 360 319 306 286 287 230 166 120 150 109 111 135 124 112 114 113 90.08 143 100 141 118 98.01 98.01 127 141 99.01 147 121 91 104 119 88 81.48 81.47 81.46 81.46 81.46 81.46 86 121 138
234 254 241 251 243 206 197 178.09 183 179 185 237 215 188.02 213 220 210 233 232 192 222 207 199 237 264 209 165 210 195 207 261 314 245 266 209 168.01 242 184 210 252 320 380 350 355 293 303 272 332 328 354 299 275 261 282 196 147 138 108 100 107 112 115 102 109 94 109 118 100.01 117 119 126 98.02 100 134 125 119 173 108 101 88.01 152 101 83 113 81.45 81.45 81.45 82 120 125
204 246 252 270 234 205 207 178.08 178.08 181 196 211 199 188.01 208 236 195.01 217 220 184.01 245 220 217 244 205 169 224 221 196 242 278 333 291 267 178 215 181 191 212 281 326 396 364 382 349 319 289 314 352 345 296 234 220 243 170 157 112 148 125 98.01 122 112 115 97 120 103 122 108 114 110 99 112 107 135 147 137 117 107 88.02 88.02 128 184 96 118 86 81.44 81.44 81.44 86 85
210 245 249 244 241 208 235 218 178.07 178.07 180 180.01 207 188 195 206 195 206 194 184 229 184.06 192 209 175 205 272 258 242 284 280 253 213 192 179 178.01 193 234 243 249 360 362 403 413 343 326 316 301 382 363 288 243 195 178 179 137 129 112 138 107 98 97.02 97.01 97.01 111 103.01 130 112 140 125 102 131 107.01 136 128 183 102.01 102 88.03 88.03 108 119 112 148 101 103 81.43 81.43 82 107
236 245 245 238 224 207 247 178.06 178.06 182 200 197 239 202 177 218 197 170.13 180 173 193 184.05 190 188 223 257 237 232 220 278 232 213 192.01 208 184 179 220 287 323 289 328 359 442 445 351 355 359 335 387 331 306 278 184 142.01 142 112.02 112.01 121 107.01 124 126 97.02 130 113 123 103.02 131 112.01 123 106 102.01 129 136 111 133 137 143 122 88.04 111 123 130 115 111 113 101 85 81.42 81.42 145
201 248 195 216 216 205 178.05 178.05 178.05 199 220 237 229 184 170.11 199 187 170.12 170.12 199 196 184.04 207 195 196 235 215.02 215.02 248 289 231 217 192.02 194 240 224 240 364 345 360 369 429 453 441 405 398 398 380 361 356 336 242 217 168 176 145 144 140 124 125 123 109 145 111 103.03 109 133 134 112 109 132 127 141 149 107.01 137 113 88.05 90 108 117 135 144 119 90 88 114 81.42 81.41 103
171 190 188 221 199 220 178.04 178.04 178.04 187 216 236 219 184 170.1 200 173 170.11 214 246 203 184.03 184.04 184.05 196 232 215.01 256 276 215 223 192.03 204 204 254 278 305 315 353 415 438 496 501 498 474 419 409 389 367 384 332 198 202 167 180 185 130 120 118.02 118.01 118 141 116 103.04 131 160 121 146 113 142 124 119 114.02 115 114 107 91 94 98 118 141 136 141 128 102 149 144 81.42 85 81.4
175 171.01 190 189 183 226 178.04 178.03 178.03 183 210 200 219 185 170.09 171 170.1 191 236 188 184.02 202 222 184.05 184.06 225 232 215 201 213 200 211 255 257 270 292 248 266 332 380 490 503 528 540 530 458 470 392 332 250 279 208 188 161 142 142 178 132 118.02 118.01 157 134 118 131 105 132 143 128 141 142 139 136 147 114.01 127 109 93 109 106 112 128 111.02 111.01 111 117 164 110 143 159 120
194 215 184 178.07 178.06 188 178.04 199 178.02 183 213 211 172 184 170.08 170.09 170.1 215 203 184.01 199 214 222 282 209 184.07 191 188 189 219 214 225 254 243 219 219.01 271 376 400 375 427 486 504 513 534 514 450 334 264 231 200 170 140 164 134.01 134 121.01 123 118.02 124 148 127 137 105.01 142 142 128.01 135 128.01 128.02 142 134 122 156 119 94 100 109 115 132 119 124 125 114 123 129 140 119 130 117
162 215 227 186 178.06 178.05 213 203 178.01 200 177 204 184 170.07 170.08 170.09 170.1 170.11 190 184 192 189.01 189.02 266 214 192 184.08 184.09 186 202 244 203 213 203 223 264 306 397 465 453 395 419 436 501 483 400 378 310 248 196 193 140 137 151 140 139 125 121 118.03 147 121 151 126 124 149 161 128.02 138 148 138 137 121 118 125 108 118 142 174 158 146 151 148 129 135 134 156 170 167 180 179
181 187 211 185 183 178.06 204 234 203 178 180 171 170.06 177 212 207 191 170.11 170.12 170.13 189 244 201 198 213 212 185 184.09 184.1 194 184.12 187 190 231 257 328 320 398 463 481 486 429 447 521 451 368 301 286 221 214 160 138 135 127 158 144 127 129 118.04 118.04 140 144 124.01 127 182 160 149 133 133.01 135 151 157 136 108.01 137 149 189 268 199 196 235 188 179 187 184 227 246 280 290 303
155 168 177 176 180 187 210 197 199 170.04 170.04 170.05 171 231 241 244 183 205 187 250 283 210 198.01 223 201 207 184.1 220 184.1 184.11 185 223 200 239 248 285 338 444 453 536 480 431 490 490 432 361 313 237 172 180 145 169 150 122.02 122.01 125 136 118.05 118.05 127 155 125 141 124.02 163 196 197 145 159 170 124.01 124 108.02 150 128 197 304 332 226 268 322 255 253 283 268 287 307 317 385 339
157 164 161 178 183 206 194 196 170.03 170.03 182 187 201 260 252 204 253 235 238 348 242 201 198.02 219 237 244 213 248 185 221 201 188 234 226 246 250 329 430 503 494 428 489 470 419 404 330 257 200 167 196 177 158 140 158 138 122 118.06 118.06 130 118.06 140 152 124.03 129 139 125.02 161 147 124.03 124.02 140 166 108.03 172 149 218 405 278 298 383 339 338 332 367 367 323 315 269 240 188
146.03 154 167 181 204 224 171 195 170.02 179 175 231 283 265 275 277 298 316 313 313 240 222 211 198.03 226 229 255 233 186 246 198 188.01 237 252 237 287 363 410 458 454 396.01 420 409 389 326 287 223 158 168 144.01 144 138.01 176 155 131 118.07 131 140 121 132 128 124.04 124.04 161 125.01 132 180 175 191 201 183 175 122 158 169 208 328 329 353 386 389 377 235 248 264 242 200 192 172 158
164 180 176 170 237 213 181 170.01 170.01 190 206 244 276 269 298 287 340 279 251 300 296 276 253 222 198.04 213 214 218 186.01 199 212 188.02 223 255 241 275 304 372 391 412 396 430 360 281 240 212 183 144.03 144.02 144.01 155 151 138 143 118.08 149 121 121.01 123 157 163 163 136 125 171 130 172 156 191 203 198 129 151 153 171 195 207 237 243 249 250 221 219 196 189 195 163 173 162 152
177 196 208 217 207 209 190 170 182 253 322 297 299 358 314 345 271 213 210 287 397 427 329 250 248 220 256 201 225 220 220 188.03 206 255 237 257 257 320 341 368 347 362 338 317 229 214 157 188 167 189 157 133.01 133 118.09 166 127 139 121.01 121.02 121.03 144 162 173 187 142 141 168 165 129.03 129.02 129.01 129.01 135 135.01 135.02 168 204 237 196 211 182 207 182 166 156 150 170 158 118 117
253 240 247 263 174 195 169.01 221 262 228 291 343 395 304 289 281 243 210 201 246 365 410 333 256 240 220.01 227 221 248 208 208 202 199 213 273 259 245 290 334 343 307 328 257 284 230 168 187 204 249 167 183 133.01 141 123 171 154 187 126 121.02 121.03 146 140 159 173 193 191 159 167 165 143 170 136 143 145 145 192 202 200 178 177 207 164 170 190 153 150 147.01 150 186 144
304 209 197 201 161 178 169 236 225 291 313 352 331 240 256 213 184 188 221 209 308 283 289 269 224 221 226 234 228 224 205 211 199.01 222 273 245 219 234 284 265 278 342 287 236 199 222 212 260 232 200 166 166 171 179 195 197 161 157 121.03 139 136 151 167 145.02 160 207 202 202 155 143.01 150 151 136.01 148 182 177 181 175 187 211 159 150.01 170 167 183 147 154 169 205 188
218 169 162 163 157 148 156 188 211 285 302 310 251 213 246 178 264 188 188.01 203 214 242 247 241 232 261 267 234 260 275 250 199.02 199.02 203 258 244 205.02 279 238 269 292 283 236.01 279 262 279 285 232 205 166.01 183 215 183 153.01 182 138 136.01 136 158 129 160 145 145.01 178 249 243 259 169 177 197 158 172 154 163 171 178 167 149 173 164 154 150 152 159 186 137 135 160 157 190
299 302 187 158 147.01 147.02 151 167 162 177 228 236 208 179 180 162.01 165 198 287 227 305 294 336 327 271 282 323 260 249 220.01 220 236 202 215 205 205.01 219 268 291 284 293 309 287 275 328 265 286 242 192 222 259 299 225 238 153 173 200 192 176 201 188 145.01 145.01 148 180 228 235 202 237 219 173 200 171 208 194 152.01 152 148 162 159 140 143 138 163 150 151 134 155 144.01 144.01
284 239 167 147 156 167 147.03 167 154 154.01 154.02 154.03 155 158 162 193 163 171 208 243 338 364 336 362 312 262.01 291 256 250 240 236 236 230 202.01 219 205.01 215 272 324 305 294 286 284 308 318 289 239 224 213 273 266 280 213 192 224 215 207 195 218 236 211 158 208 202 174 262 257 218 247 220 214 232 237 217 214 157 172 136.04 136.03 149 139 141 136 159 133 154 121.09 149 162 144
211 190 146.06 147 156 175 148 147.04 157 154.01 160 160 154.04 154.05 179 191 201 197 209 215 314 310 332 268 333 262 291 282 240 236.01 236.01 260 278 251 277 229 246 229 239 260 281 327 282 337 308 291 255 213.01 272 262 259 224 198 210 226 277 259 218 255 237 199 200 247 233 241 257 259 241 276 250 262 199 210 197 184 164 189 143 140 136.02 136.01 140 130 144 126.01 127 121.08 129 137 146
154 146.05 146.06 162 157 190 183 236 235 242 267 217 227 219 183 248 191.01 191.02 223 243 191.05 241 267 246 245 283 297 297 269 236.02 236.02 236.02 273 246.01 246 247 244 282 275 307 304 275.03 301 297 297 246 213.02 247 240 297 274 294 227 266 281 224 221 221 247 217 208 218 207 212 229 244 255 303 398 393 301 265 197 175.01 175 181 199 167 157 145 136.01 136 127.02 140 142 126 121.07 137 124 163
146.04 146.05 146.06 176 180 175 212 288 341 345 287 298 340 253 191 257 194 191.02 191.03 191.04 197 253 204 235 251 239 254 298 295 282 236.03 257 255 261 286 319 279 301 295 275.01 275.02 281 303 286 252 271 235 278 300 337 307 260 281 297 280 251 236 248 195 195 239 207.01 223 232 218 254 244 280 335 349 279 222 191 180 189 175.01 175 201 145.01 176 144 160 127.02 127.01 134 121.08 149 121.06 130 128
146.04 146.05 146.06 156 181 220 212 212.01 310 337 310 390 357 238 195 238 191.03 191.03 191.03 191.04 191.05 191.06 191.07 191.08 212 224 258 271 264 239 287 289 283 259 291 347 283 285 328 275.02 275.02 311 304 292 289 356 263 328 331 360 292 305 294 338 332 273 282 223 202 192.02 222 220 230 217 249 218.01 234 272 277 292 288 239 223 217 190 175.01 182 160 150 177 168 136 148 127.01 127 145 121.07 121.06 121.05 121.04
146.04 146.05 147 172 189 238 310 253 267 428 470 462 359 231 228 206 191.04 191.04 220 191.04 191.05 230 239 244 296 285 293 352 286 228 259 246 245 295 328 351 309 354 308 339 310 336 348 380 338 348 276 331 321 319 277.02 277.01 285 270 236 278 231 198 211 192.01 235 213 195 203 233 240 276 285 230 222 267 239 275 199 175.02 175.02 196 189 150.01 173 174 151 127.02 141 162 163 163 121.06 142 149
146.04 146.05 161 173 204 227 322 311 273 386 496 431 373 296 238 247 212 209 194 213 191.05 196 262 257 273 274 274.01 320 257 209 271 242.01 246 278 346 398 328 310 308.01 353 319 386 388 499 397 350 359 401 387 373 357 307 277 217.01 254 218 209 224 192 194 198 235 182 207 224 305 361 286 215 232 210 215 237 187 177 230 261 210 186 150.02 171 184 149 157 155 187 123 177 134 121.04
146.04 150 161 168 185 264 341 422 336 377 373 359 374 272 226.01 238 191.09 191.08 192 191.06 191.06 227 252 210 277 314 305 311 246 206 242 247 279 302 356 339 331 401 328 370 360 412 484 563 488 420 425 369 440 407 372 264 237 217 226 207 194 184 173 176 187 205 179 207 222 327 307 334 256 194 214 208 215 225 189 187 241 187 151 150.03 169 170 150 162 191 188 189 162 135 148
146.04 146.05 155 161 181 237 284 324 416 354 370 293 271 239 226 252 242 191.08 191.07 191.07 191.07 191.07 213 191.09 202 212 320 247 202.01 231 275 274 293 368 385 428 402 420 381 407 446 462 484 575 598 480 352 356 368 413 346 270 228 201 193.01 193 184.01 204 216 170.01 170 177 205 225 242 236 254 255 239 184 172.01 221 226 237 202 178 213 205 181 160 151 182 149.08 151 190 176 150.01 150 136 162
146.04 146.05 153 166 170 178 233 287 352 349 343 239 205 207 232 270 238 294 257 239 191.08 191.08 191.08 191.09 208 196 215 227 202 210 229 265 356 405 508 547 470 453 461 505 547 571 542 586 474 477 402 293.01 307 359 302 258 240 202 209 232 191 236 243 237 190 167.01 168 176 175 209 174 173 186 172 176 207 251 276 196 179 163 194 209 149.08 149.07 165 149.07 158 193 238 275 229 175 163
146.05 146.05 151 155 164 172 203 230 288 309 306 224 183 193 208 285 242 275 232 205 191.09 191.09 191.09 191.09 219 208 191.12 191.13 224 218 273 308 357 374 482 616 589 540 602 600 552 499 489 561 462 449 371 305 293 265 237 217 205 208 275 241 221 278 260 191 179 189 167 165.04 165.03 165.02 165.01 165 164.04 164.03 191 212 267 200 239 161 210 151 184 152 177 149.06 149.06 149.06 175 234 282 284 252 224
146.06 146.06 146.06 174 159 167 184 226 223 272 240 198 177 222 226 338 281 242 203 191.1 197 191.1 203 203 191.1 191.11 191.12 191.13 196 210 251 355 436 498 569 538 489 491 531 547 483 437 487 560 490 424 354 270 237.02 237.01 262 248 213 267 265 270 241 282 196 190 220 235 257 202 194 214 219 187 164.04 164.03 164.02 164.01 169 184 230 154 196 177 149.08 149.07 149.06 149.05 165 172 149.05 192 281 303 251 230
146.07 146.07 146.07 147 154 155 165 170 183 192 184 174 196 201 235 287 265 242 254 292 242 200 267 254 206 205 203 191.13 195 274 325 435 514 581 481 428 415 405 414 427 417 436 536 525 516 520 425 302 269 278 266 229 276 258 289 257 255 317 207 190.01 251 248 202.01 230 201 178.02 178.01 183 169 164.03 164.02 168 164 176 178 189 149.1 149.09 149.08 158 164 149.05 149.04 164 149.04 208 316 255 222 185
146.08 146.08 146.08 146.08 146.09 154 157 164 170 170 170 164 199 245 345 361 318 245 302 382 301 251 263 339 305 270 233 218 212 229 335 373 503 460 420 421 382 398 375 390 395 455 464 480 438 463 379 348 345 343 306 229.01 229.01 260 307 305 274 240 190.02 211 259 232 204 212 234 217 178.01 178 164.04 164.03 164.03 198 160.02 170 180 199 188 189 149.09 153 149.06 149.05 149.04 149.03 149.03 214 260 355 288 154
151 146.09 146.09 146.09 146.09 148 154 153 155 171 163 193 198 262 309 420 335 342 380 325 285 271 284 383 304 232 212.02 212.01 295 281 298 395 387 374 360 376 378 390 360 398 405 390 447 465 426 384 403 330 337 300 244 239 268 317 263 259 254 303 273 256 271 246 272 281 252 181 221 227 164.04 170 164.04 182 183 160.01 192 216 188.01 209 183 193 149.06 149.05 149.04 149.03 149.02 183 211 249 256 176
146.1 146.1 146.1 146.1 146.1 146.1 146.11 149 155 154 194 216 300 254 340 385 377 417 365 342 362 321 369 414 365 267 320 285 336 329 312 303 313 329 323 322 346 346.01 376 356 393 380 427 462 418 308 317 301 316 252 239.01 305 403 298 321 273 284 345 292 352 282 278 359 305 291 284 301 209 164.05 212 183 187 193 160 174 226 223 237 199 266 215 164 151 149.03 149.02 149.01 149 142 173 113
154 149 148 146.11 146.11 146.11 148 149 147.01 212 260 302 274 235 265 364 357 384 435 428 426 475 458 344 321 415 400 340 296 296.01 296.02 316 322 313.01 313.02 323 347 346.01 346.02 347 348 410 443 452 399 327 260 252.02 252.01 254 352 399 450 390 396 363 332 395 462 438 347 386 425 364 284.01 329 262 271 276 264 278 291 281 190 150 177 207 175 159 161 159 177 163 167 238 179 156 115 118 106
