CHESS/lc/geo/lc.dem
ncols         400
nrows         415
xllcorner     874268.138
yllcorner     2671805.4649658
cellsize      300
NODATA_value  -9999
[rows 40 to 79 of 415, columns 180 to 269 of 400]
356.03 411 390 368 350.01 363 350.01 363 363.01 363.02 363.03 390 425 418 492 464 477 446 390 392 394 424 335 323 309.01 343 334 319 338 356 326 310 312 335 365 335.02 335.03 347 392 404 373 355 358 386 363 389 402 385 420 400 327 364 402 420 339 366 397 364 331.04 342 361 380 451 513 442 420 420.01 502 588 622 718 779 857 883 858 827 705 705 814 882 739 601 575.02 575.02 634 755 779 748 828 709
400 411 414 350.02 379 401 403 375 363.01 370 396 428 401 437 442 456 485 447 408 387.02 387.01 387 360 327 336 313 349 319.01 326 338 340 325 343 336 335.01 362 347 389 379 412 370 379 410 376 444 473 436 458 451 371 331 357 385 420 356 384 411 355 352 335 381 405 428 405 409 431 490 531 665 710 720 805 872 890 811 855 789 689 749 799 690 608 575.01 639 590 673 697 693 742 698
446 405 350.03 365 396 416 411 381 364 378 374 416 456 445 437.01 446 466 491 462 387.02 389 388 374 336 353 313.01 358 319.02 334 326.01 367 332 345 335.02 370 349 407 434 379.01 460 414 370.01 407 475 466 565 522 505 410 356 378 393 459 431 389 357 408 430 426 335.01 351 367 364.01 373 472 523 505 536 621 599 682 813 843 845 791 803 732 652 677 718 777 637 575 723 640 666 666.01 666.02 666.03 666.04
440 384 350.04 436 415 417 409 393 366 364.01 409 429 470 457 501 505 487 508 495 433 438 410 397 359 314 354 387 363 357 330 382 416 355 374 393 374 451 421 406 397 456 400 394 474 568 579 584 482 495 388 463 526 542 480 397 378 441 541 476 381 345 364 431 447 450 423 491 502 532 636 685 731 816 731 710 800 834 731 591 531 652 560 683 751 803 787 737 751 746 687
470 412 350.05 394 441 427 420 379 385 364.02 400 400.01 440 446 502 532 499 469 441 434 419 423 388 342 316 340 345 396 375 351 364 434 382 433 377 387 432 420 427 454 508 522 434 484 630 693 570 500 466 393 482 592 511 489 392 453 473 518 448 426 348 360 375 380 388 459 487 484 531 612 649 751 739 677 601 750 808 771 701 573 526 532 683 798 839 832 859 905 834 780
470 395 350.06 398 417 399 405 382 407 384 402 400.01 400.02 472 486 486.01 524 510 478 403 410 395 381 322 358 332 414 399 388 409 377 457 408 496 392 439 464 474 486 530 558 560 533 517 607 666 556 535 503 434 546 570 551 512 447 534 566 566 426.01 459 367 397 433 440 447 419 444 511 509 523 604 742 692 632 524 614 647 647 666 577 518.01 631 717 767 775 852 947 965 997 911
492 433 354 370 389 393 437 404 400 416 427 400.02 400.02 466 508 550 525 496 418 389 345 344 331 324 371 366 472 476 388.01 455 435 452 464 497 444 489 601 640 622 654 605 568 599 562 626 662 639 557 481 439 548 518 493 486 485 592 647 601 510 465 381 473 468 520 528 529 555 512 558 639 668 743 686 550 493.01 538 606 586 582 518 518.01 527 622 680 733 804 830 960 1078 1002
515 486 418 376 370.01 370.02 373 408 425 442 422 424 434 451 463 476 452 432 410 395 400 339 348 331 368 438 515 446 448 535 478 462 589 716 632 704 829 824 817 761 733 718 732 647 659 713 656 594 471 426 478 445 459 538 689 711 766 651 601 504 413 511 535 511 579 674 619 592 658 688 701 669 574 493 495 501 513 490 490.01 570 614 622 540 635 626 705 798 843 881 877
491 471 425 386 407 399 386 374 382 407 402.01 414 405 405.01 409 442 466 433 371 358 356 399 381 359 359 436 461 502 512 566 590 642 732 820 754 846 867 741 731 759 724 752 738 745 729 681 636 637 470 403 461 427 477 543 599 673 752 727 654 566 456 480 599 600 623 698 747 611 724 737 684 600 516 488.02 488.02 488.03 488.04 537 569 666 655 663 540.01 546 609 717 754 788 829 801
454 424 413 386.01 407 399 408 412 416 402 402.01 402.02 449 455 465 485 433 402 413 398 369 398 425 360 359.01 374 465 587 589 702 765 842 816 880 839 873 787 677.01 677 652 630 685 703 666 620.01 620 613 544 432 395.02 398 487 537 607 705 755 780 714 690 621 537 482 498 633 717 760 672 692 698 684 630 574 490 488.01 488.02 539 620 650 602 645 753 673 583 554 546.01 631 712 768 779 786
411 394 386.02 386.02 421 426 432 441 423 405 402.01 426 429 440 430.01 448 434 424 398.01 401 420 426 418 394 428 479 434 473 582 594 707 771 826 888 808 727 687 734 729 679 638 621 667 708 677 650 599 433 429 395.01 407 467 698 646 627 568 680 616 585 582 627 620 562 674 732 696 738 779 633 577 529 491 488 488.01 488.02 592 679 677 736 831 854 748 624 655 617 581 620 699 675 765
410 463 386.03 408 432 439 444 453 437 405 402.02 402.02 402.03 430 462 462 460 421 421 443 427 492 494 402 486 539 562 616 740 822 734 797 792 902 847 804 765 838 824 845 704 517 581 588 568 659 544 414 395 453 404 484 619 541 558 504 596 542 637 684 602 715 678 665 649 684 791 766 632 567 509 463.05 501 507 566 572 617 668 814 881 835 709 767 761 672 587 586 623 677 783
413 446 396 391 401 413 426 433 430 407 421 402.03 432 420 420.01 426 458 427 445 492 451 494 464 490 558 607 696 745 820 980 871 903 884 863 785 833 828 793 790 717 636 503 468 435 465 529 445 426 453 380 388 501 668 510 506 499 541 547 623 671 602.01 688 622 564 640 688 775 773 637 595 571 463.04 517 563 628 597 678 784 813 822 825 713 833 702 630 614 704 675 624 700
443 465 432 497 445 412 426 488 488 416 436 413 413 422 456 474 477 521 522 565 556 644 628 577 632 744 796 867 957 1015 933 931 895 866 859 768 695 694 678 706 619 585 552 508 379.02 400 391 487 495 391 376.01 454 532 440 438 483 542 689 674 602.02 602.02 669 594 494 650 786 705 625 608 552 521 463.03 515 524 589 685 719 804 788 840 877 849 854 802 734 642 740 771 771 635
461 450 473 498 480 412.01 420 415 431 471 473 445 427 454 462 487 517 532 587 694 678 764 777 704 768 886 907 995 1048 1031 1014 823 781 822 818 759 677 600 559.02 714 625 557 520 461 405 379.01 379.01 427 432 421 376 576 484 416.02 477 484 522 549 619 658 641 614 551 478.01 627 676 616 601 619 528 463.02 539 563 595 620 690 784 820 851 869 893 931 889 805 732 719 755 861 763 640
422.01 446 528 557 505 460 412.02 465 435 432 457 457 446 488 516 547 599 672 621 779 735 858 877 875 862 944 989 1020 1025 968 921 851 741 718 813 736 691 660 559.01 653 579 512 441 435 379 379 393 406 369 353 398 452 416.01 479 499 531 519 564 603 714 659 521 498 478 672 693 643 564 548 515 463.01 586 654 685 688 694 745 815 750 760 837 828 926 857 815 777 821 835 739 721
454 454 535 546 489 487 415 453 509 476 479 469 465 511 587 717 754 781 746 765 885 802 777 921 987 925 936 949 884 881 875 868 834 733 710 786 781 737 614 559 519 464 422 381 378 383 355 385 350 348 354 416 416.01 416.02 429 508 602 647 692 760 669 529 431 524 615 724 655 560 427.02 463 591 604 596 564 596 624 642 679 776 838 767 783 839 965 877 917 904 802 740 825
501 519 543 502 474.01 474 500 455 489 527 490 516 581 636 749 866 907 794 746 808 688 669 645 781 794 781 781.01 781.02 781.03 848 962 967 920 796 675 598 676 698 574 473 431 375 360 348 348 347 346 339 339 350 445 578 593 505 524 498 498.01 498.02 535 623 501 443 421.12 495 652 698 606 563 427.01 514 552 490 506 594 603 614 686 683 684 712 652 751 843 864 824 890 811 846 839 889
554 545 499 474.02 474.01 524 464 513 563 607 613 611 691 752 792 761 755 753 696 676 572 606 626 725 765 796 825 866 922 982 1036 971 869 734 675 594 511.01 670 592 522 403 357 353 343 341 343 341 335 343 393 454 523 640 666 673 689 629 676 655 669 633 515 421.11 580 618 640 551 477 427 482 436 552 641 679 687 733 736 702 685 619 670 682 710 778 850 873 888 904 852 912
570 542 474.03 517 518 552 520 527 590 755 777 687 747 850 849 807 710 619 573 539 590 668 747 785 904 902 973 1010 1047 1055 968 934 892 719 593.01 593 511 570 510 449 364 356 346 337 335 336 334 338 369 375 403 629 653 611 600 637 644 637 644 594 582 421.1 495 550 486 543 601 500 424.01 424.02 511 650 677 685 711 652 672 648 609 609.01 651 709 784 768 798 878 959 937 965 977
562 501 504 578 578 610 677 594 645 718 703 702 755 764 786 803 778 742 678 516 565 649 765 785 792 824 1009 1041 991 988 896 794 792 795 723 620 521 398 371 351 341 350 343 338 331 334 327.01 340 353 374 440 615 524 425 421.02 449 436 534 630 600 443 421.09 440 441 421.12 421.13 421.14 424 443 493 460 501 467.01 521 581 650 583 583.01 659 725 794 856 871 906 942 984 942 966 1032 1063
514 519 571 609 603 605 621 594.01 647 679 699 654.01 667 721 715 799 717 674 672 494.02 652 715 681 773 901 932 951 991 938 960 802 765 708 694 619 581 475 377 341 338 341 342 340 338 326 327 328 349 367 362 447 441 443 421.01 421.02 421.03 421.04 443 473 470 421.08 422 421.1 421.11 421.12 486 467 421.15 506 612 511 467 480 494 525 576 620 685 587 697 760 799 891 959 950 969 911 1012 1035 1053
573 608 615 632 622 609 612 613 622 648 688 659 654 669 735 741 703 626 552 494.01 573 588 689 812 876 791 812 913 921 853 721 675 735 675 535 488 396 346 338 334 331 334 332 329 328 325 324 327 327 330 351 369 421 447 442 488 544 421.05 421.06 421.07 421.08 508 518 521 498 566 530 520 593 599 666 564 580 669 698 739 756 789 752 635 680 768 831 857 910 900 906 1017 1072 1015
638 673 640 628 622 621 604 627 645 616.02 657 628 626 696 772 755 560 550 526 494 538 602 678 704 744 677 701 716 802 754 656 604 583 511 448 367 360 337 331 328 326 330 325 326 320 324 322 324 328 327.01 474 366 366.01 396 544 580 602 449 491 439 421.08 482 604 587 658 717 720 697 669 688 707 630 697 711 835 923 948 919 842 747 679 686 814 898 879 830 915 964 1063 1059
653 655 685 703 647 634 602.02 631 641 616.01 618 616.01 640 685 735 736 621 569 516 430 424.02 500 556 574 642 566 640 591 643 605 550 461 385 372 354 337 335 338 325 339 320 318 317 318 319 320 319 326 351 439 358 517 509 501 610 600 653 555 498 421.09 421.09 503 597 675 766 853 819 766 716 760 781 762 806 918 988 1064 994 905 857 844 835 769 846 767 784 900 926 915.01 942 995
625 616.01 652 640 672 627 602.01 616 635 616 616 620 640 645 677 694 642 608 554 461 424.01 498 523 479 531 432 492 459 516 501 431 407 342.01 372 360 342 332 326 320 321 323 314 314 316 318 317 322 331 371 474 395 478 638 656 717 677 652 569 421.1 435 421.1 472 441.01 478 598 657 626 625 709 723 819 939 882 993 991 1046 985 938 971 939 904 856 760.02 760.02 812 869 929 954 1049 920
627 621 616 595.01 602 605 609 602 609 600 608 639 614 613 625 655 606 576 541 539 489 424 475 434 439 381 400 390 403 397 349 346 342 365 371 361 341 338 315 314 311 311 315 314.01 315 318 320 339 358 408 395.01 461 590 691 763 660 573 444 453 477 421.11 441 441.01 505 478.01 507 589 637 684 795 929 904 872 861 897 1034 1063 1004 866 828 791 764 760.01 785 806 880 910 1016 1042 885
595 612 595 600 600 607 598 581 578.02 609 599.02 610 633 604 555 543 469 427 393 427 371.01 371.02 371.03 372 378 352 339 339 340 343 342 330 325 353 369 380 375 338 350 319 308.01 313 314 336 327 330 364 392 410 425 395.02 406 483 618 673 637 516 559 580 503 421.12 551 521 498 558 644 660 570 739 817 832 740 727 755 966 1015 1081 1030 1045 930 772 760 830 787 790 880 924 905 881 876.04
565 609 584 580 570.01 591 612 599 578.01 617 599.01 659 632 695 641 566 508 467 452 371 401 379 389 410 372 367 327 325 326 328 328 320 340 359 373 353 331 329 346 308 310 324 337 340 363 345 374 370 386 432 395.03 433 481 537 573 539 605 621 596 521 443 599 627 575 503 579 533 547 656 720 747 688 774 862 918 1001 1055 962 972 820 753 858 900 836 872 882 892 877 876.03 917
563 551 574 570 591 597 618 600 578 599 599 689 668 707 748 671 532 502 422 398 349 338.03 369 407 400 370 343 320 316 321 313.01 327 346 372 359 332 326 330 319 307 313 374 373 376 343 360 380 363 403 410 417 413 475 462 464 501 601 670 577 536 488 575 575 503.01 503.01 524 524.01 548 732 770 677 778 857 934 867 949 958 873 856 844 741 838 861 865 836.01 876 876.01 876.02 876.03 999
588 563 549.01 549 542 556 597 594 577.03 586 604 651 714 701 611 608 589 499 491 395 338.02 340 384 430 428 376 356 323 312 313 323 319 331 351 333 342 321 317 305 308 359 315 364 349 378 357 355 359 372 416 462 413.01 413.01 435 455 521 536 607 608 609 571 668 601 641 503.02 529 595 569 663 610 691 753 801 831 788 809 791 765 744 718.01 718.02 747 912 914 918 913 902 876.02 883 918
598 586 578 566 575 517.01 578 596 577.02 577.02 597 613 674 549 501 508 549 514 438 370 338.01 338.01 359 406 374 363 338 330 310.01 310.02 341 321 317 333 365 336 331 304.03 329 351 373 352 329 335 335.01 346 390 410 411 444 451 467 430 414 422 445 445.01 504 603 706 734 812 758 669 669 725 671 631 569.01 596 596.01 596.02 596.03 596.04 596.05 600 619 665 718 772 895 943 979 1012 1030 902.01 937 937 969 1015
553 571 547 554 546 517 517.01 591 577.01 593 579 612 653 522 505 461 444 431 407 339 338 362 388 399 397 362 329 310 316 313 313 340 309 344 330 323 315 304.02 386 414 436 402 351 365 347 357 406 433 451 480 502 497 466 458 460 471 497 559 568 609 646 757 749 775 756 644 578.01 578 630 642 702 786 737 787 684 644 716 720 841 952 1012 1056 1115 1123 985 966 934 989 1115 960
538 533 546 519 490 520 594 577 577.01 593 613 632 612 589 550 495 501 456 417 318 377 422 363 383 346 329 348 328 309.01 341 299.17 308 306 326 324 319 304.01 362 349 354 383 394 400 441 366 399 380 419 460 494 532 560 528 532 540 537 544 610 661 632 642 694 754 716 645 644 635 733 771 761 899 907 790 736 738 780 793 844 860 919 979 1029 1141 1081 966.01 989 976 1056 1067 1004
507 527 495 479 500 558 555 609 616 647 702 654 622 621 655 580 485 442 370 317 339 332 346 352 344 344 326 309 316 309 299.16 299.17 300 306 301 304 330 322 322.01 331 345 367 409 459 435 418 380.01 428 460 502 523 516 559 582 623 650 653 658 670 725 747 776 798 757 777 796 797 848 904 876 872 936 856 772 844 878 870 912 905 955 1008 1032 1065 981 980 1087 994 1030 914 848
495 470 445.01 511 504 544 590 614 607 684 676 682 679 703 607 589 507 465 369 310.03 310.03 317 345 320 331 313 326 328 299.15 299.15 303 308 299.18 299.19 300 303 317 336 322.01 327 331 345 361 380 442 431 450 385 425 476 458 487 521 577 613 656 591 621 695 703 685 637 743 761 719 735 775 804 933 938 929 990 875 842 911 967 905 973 943 931 1000 1127 1087 1064 1077 1030 1059 1011 854 758
461 445 464 507 504.01 552 597 591 598 635 659 682 683 673 617 528 448 396 328 310.03 310.02 310.02 323 330 314 309 313 299.14 299.14 299.14 310 319 299.19 308 321 323 341 333 322.02 322.02 322.03 336 333 362 457 499 502 444 397 412 422 476 505 550 610 604 558 644 667 601 547 550 594 576 605 605 656 810 1015 1002 1021 1015 947 977 1019 1007 994 1012 1000 1011 1017 1068 1102 1101 1084 1038 1067 988 871 706
439 448 522 518 583 577 639 576 585 618 607 614 620 647 519 452 436 366 335 374 352 310.01 335 314 311 320 299.13 299.13 299.13 301 306 315 314 362 330 333 351 347 322.03 326 322.03 322.04 344 342 383 433 464 501 453 450 447 439 470 506 551 536 501 548 568 550 458 446 454 505 587 629 690 881 996 864 944 947 985 956 911 1006 1011 1027 1007 1043 1020 1020 1042 952 950 987 960 919 815 710
505 478 526 545 533 540 635 625 528 518 484 481 493 512 451 402 340 322 375 318 310.02 310.01 310 343 299.12 299.12 299.12 299.12 304 324 334 328 330 352 361 345 373 349 322.04 338 340 333 329 329.01 336 355 390 410 435 459 426 414 463 512 471 449.01 489 510 451 446 429.01 522 570 584 619 687 745 773 808 717 801 760 743 808 808 816 872 968 1035 1015 989 1011 986 862 883 920 854 805 709 688
508 490 498 517 518 515 609 677 550 538 570 500 430 485 402 400 329 317 341 320 310.02 324 363 299.11 299.11 299.11 299.11 299.12 338 321 321.01 321.02 336 342 342.01 366 361 347 332 347 344 362 361 346 357 336.01 390 396 395 439 404 392 443 448 470 449 475 476 420 430 429 490 571 623 650 733 636 649 702 665 645 649 750 685 727 822 833 845 927 885 918 907 847 763 947 925 926 798 659 640
