CHESS/lc/geo/lc.dem
ncols         400
nrows         415
xllcorner     874268.138
yllcorner     2671805.4649658
cellsize      300
NODATA_value  -9999
[rows 360 to 399 of 415, columns 0 to 89 of 400]
393 377 354 231 175 170 164 163 153 155 160 168 178 235 259 382 520 509 479 435 418 426 354 309.01 336 377 437 393 430 490 468 383 302 261.01 318 250 289 349 286 200 220 184 163 151 150 148 140 138 140 142 140 143 147 157 156 166 156 158 149.03 153 149.03 149.04 149.05 164 154 154.01 169 213 202 200 209 183 174 179 202 222 211 186 174 173 172.04 196 193 166 172 165 173 160.07 160.08 161
447 389 347 274 195 169 160 152 151 150 151 170 235 261 282 355 503 480 440 455 366 287.02 309 309.01 358 389 443 340 380 424 425 407 331 261 261 222 294 306 283 224 180 153 154 149 142 144 136.02 138 141 138.02 138.03 147 143.01 145 157 168 159 151 149.02 149.02 160 155 156 155 165 156 172 224 214 171 159.01 163 199 178 178.01 217 225 176 172.03 172.03 227 182 231 204 162 170 160.06 160.07 160.08 160.09
435 349 299 252 197 168 157 157 156 145 155 160 229 260 273 322 500 502 431 411 391 287.01 391 327 359 377 378 308 343 363 336 426 358 285 208.01 243 350 283 259 237 163 154 147 142 137 141 136.01 138 138.01 138.02 147 177 166 150 154 160 158 154 149.01 155 154 159 154 149.01 158 156.01 163 209 225 193 159 161 173 186 179 194 211 213 172.03 172.02 193 199 181 171 160.05 160.05 160.06 170 160.08 165
433 348 242 234 215 172 149 151 144.06 147 158 176 250 261 271 306 428 514 461 465 287 292 362 406 333 307 379 360 266 318 336 410 330 271 224 208 315 303 243 194 167 143 143 137 135 136 163 142 143 144 146 158 156 150.01 157 158 153 149 150 161 165 164 149 156 158 157 188 210 172.01 172 158 178 198 174 213 235 249 204 172.03 172.02 172.01 172 167 168 160.04 160.05 170 160.07 174 179
376 286 258 188 190 164 150 144.05 148 144.05 148 183 193 208 258 294 412 515 458 387 253 253 331 368 275 274 266 271 244 259 288 365 337 299 239 185.02 274 307 256 234 208 144 136 140 133.03 142 161 147 145 140.01 147 160 168 152 154 153 150 156 147 164 151 147.01 151 160 163 157.01 178 185 179 176 155 148.01 195 171 177 172 174 246 209 174 176 198 181 160.03 169 163 170 188 212 198
379 270 223 173 163 162 144.04 147 146 144.04 151 177 194 212 280 355 363 471 430 416 378 229.01 229.01 338 325 236 237 232 219 265 282 326 357 237 211 185.01 246 282 216 240 197 156 135 133.02 135 141 144 147 150 140 156 157 161 153 150 156 163 151 145.02 159 147 157 168 158 169 180 207 203 176 151 148 149 166 166 160 161 199 224 204 180 165.01 165 176 160.03 160.02 160.02 184 201 209 166.01
370 263 193 174 158 149 146 144.03 146 144.03 156 180 177 208 240 256 332 475 405 303 275 251 229 294 332 263 210.02 210.02 210.02 266 290 324 357 272 185 218 268 223 184 213 206 146 137 133.01 135 139 138 144 142 139 149 158 152 147.03 147.03 148 160 152 145.01 149 146.01 158 159 154.01 158 218 245 235 188 147 151 160 150 148 148.01 197 191 182.01 209 200 187 173 162 163 160.02 160.01 168 197 192 166
305 244 222 181 155 150 147 144.02 144.02 144.02 150 168 158 183 213 298 329 446 404 304 217 231 223 244 330 271 213 210.01 240 278 351 342 376 328 177 211 226 191 175 157 148 134 135 133 135 137 142 138.01 138.02 139 151 151 155 157 147.02 147.02 153 156 145 146 146.01 152 156 154 184 222 250 218 205 165 144 143.02 143.02 160 155 164 182 213 192 188 199 178 162.01 162 165 163 160 161 155 175
209 246 185 166 157 149 144.01 144.01 144.01 144.02 153 159 157 158 187 228 317 339 437 321 245 204.01 204.01 239 291 321 251 210 214 249 270 321 287 300 168.01 208 189 168 153 147 143 136 133 132.3 134 135 140 144 156 179 157 151.01 151.01 156 153 147.01 149 138.03 148 156 152 146.02 152 172 204 228 240 206 223 196 190 175 143.01 148 161 158 200 177 219 190 177 185 180 162 193 162 148.01 153 152 158
178 232 217 155 150 147 146 144 144.01 144.01 174 145 151 155 168 223 251 298 371 295 255 204 222 341 392 399 275 194 169 217 253 265 245 246 168 196 180 181 171 143 140 134 132.29 136 133 137 147 150 162 166 154 151.02 151.02 156 156 147 154 138.02 156 155 155 146.02 157 178 200 219 226 226 203 200 225 163 165 143 142.04 143 147 168 191 192 186 173 153 162 163 149 148 151 157 160
153 219 216 165 152 145 141.01 147 144 144 155 145 144 152 161 180 215 272 324 208 195 163 192 286 425 477 388 195 156 172 216 202 208 195 173 149 158 168 182 145 132.28 134 132.28 132.28 132.28 139 137.01 161 161 172 164 153 151.02 152 163 158 146 138.01 145 155 146.01 155 155 175 170 187 209 229 176.03 176.03 211 206 142.03 142.03 148 165 190 147.01 173 157 158 201 149 162 154 162 147.01 149 152 155
146.09 191 216 155 150 143 141.01 141 142 139.01 155 144 141 147 148 158 195 240 254 178 154 159 191 288 325 339 390 212 154 149 171 163 155 148 153 144 153 164 146 136 132.27 133 132.27 132.27 137 139 137.02 145 158 156 151 151.01 152 152 149 148 142 138 145 146 148 146 151 165 164.01 190 217 209 185 176.02 195 174 142.02 150 143 163 157 167 209 167 153.01 166 159 147 162 147 148 156 164 183
146.08 164 185 161 148 143 141.01 144 140 139 146 139 141 139 147 151 203 267 223 156 149 151 205 240 260 330 354 185 157 143.01 145 143 145 142.01 152 145 140 139 136 136 134 132.26 132.26 132.27 149 139 149 148 156 147.03 156 151 155 162 153 155 151 137.02 137.01 137.01 149 143 146 165 164 206 224 228 204 176.01 191 156 142.01 146 143.01 147 153 182 205 188 153 160 145 143.01 143.01 165 161 160 158 150
146.08 146.07 200 147 161 187 150 159 140 138.01 138.01 138.01 138.01 141 144 145 184 203 166 143 149 151 190 200 250 310 309 216 173 152 143 139.01 143 142 159 145 137 136 137 135 134 132.25 134 139 140 149 152 153 162 155 147.02 147.01 156 146 141.02 155 141 151 144 137 143 142.01 148 156 156 204 209 210 215 176 185 175 142 145 153 205 169 168 157 152 161 151 163 143 143 157 162 149 147 153
146.08 146.07 146.06 146.06 169 204 217 182 165 157 138 139 138 140 143 144 164 169 148 140.01 147 145 158 179 203 253 254 211 164 161 148 139 142 139 147 137 138 135 133.01 143 132.24 132.24 132.24 132.24 142 143 143.01 145 156 150 159 147.01 147 158 156 141.01 141.01 150 154 136.01 147 142 151 147 147.01 200 218 202 200 162.01 174 145 140.02 142 140.02 169 171 173 148.02 175 154 158 166 152 139.15 155 160 154 144.03 152
146.08 146.07 146.06 146.05 147 223 288 235 174 154 137 136 134.27 134.27 141 136 138 141 140 142 143 144 150 154 177 215 184 178 162 144 142 137 135.01 136 144 137 132.23 134 133 137 135 132.23 132.23 144 145 146 143 147 150 143.01 150 148 155 145 141 152 148 144 146 136 136.01 139 139.01 149 162 186 192 198 210 202 162 173 140.01 140.01 140.02 145 153 161 148.01 168 149.02 149.01 149 144 139.14 144 144.01 144.02 152 156
149 146.07 146.06 146.05 146.04 173 264 272 207 150 142 136 136 134.26 137 134.26 136 141 140 139.01 140 143 147 148 155 167 211 155 158 145 138 142 135 135 134 132.23 132.22 132.22 132.22 132.22 132.22 132.22 132.22 132.22 132.22 139 146 154 153 149 143 143 151 152 140 148 140 136 135.05 136 136.01 142 142 165 181 190 187 171 194 168 165 146 140 147 150 142 155 156 148 169 150 149.01 168 142 139.13 150 144.01 154 155 146.02
148 146.07 146.06 146.05 146.04 146.03 165 165 212 142 143 138 137 138 134.25 137 135 136 139 140 140 142 140 147 146 154 199 155 143 147 139 134 136 132.23 133 134 137 132.21 132.21 132.21 132.21 133 132.21 132.21 141 143 148 157 147 145 149 142.01 150 153 144 135.04 135.04 140 135.04 136 149 150 153 159 195 169 167 177 177 168 143 166 139 144 159 153 153 159 145.01 153 152 161 149 141 139.12 149 159 146 146.01 148
149 146.07 146.06 146.05 146.04 146.03 146.02 146.01 146 135 136 134.25 134.24 135 134.24 134.24 134.24 135 141 137 139 137 139 138 143 143 153 146 142 137.01 137 140 132.24 132.23 132.22 132.21 132.21 132.2 132.2 132.2 132.2 132.2 132.2 132.2 143 140.01 141 150 152 144 148 142 158 149 135.05 137 135.03 135.03 142 145 146 145 147 163 192 147 155 165 157 157 145 139.01 142 138.04 153 168 159 152 145.01 145 146 144 141 139.11 139.11 142 148 151 157 163
147 156 149 146.05 146.04 146.03 146.02 146.01 161 139 134.26 138 137 134.23 134.23 136 134.23 134.23 134.23 134.23 134.23 138 135.01 138 137 142 137.04 138 137.02 138 161 159 141 132.23 132.22 132.21 132.2 134 132.19 132.19 134 138 132.19 132.19 144 140 143 150 149 137 142 144 139 151 150 150 140 135.02 135.02 137 140 144 144.01 174 157 154 146 151 153 145.01 158 151 140 138.03 147 176 175 147 153 152 140 140 139.1 139.1 147 152 155 167 183 239
158 154 151 146.05 146.04 146.03 146.02 158 220 146 142 135 135 138 134.22 134.22 137 134.22 134.22 134.22 136 139 135 135 136 141 137.04 137.03 142 143 165 150 146 140 132.22 134 134 132.19 132.18 132.18 132.18 139 132.18 132.18 133 143 140.01 146 142 147 136.06 136.06 139 146 149 147 149 141 135.01 149 137 147 144.01 160 149 149 150 140 145 152 162 142 138.02 138.02 141 145 162 147.01 149 149 145 139.09 139.09 147 154 161 182 212 256 310
160 154 155 146.05 146.04 146.03 146.03 193 247 162 134.22 135 134.21 134.21 139 134.21 134.21 134.21 134.21 134.21 135 140 134.21 134.21 138 143 151 139 147 155 160 154 146 140 138 138 132.18 132.18 132.18 132.17 132.17 150 132.17 143 150 149 150 141 144 142 141 136.05 140 148 142.01 151 150 141 139 135 135.01 146 161 146 153 138.03 158 173 134.04 136 136 140 138.01 138.02 138.03 150 152 147.02 147.02 153 139.08 139.08 145 165 171 153 214 245 308 248
162 155 155 148 149 146.04 151 180 250 206 134.21 134.21 134.21 134.2 134.2 134.2 134.2 134.2 134.2 134.2 135 134.2 134.2 148 148 146 147 140 144 165 156 154 147 138.01 145 144 138 132.17 132.17 132.17 132.16 132.16 141 142 140.01 141 145 154 144 144 146 136.04 139 142 145 145 152 138 133.14 135 151 157 194 163 138.02 157 171 181 134.03 134.03 139 138 139 140 138.03 144 155 151 149 153 139.07 139.07 152 164 165 152 199 232 290 303
170 173 184 155 146.05 149 168 185 229 233 134.2 136 135 135 134.19 134.19 134.19 134.19 134.19 134.19 135 134.19 137 146 151 162 147 161 164 156 150 154 146 138.01 138 138 141 132.16 134 132.16 142 132.15 132.15 140 143 147 145 153 141 136.04 136.03 136.03 136.03 144 138.01 142 136.01 147 133.13 133.13 142 168 144 138.02 138.01 163 134.02 140 134.02 144 140 138.01 151 159 139 142 141 139.03 139.04 143 139.06 144 179 149 139.1 144 165 190 242 229
218 196 208 162 153 156 160 172 223 265 161 134.19 134.18 136 134.18 134.18 134.18 134.18 134.18 134.18 134.18 144 175 156 163 163 155 165 176 156 157 143 139 148 140 134.01 138 132.16 132.15 133 150 132.14 136 136 136.01 136.02 140 146 138 142 143 136.02 140 138 147 149 136 142 133.12 133.12 140 183 174 153 142 138 134.01 134.01 135 138 149 161 163 188 139.01 139.01 139.02 139.03 139.04 139.05 140 158 139.08 139.09 139.1 142 155 159 205 198
274 287 258 215 185 167 174 205 236 327 239 150 135 134.17 134.17 134.17 134.17 134.17 134.17 134.17 134.17 139 169 180 155 145.02 148 173 170 162 153 150 149 137 134.02 134.01 134 132.16 132.15 132.14 132.13 132.13 138 150 141 157 152 150 138.01 148 142 145 136.01 137 141 141 133.11 133.11 133.11 143 140 145 150 137 133.18 135 134 152 140 144 159 149.01 158 176 152 139.02 139.02 141 139.04 139.05 139.06 139.07 139.08 139.09 139.1 139.11 141 154 178 188
207 252 321 292 262 207 228 255 295 328 237 161 137 134.16 135 134.16 134.16 134.16 134.16 134.16 145 140 157 166 160 145.01 149 180 209 180 161 148 148 151 134.02 150 142 137 137 144 140 132.12 136 144 144 139.01 152 150 145 141 146 136 148 141 137.01 145 133.1 133.1 139 142 142 152 172 153 145 133.17 141 177 176 140.01 173 149.02 175 158 139.03 139.03 139.03 139.03 146 171 139.06 139.07 139.08 139.09 139.1 145 155 179 161 149
249 246 299 371 297 272 287 345 358 260 211 186 150 134.15 134.15 134.15 134.15 134.15 134.15 134.15 153 148 161 155 147 145 149 197 209 218 162 150 138.02 140 138 146 143 137.01 141 140 141 132.11 143 136 139 158 165 141 140.01 140 135.02 135.02 140 142 140 141 133.09 133.09 133.09 137 137.01 150 146 133.16 133.16 133.16 133.17 159 189 149 165 155 168 146 139.04 139.04 139.04 149 155 163 160 139.07 139.08 139.09 144 142 150 161 173 146.03
314 277 250 306 355 375 305 373 396 279 324 238 167 137 134.14 134.14 134.14 134.14 134.14 134.14 149 135 145 162 138 147 155 177 182 183 156 153 141 138.01 138.01 143 143 149 144 132.13 132.12 132.11 132.1 132.09 133 138 154 140.02 148 141 137 135.01 135.01 135.01 135 134 148 133.08 142 151 137 159 147 135 133.15 154 144 191 205 149 158 155 144.01 145 162 145 140 139.05 179 180 139.08 139.08 139.08 143 157 180 146 146.01 146.02 146.03
400 373 322 308 320 399 401 377 386 340 362 270 193 138 134.13 134.13 134.13 134.13 134.13 138 140 134.13 141 142 137 148 146.01 152 194 166 150 151 141 138.02 139 160 162 143 133 132.13 141 134 146 148 132.08 132.07 164 157 146 139 137 136 135 136 135 133.07 133.07 133.07 145 133.08 161 140 157 139 133.14 151 144 141 148 155 154 144 144.01 179 156 167 153 141 150 152 139.09 139.09 139.09 139.09 158 173 164 146.01 146.02 146.03
420 418 384 296.01 296 318 343 288 373 360 365 268 182 144 134.12 134.12 134.12 135 134.12 134.12 134.12 134.12 134.12 134.12 140 146 152 161 171 169 146 142 138.03 138.03 157 185 149 143 137 136 132.14 141 137 146 147 136 132.06 139 140 141 150 144 134 133.05 134 143 133.06 133.06 133.07 138 139 137 145 149 133.13 133.14 136 136.01 145 151 142 164 144.01 170 150 145 156 141.01 154 142 139.1 139.1 139.1 139.1 145 155 157 148 146.02 146.03
445 455 400 346 299 289 294 263.02 279 341 326 257 185 140 137 134.11 134.11 134.11 134.11 134.11 134.11 134.11 134.11 138 140 149 136.02 155 152 166 153 146 143 138.04 148 174 140 137.01 140 138 133 138 137 141 144 137 132.05 136 135 146 146 136 139 133.04 133.04 133.05 133.05 133.06 135 134 140 133.1 133.11 133.12 133.13 133.14 139 139 138 138.01 146 195 165 160 155 156 142 141.02 144 146 139.11 139.11 139.11 147 142 152 163 162 146.03 146.03
499 509 452 412 378 359 263.01 268 303 370 295 240 188 141 137 134.11 134.1 134.1 134.1 134.1 134.1 134.1 134.1 140 141 136.01 152 144 136.02 141 144 160 138.05 138.05 141 159 149 145 148 159 148 136 141 143 145 132.04 132.04 139 132.04 139 142 133.02 133.03 133.03 133.04 133.04 133.05 133.06 133.07 133.08 133.09 133.1 133.11 133.12 148 133.14 133.15 133.16 141 139 142 153 155 153 170 148 152 145 154 155 142 139.12 139.12 139.12 144 162 158 151 146.04 146.04
468 448 477 407 376 343 277 263 326 324 342 272 217 147 135 134.11 134.1 134.09 134.09 134.09 134.09 134.09 134.09 139 139 136 143 144 147 136.01 138 149 141 138.06 138.06 138.07 142 146 145 146 150 150 157 140 142 137 132.03 132.03 134 136 133.01 134 133.02 137 133.03 133.04 133.05 133.06 133.07 133.08 133.09 135 144 162 138 133.15 133.15 133.16 145 140 158 156 148.02 155 153 154 151 175 162 146 142 139.13 139.13 142 154 156 149 146.05 146.05 146.05
421 386 414 406 440 404 270 248.02 261 316 342 343 218 165 144 134.11 134.1 134.09 134.08 134.08 134.08 134.08 134.08 142 135 134.07 145 136.01 139 140 136 140 148 151 151 155 148 142.01 152 144 145 153 140 137 132.02 141 132.02 132.03 132.04 137 133 138 133.01 133.02 133.03 133.04 133.05 140 142 133.08 136 137 142 154 167 133.16 133.16 133.16 156 139.02 170 154 148.01 159 164 154 166 166 158 148 151 139.14 139.14 143 150 186 163 154 146.06 146.06
419 388 332 358 434 452 342 248.01 248.01 324 283 328 307 201 152 140 134.1 134.09 134.08 134.07 134.07 134.07 134.07 144 137 134.06 139 137 136 135.01 151 147 143 160 142.05 147 143 142.02 142.02 150 148 141 146 133 132.01 132.01 133 132.03 132.04 132.05 140 133 142 147 145 145 142 133.06 147 133.09 150 139 137.01 137.02 138 139 133.17 138 157 139.01 146 148 148 153 158 156 150.01 151 144.03 148 145 144 150 142 178 195 169 159 150 146.07
385 366 353 297 355 398 326 255 248 278 252 292 296 200 142 135 134.1 134.09 134.08 134.07 134.06 134.06 134.06 145 147 145 134.05 134.05 135 143 135.02 136 149 142.06 142.05 142.04 142.03 143 149 156 145 151 168 140 132 136 144 138 146 132.05 133 132.07 144 140.02 140.01 140 133.07 144 162 145 142 142 141 143 148 134 145 133.18 139 139.01 146 139.04 153 148 153 161 163 150 148 144.02 144.01 145 150 142.01 143 150 156 153 156 146.08
310 297.02 297.01 369 260 331 370 261 229.02 229.02 270 295 332 226 172 135 134.1 134.09 134.08 134.07 134.06 134.05 134.05 145 135 140 145 134.04 134.05 136 142 145 148 142.06 142.05 153 153 148 156 150 152 140 137.01 138 129.11 140 142 146 144 149 132.06 137 155 146 159 154 159 142 143 142.01 168 149 141.01 146 145 144 134 153 152 139.01 143 139.03 141 152 158 160 184 169 152 150 144.02 148 142.02 143 142.02 142.03 145 147 150 148
380 297.02 297.02 407 340 257.02 330 346 229.01 229.01 248 271 304 225 186 145 134.1 134.09 134.08 139 134.06 134.05 134.04 147 142 134.03 134.03 134.04 134.05 134.06 136 149 149 142.06 142.06 142.06 150 149 149 156 155 137 143 139 129.1 137 131 146 144 141 155 147 145 145 150 146 149 150 143 173 181 155 141.02 152 143 137 139 166 169 151 139.02 146 162 172 172 176 216 191 170 150 152 150 142.03 142.03 142.03 150 150 153 151 150
383 313 299 414 423 340 257.01 298 337 229 235 250 306 261 169 145 134.1 137 137 134.07 151 163 134.04 134.03 134.02 134.02 142 134.04 136 146 154 153 144 151 148 152 152 150 147 159 136 129.09 130 129.09 138 129.09 139 140 129.12 130 141 144 143 146 139 133.03 133.04 147 146 136.01 143 144 167 185 174 158 149 141 139.04 139.03 147 160 200 259 262 202 249 249 254 192 157 150 142.04 145 153 170 172 185 160 181
