CHESS/lc/geo/lc.slope
ncols         400
nrows         415
xllcorner     874268.138
yllcorner     2671805.4649658
cellsize      300
NODATA_value  -9999
[rows 196 to 223 of 415, columns 63 to 125 of 400]
8.916162 19.80993 8.107516 19.98024 13.31955 5.23683 4.417636 5.846133 3.255169 9.403125 8.51031 5.346614 2.1343 3.731469 7.041134 1.509708 2.406423 1.914665 8.199293 1.01275 6.798333 3.189071 7.161858 5.916967 0.1203374 1.5109 2.478882 5.901392 4.016311 3.150439 3.307539 4.532465 6.120254 7.693801 4.076054 3.038715 1.561435 5.454497 3.542932 1.870462 1.580591 2.833492 2.550853 3.413915 3.694442 4.21109 2.418077 1.555245 1.452845 4.193904 3.020911 1.604601 1.118084 1.781144 2.029359 2.373759 0.5143648 4.020267 2.792238 1.649329 1.169608 0.915025 0.8544924
8.693345 18.79965 12.65819 19.12157 9.536399 9.413875 7.179101 5.770349 7.715678 9.741843 6.822558 2.03859 2.295075 4.930992 8.974129 3.274115 1.682104 6.950086 9.658178 5.538232 5.404559 4.788824 4.390314 7.561587 4.823755 3.172556 1.522536 4.3526 4.050423 3.558062 2.896206 1.797425 3.991709 4.925152 3.17438 5.024354 4.95852 3.322115 1.37447 3.099913 1.696058 1.621248 2.747754 3.430377 3.653975 2.029606 0.6200192 1.771325 2.800429 4.670403 1.623297 1.165147 2.294123 2.42291 2.04639 2.645359 4.699338 5.713811 2.297948 3.33359 3.97061 2.893499 2.251377
6.062098 16.0088 16.20569 14.9428 7.538547 10.62669 8.531625 9.388906 7.713876 7.338333 4.866869 2.44512 4.336609 4.760321 11.40115 1.087232 5.622901 13.19654 9.957031 10.55094 5.098054 5.50111 5.085649 6.060431 5.793144 5.91962 3.035448 2.051495 3.111985 2.456603 2.673991 0.5809199 4.745231 3.965092 2.800206 4.236733 5.70685 5.7342 5.506274 4.766866 2.775452 2.235996 2.381653 1.11981 1.150738 3.889344 5.675554 5.930578 3.21258 3.124646 2.070118 2.006951 1.79007 3.068561 4.226009 2.009484 1.11535 2.292784 1.602492 4.914681 3.281421 3.641034 0.9181449
4.979692 8.98474 10.17633 6.180387 4.230952 7.996307 7.549995 9.075291 9.483203 6.167391 4.192803 5.164863 6.047591 3.074011 11.77822 2.321903 9.062636 12.28953 2.507701 11.89899 1.18198 3.878002 4.212626 3.57982 4.313482 7.096926 2.79686 0.6016684 2.333953 3.201383 3.77634 4.765081 5.887516 3.440232 1.390535 0.4529535 1.377662 2.313481 2.47232 1.533677 0.9512319 0.8580613 0.5760838 2.284072 3.414733 4.487894 3.734353 3.079546 4.078084 1.76606 3.487742 1.87183 1.59028 1.181643 4.453939 1.729243 2.054459 3.903137 2.718419 3.905957 0.7432714 2.851625 1.876107
6.9307 1.58927 5.813369 0.5906882 3.796299 3.379333 7.725149 9.166857 10.06082 10.7903 7.64411 5.616028 5.026258 5.79553 9.40599 1.994631 9.252484 8.529858 6.703446 12.56066 4.61059 5.296749 6.55285 5.687005 6.874125 6.510216 0.6372429 2.127342 1.788252 1.08156 2.316268 1.212467 3.166191 2.153949 1.107319 0.9851333 0.7900578 1.747063 2.355079 1.371297 0.8811223 0.2267839 3.526483 4.597172 3.987012 3.667584 0.4323546 1.528271 1.666955 1.678235 2.766026 4.643255 5.254389 5.244351 3.668219 1.266958 2.891052 3.265612 3.280349 1.742373 0.845039 0.7129065 3.176803
6.627927 1.611512 8.128331 3.023204 5.018546 4.080718 5.252198 7.269539 8.213278 7.854163 9.406702 6.629208 3.733671 5.613224 6.756629 5.427977 8.410055 3.471741 8.149397 10.86738 7.300419 8.890068 8.654475 7.123887 6.558949 3.971204 1.043607 2.549577 3.30214 6.739948 9.821229 9.421475 7.972721 4.549823 1.395006 0.8130954 2.20633 1.043113 1.337136 0.2911285 1.282704 1.626039 4.629688 2.054239 2.553748 3.176814 3.103032 1.491601 1.239083 2.821227 2.413384 2.457534 1.595948 2.013123 1.531896 4.254519 3.436286 2.821227 3.596884 3.556462 3.459903 2.418616 3.603105
5.405705 1.443187 8.63349 2.792506 6.964548 7.646037 5.153716 2.485385 4.414563 2.895097 1.591599 4.837625 4.922308 5.739545 1.507717 7.869406 5.11131 4.769802 8.507857 8.574665 4.318811 4.091593 4.369683 3.763515 2.790278 0.986717 0.8820878 3.57884 3.457686 4.868329 6.189461 5.972784 9.617512 7.556648 4.332035 3.273223 0.9437003 1.637756 1.023057 0.8097314 1.547675 3.3074 3.227102 0.6010908 4.146962 0.9008806 5.481536 1.430186 0.965049 2.550648 2.151382 4.069826 4.07301 3.777619 3.038828 4.465356 3.188584 4.467523 6.824198 6.491616 4.855525 2.63963 1.871131
3.61904 3.885445 8.950004 7.24163 9.697849 8.158633 2.423684 6.708453 10.12814 9.474423 5.818367 1.225082 2.546642 2.612465 3.211278 6.221124 8.856543 9.436078 7.647413 3.979918 4.340481 5.134573 4.736444 2.047736 0.3673256 0.9857143 2.002945 2.520221 3.624081 5.692309 6.244419 1.755392 6.654593 8.008327 5.396946 3.751915 2.188142 1.16891 3.985912 3.857686 1.886708 2.415549 2.373759 4.6568 5.599173 2.447988 4.594922 2.247751 0.5879625 2.674132 1.423834 2.707842 2.600506 3.287254 2.949654 3.722007 2.106829 3.47561 3.607901 5.164863 5.440079 3.864247 2.042438
7.01978 5.703695 5.830309 6.9589 5.987427 2.026093 6.627947 9.844533 6.848083 10.92759 6.89592 5.091753 2.517839 0.5398808 1.957195 3.001671 2.577022 1.857283 0.8987601 2.366285 6.336222 4.445831 6.94111 3.637981 1.306173 2.792503 3.640928 2.504019 0.8757902 3.576302 6.332179 5.854203 3.98262 5.131899 3.614494 3.55375 2.319472 0.3100962 3.936889 0.4696073 2.272808 1.623634 2.968305 3.649146 2.458477 2.437472 3.911269 2.762071 1.284512 1.934288 2.229423 2.125915 3.09756 1.554132 6.423587 4.918199 1.194405 3.771192 4.112011 2.855451 6.958288 4.822308 0.4397256
5.074028 3.85518 3.083956 4.358883 2.723808 6.688829 10.55351 9.677229 3.492588 9.315047 6.507132 6.360537 3.84167 2.542449 1.578417 2.067188 3.10365 4.749359 5.405268 5.463022 6.017275 1.072312 6.920227 2.659467 2.894938 3.550086 4.009996 3.321124 2.550643 0.3442345 3.918686 5.883315 6.008786 5.630938 4.025187 2.222559 2.322521 0.907737 3.46097 2.028732 1.337034 0.9221075 2.451348 3.273443 4.710709 0.6039281 4.483186 3.126343 1.707792 4.864917 5.718794 2.892451 3.123633 2.725329 7.154373 3.974259 3.420167 1.832908 2.7933 6.473986 7.148541 3.956662 2.043051
1.369266 1.689925 1.325504 0.06753723 5.314844 11.71549 11.85905 8.092445 6.854856 8.399269 9.222428 6.943415 3.200407 2.874095 3.236721 3.759017 2.035714 4.550986 4.903792 6.906045 5.138597 5.222928 5.288232 1.286726 2.614456 3.342886 4.233927 2.639336 2.456191 1.343993 2.146128 1.441821 1.933146 2.243699 1.164012 2.049536 2.994425 0.8638982 2.800537 2.975166 2.339975 1.661312 2.361924 3.751124 4.763286 1.656967 5.374775 2.913542 2.502482 3.062723 1.57596 3.38052 4.199433 2.504071 5.783435 2.48219 2.035317 1.013987 4.487219 4.771696 3.86115 1.804321 1.964315
0.001911724 0.001687475 0.538488 2.863657 9.338017 14.93917 13.63632 7.167586 7.861878 5.346719 10.1195 7.568575 3.749141 2.294901 7.370691 6.368269 5.424529 4.152891 3.650196 3.297966 3.287951 7.336281 2.297799 2.03859 1.065918 1.72398 3.274115 2.308909 3.472904 2.168829 3.132684 1.803785 3.647748 1.754094 1.002574 3.483602 2.887951 0.9110816 2.354469 4.063053 2.347502 4.164748 2.688843 3.717093 2.525321 2.292595 4.376057 3.920671 4.341805 3.975931 1.554864 0.7049328 3.354454 3.408271 2.283458 2.569503 1.114512 2.481265 4.360431 3.691154 0.8164934 0.8390434 1.31325
0.001689742 1.887956 4.546074 8.763081 16.29615 19.89322 11.32389 7.905367 10.34956 9.730073 10.29867 6.980657 4.324481 0.4920322 10.80327 4.235213 7.173191 2.749221 2.274345 6.758999 6.063295 3.458155 3.726606 3.665111 1.766705 1.932852 3.33881 2.211012 3.724473 2.594458 3.277234 5.644042 5.419798 3.546509 3.465578 3.703064 0.7544734 2.948933 2.388689 2.867735 3.529093 4.031666 3.0947 2.071338 3.513813 5.242316 3.574419 3.906236 4.406301 2.436175 4.074256 2.092577 1.457713 4.595245 2.031881 3.575541 3.126565 2.800815 3.204564 3.58267 2.660141 1.217118 1.760249
0.4027744 4.681422 7.846113 12.1801 19.47702 17.71243 7.105557 13.84182 10.74062 7.219175 6.103631 5.726525 4.234003 1.839021 11.65654 1.620475 5.519907 6.793718 7.791438 0.7260696 0.4375992 1.801164 4.013354 4.424414 4.056153 1.387666 2.85366 2.497707 3.979775 3.38052 2.654479 1.357578 1.761705 2.760565 2.242483 2.365061 1.751358 2.961861 1.298903 1.065854 4.179586 1.165968 3.136987 1.218072 3.40685 5.773494 2.650257 2.963035 3.348353 1.660399 4.38887 2.540134 4.02012 4.860438 2.88116 4.19187 4.234304 3.018843 2.968576 2.340224 3.32109 3.639957 2.77323
2.192677 8.005607 11.85795 14.82303 19.79403 12.43486 10.55419 16.88967 9.788212 3.862781 6.967437 8.80521 4.688875 5.734051 11.83456 4.579351 4.858121 3.367549 8.73681 2.551852 1.236149 2.112869 1.768315 4.686787 3.367573 1.971619 1.841477 3.796105 2.938774 1.648604 1.540917 3.013282 3.337479 3.513062 4.748166 5.582775 3.510849 4.330666 3.239265 2.092784 1.528256 2.931491 1.931651 0.263428 1.509587 4.392513 3.082863 2.337062 0.7967572 2.496113 4.673752 3.495848 4.424558 2.962886 0.6081125 0.8478966 1.157469 1.432463 2.471963 3.562356 3.626707 3.267408 0.5739325
6.442942 11.68616 11.9036 11.00552 16.71605 8.789272 12.61933 17.62398 12.92389 4.525352 7.089824 8.44334 3.018414 6.440084 10.73963 4.011237 3.311167 4.109808 6.449034 3.433089 1.816583 0.6449922 3.256737 4.355629 2.185395 2.450137 1.981982 2.660611 6.199968 7.65907 6.300127 2.648979 2.294084 3.300229 2.03887 5.103261 1.853491 2.941416 1.173816 1.631036 0.9170274 0.07610697 1.713355 2.698307 5.111258 5.924249 2.863992 3.008857 2.870332 3.329622 4.801602 1.441835 1.603276 1.365453 0.4062111 0.7005396 0.4435721 2.146537 3.004631 5.450641 1.059636 1.603536 3.070707
9.532922 8.216605 6.450836 10.98361 18.6052 10.75943 9.710724 15.72749 14.3592 8.87323 7.165094 3.184013 4.078645 2.494122 11.22461 7.418115 2.729933 6.341469 3.53407 3.26896 0.6701575 0.8115376 2.429631 1.962072 1.69501 2.17077 2.673566 6.645811 9.105939 9.642424 9.719022 4.953713 2.08954 4.246515 1.149733 3.678374 4.3268 0.4388958 3.102505 1.002643 0.673077 1.600444 2.417691 6.049152 7.749127 5.660931 1.910642 3.520405 3.128743 4.306833 3.342096 1.878295 2.548144 3.672404 3.178305 1.774179 0.6440205 0.9382042 2.72101 3.612923 2.092577 0.8242583 2.704209
6.806742 6.598412 5.657154 9.339815 17.73677 11.73864 8.606292 16.19015 14.01263 7.818774 6.983297 2.988595 3.00754 2.640262 7.888526 10.61662 5.380327 5.562468 3.07844 2.532487 1.592134 2.696314 4.814809 6.063765 5.206602 3.730928 4.238391 6.008786 6.362564 3.113464 9.333276 7.52814 0.7765056 4.840815 2.87231 6.525356 7.924038 4.439085 3.559012 1.252653 1.923751 1.939126 2.19925 6.345888 6.406201 4.572562 4.480537 4.437689 4.830627 0.8237962 4.046701 5.446001 4.880726 6.655368 7.860862 6.429611 3.842205 1.66292 1.525647 2.532177 1.231725 2.211012 2.113719
6.195084 7.296649 7.713659 7.688592 14.53707 12.77124 5.407372 15.00036 10.90412 7.843759 7.626606 3.686544 3.348197 2.091336 4.83684 6.2514 2.6865 2.050002 2.957076 4.363314 7.312899 8.069105 6.103446 4.192564 3.721117 3.170676 4.457628 6.538575 6.254831 1.292468 9.256742 7.764002 0.9596983 5.397112 7.917656 5.351774 9.060594 4.100031 3.393189 1.389241 0.6404367 0.2730746 1.360896 4.349342 8.630823 2.1327 7.894043 5.642252 2.988215 13.34168 15.97259 13.02003 9.961915 11.14816 11.91372 11.82541 9.717674 5.759171 2.900365 3.18983 3.396591 2.523813 0.5567974
3.580535 8.89708 9.583437 5.967515 10.21366 9.884233 8.586929 13.69238 9.024556 6.41835 7.834187 4.933413 2.489426 2.414372 3.763309 3.250888 3.847351 3.161052 4.64222 7.099897 8.603657 11.97547 13.33541 12.09276 7.383141 5.795778 2.506463 8.364459 4.700626 2.569503 8.005552 7.482121 1.777164 7.418063 9.463484 3.400597 11.0947 4.245937 2.914099 1.590703 1.181295 0.4831254 0.8006386 3.434938 7.066113 3.319118 6.588673 5.456493 14.61972 20.03321 17.35455 14.9419 13.16189 18.71224 20.32725 20.00998 17.28357 11.78098 5.023172 4.173895 4.075923 1.95274 3.49266
4.231256 8.758238 9.676265 7.49203 7.009409 4.147644 7.200214 10.1015 7.258789 2.919773 6.189824 7.063301 2.720275 1.84039 2.229541 3.659582 8.162073 6.676258 8.23815 8.723096 8.43059 12.05559 12.15765 16.04633 8.847814 7.238211 1.438034 9.064741 3.846762 4.120262 5.927749 7.054559 0.6560299 8.144882 7.688448 1.822838 10.20546 6.7022 2.969028 2.169197 3.458165 3.182705 2.443747 3.221814 4.841187 0.5401738 3.690254 6.78486 18.97266 18.54243 9.968121 9.872924 17.32436 24.52545 22.46403 20.54008 17.51361 13.45667 7.961592 3.128743 3.520083 3.58267 4.736177
4.316104 7.880023 10.24553 7.826165 4.138765 7.590244 5.340605 6.762282 6.183112 3.32109 5.987285 7.050828 3.142958 1.162711 1.097227 7.557358 14.1689 12.56542 13.69627 12.75002 11.19267 10.03895 5.904671 16.52609 8.813804 7.311789 1.302792 10.50281 3.846762 6.050788 6.203315 6.546831 1.653494 7.624356 7.78821 3.018843 7.500575 7.627481 1.91719 4.386406 1.980833 2.92106 2.53039 1.236073 3.454753 2.029674 2.027783 5.494147 22.3145 9.935176 10.37341 4.138765 20.625 19.00312 13.23393 19.51829 19.52893 15.95785 7.754723 5.078436 3.877272 2.571493 3.038902
3.410021 7.242483 10.57378 8.364116 6.268089 9.401535 11.80082 12.05104 10.92034 9.198476 8.4595 5.527612 1.248316 2.528135 4.538289 10.98082 16.05572 12.60048 11.69537 12.50194 10.75837 3.443198 11.22836 15.93596 7.660316 6.426445 2.147809 9.892678 6.407863 5.04456 7.717697 5.754694 2.295037 3.851502 7.996461 3.401931 6.414589 5.198658 2.004773 2.435241 5.091416 3.907277 3.780137 2.521807 3.702196 4.388288 2.769015 6.654597 20.78908 10.50495 3.691154 12.10523 22.049 14.83661 13.22824 19.37228 20.63699 15.64284 10.32296 9.706826 5.543616 2.018677 1.509527
1.920399 5.377665 9.222206 10.08338 8.710815 8.161761 7.310698 9.204081 9.173615 6.19185 3.267055 0.2707711 3.593656 5.876647 9.215961 12.10661 10.9037 11.2025 7.592381 8.218946 9.357698 11.63034 13.02177 12.27172 6.35798 3.894182 5.164922 4.610621 5.891021 5.098054 6.337754 3.459238 2.006356 2.105624 7.874309 2.799192 6.801075 1.451842 3.152781 2.945395 2.569365 3.481463 3.106401 2.400566 2.837331 4.515423 4.15909 7.224043 15.07467 11.74543 10.55048 17.2109 23.39406 12.43997 17.75335 18.86007 16.29292 14.75812 10.95116 11.87616 5.587466 4.822433 4.71706
3.621185 1.632571 5.870668 5.984434 3.452597 3.454719 4.761178 4.259089 3.285633 0.5849868 0.2019 1.813251 5.402795 8.386864 13.77645 10.72315 1.425337 8.854238 15.40169 7.909442 9.254125 11.4173 12.11228 11.90672 8.15473 4.595245 7.096976 4.405203 4.48979 4.327229 4.189998 2.12412 1.245831 4.53116 8.395311 2.733469 6.908742 1.629248 2.01826 3.767289 1.409854 1.962953 2.685444 6.059179 13.73522 14.6782 10.45697 5.060504 12.64751 15.18141 15.00101 18.49354 19.1399 4.95246 22.48021 15.37655 10.13828 11.31075 12.74102 13.54179 2.655651 4.834634 6.912113
4.09354 5.65407 8.620515 9.625813 6.863779 3.931096 6.195622 4.390939 2.129927 2.432591 1.316252 3.556423 6.93599 9.880077 13.34145 5.167617 6.612016 7.634476 16.34052 4.607034 13.17942 10.18994 7.844326 9.747809 8.526737 5.080581 5.389128 7.12666 4.336831 4.055223 7.194864 4.720808 1.659946 5.325583 7.500352 3.890835 8.271492 1.723597 3.116803 3.951904 1.834529 2.334048 6.017606 13.78058 18.13145 10.6299 11.78582 3.674995 10.04486 14.46671 20.06787 22.98549 10.81786 16.08697 24.76216 16.51638 15.05783 15.16443 14.70466 10.59038 3.884683 2.946791 7.907826
2.620249 6.706451 9.95147 9.132966 6.177937 7.862726 3.174133 4.875188 3.725154 2.003297 1.125402 8.741062 11.87075 10.22472 10.08422 3.34306 7.594703 13.10112 15.487 6.473986 15.67278 9.509811 6.409699 8.154312 6.42158 7.321169 3.945476 10.03906 2.805679 2.928684 6.424634 7.806722 1.77051 6.733353 7.240782 2.267903 9.084485 3.039929 4.27045 6.426208 2.026605 2.639336 7.103435 15.18602 10.0408 5.795142 7.59676 4.560208 5.798704 12.74872 23.34291 25.11867 4.420195 24.99751 24.33899 17.26021 15.2575 13.75162 11.48278 4.375806 6.570122 11.66163 16.59704
4.916794 7.196964 8.51083 6.331381 10.04777 11.08074 10.52748 8.540941 5.846212 2.938804 2.839743 11.83661 12.25739 9.624584 9.211857 10.64663 13.34018 15.78196 13.46579 6.964309 16.00506 12.09046 6.822558 3.852219 5.073689 9.533249 6.192452 11.90883 2.362945 4.161065 1.67158 9.617919 1.149138 6.327728 5.853051 2.009354 7.305702 4.396703 3.664535 6.928447 1.7233 2.558196 6.482721 16.75428 7.756212 6.351852 6.43038 13.98825 13.77005 13.54891 21.53861 20.77331 11.09989 25.15035 17.26836 12.18756 11.70863 8.992852 5.49594 1.761413 14.7857 22.48776 17.50627
