CHESS/lc/geo/lc.slope
ncols         400
nrows         415
xllcorner     874268.138
yllcorner     2671805.4649658
cellsize      300
NODATA_value  -9999
[rows 140 to 167 of 415, columns 63 to 125 of 400]
5.352932 4.128085 4.784459 8.194623 8.255358 9.038838 9.118901 9.571743 7.45924 3.981055 0.8803324 3.913334 4.635887 3.012378 0.3820338 0.2942999 1.662068 3.003711 3.061371 2.321718 0.8466815 1.943422 3.755689 4.461064 3.018358 6.090464 7.616537 3.056228 1.370736 3.988587 1.40033 2.362617 2.958477 6.538759 4.115863 3.888557 8.430372 9.002979 6.610281 6.765259 5.496196 7.12 7.602043 6.053849 4.631497 3.896945 5.149886 5.351115 5.104097 1.789154 1.341787 1.731841 1.514204 3.045211 4.401356 7.397624 11.73942 14.02133 13.2361 10.19247 6.425942 5.232844 2.505288
5.632536 4.632961 2.991444 4.820786 3.271515 6.401299 4.724011 2.706571 2.614778 3.913769 3.634202 2.031881 2.463328 2.541815 0.9541798 1.158691 1.240219 3.094716 2.828156 2.734229 2.513631 3.16229 4.84447 5.015964 3.056478 5.45472 7.580753 4.56811 6.447902 6.788819 6.003685 2.505206 5.851515 5.900101 1.781144 8.22569 9.449537 5.6874 3.381862 4.697754 2.972855 4.584891 2.302744 3.763978 2.761593 1.542732 1.424121 6.560282 4.261845 1.612794 2.520785 2.047841 2.773133 1.61581 3.844078 9.212436 9.9837 10.26209 12.89383 14.10506 11.04162 8.097344 8.111148
7.202461 7.488683 4.432458 3.845142 1.889075 4.327229 4.069067 3.05158 4.950972 6.170029 4.623195 2.831164 2.776002 1.946785 1.012771 1.184245 1.076148 1.550732 2.567724 2.203752 0.3800641 2.39949 5.164386 4.754333 5.005817 7.501724 9.383253 7.562025 4.519027 2.416255 5.461608 1.669972 5.536729 2.893993 2.976746 8.224949 6.13866 0.7434862 2.294579 4.328371 1.029001 2.843026 0.9667009 3.150439 3.310138 1.876682 4.895153 4.262826 1.162396 2.230878 2.985111 2.893084 1.554132 0.4404005 1.820338 9.041424 14.62118 9.632108 3.530217 4.006011 8.489151 10.18946 9.171661
3.572369 5.8637 5.302597 4.103744 3.771799 5.552746 6.476682 4.575774 5.284968 5.018887 2.052775 1.844706 1.643859 0.8103542 1.624587 1.426168 1.157291 0.6986642 1.022373 1.04596 1.873656 3.47164 3.01876 1.776344 1.863597 5.452692 5.21838 2.385944 3.797365 7.132244 4.763907 3.514763 3.16795 3.656724 2.905108 5.061834 4.560682 3.448301 1.316913 4.03242 1.729361 1.631526 1.164012 2.690938 3.112005 4.412128 3.723258 1.778215 0.4225181 2.208748 1.621774 2.83769 4.892385 5.105908 2.455977 4.325461 10.96161 13.80828 11.30237 6.021949 6.068023 5.681463 1.19635
2.562636 5.62684 5.589214 2.839491 4.079533 5.407893 7.686856 6.12273 7.419241 5.967985 1.388896 2.732549 1.739541 1.460164 0.3849387 1.741042 0.9208207 0.9222778 2.033398 1.882085 1.227195 4.635097 4.529818 4.57567 4.2798 5.957564 3.233331 3.346957 7.852541 8.035249 4.165106 5.076234 2.465866 4.791508 3.619227 2.673336 2.982128 2.91627 0.1818126 2.838876 2.49594 1.051324 3.997946 5.058405 4.655344 3.613396 2.347502 1.769417 0.2623925 2.112353 1.599449 0.9837016 3.256737 3.237351 4.050074 1.171563 4.955194 10.17357 11.23183 10.85171 1.71471 6.461858 8.175653
6.915347 4.77418 8.569715 6.513241 4.058804 3.507495 6.32039 5.683938 9.119143 7.228444 3.348353 2.230085 0.749927 0.4774538 0.7396273 1.224028 0.9419984 0.8544822 3.753308 2.465274 3.106345 6.664176 6.087883 5.388591 5.915604 2.9028 2.956308 5.11131 7.984161 3.750707 4.750113 3.885445 5.08171 3.175563 5.203466 1.154677 3.305363 2.330161 2.248459 0.675206 1.174244 4.220006 5.559836 3.044875 0.9269881 1.197301 1.965839 1.311864 1.519978 1.891798 1.284742 4.096012 4.390931 3.53407 4.962021 3.180564 3.131644 9.32856 12.65114 9.56744 7.209121 10.48288 11.22199
10.20231 9.157179 9.019729 5.58196 4.10595 8.98371 9.113825 8.421391 8.26274 3.442209 3.178393 2.362232 2.322093 2.456395 1.95961 1.356553 1.489853 1.015886 3.80129 2.614794 1.048361 5.276008 5.576009 5.2308 9.003331 11.52385 9.186959 4.424414 7.650867 3.39141 1.911518 4.14867 4.265176 3.189118 5.332135 0.678876 3.158828 0.3392985 1.504895 0.4121089 3.540642 5.875573 4.6568 1.354015 1.07611 1.746804 0.8866912 1.792118 2.27603 2.255578 3.975781 8.591864 7.375087 6.81731 6.031175 7.290455 9.26619 10.02373 13.26148 8.416656 6.263792 7.784568 11.11926
12.68358 13.92401 10.14927 5.846998 1.320369 8.063246 8.695116 5.523271 3.136897 2.631141 3.591035 2.251366 0.5769035 0.727653 2.203254 2.235414 1.759678 1.715325 1.665218 2.969475 2.382367 3.955368 6.387274 7.118275 7.253945 1.863597 6.821329 6.619421 7.09376 4.491374 3.442209 2.195781 1.013313 4.979162 5.13524 1.52167 3.062713 0.5813125 1.691486 2.163946 3.625144 3.267175 3.971941 1.056794 0.1500822 1.080304 0.9049452 1.029554 1.012009 4.432085 6.471562 7.367449 4.248335 6.121813 9.19804 10.34171 10.02853 9.256087 11.56616 8.742329 7.940146 13.13811 12.59845
5.03098 3.66721 9.440111 12.30769 9.729679 10.45003 12.39762 9.036582 4.954169 1.616267 2.03887 2.073656 1.551316 1.334314 0.7945372 0.7794051 1.965752 3.001919 0.7187016 2.602153 1.846415 2.792079 4.950181 8.317089 11.69224 11.62143 7.106264 3.280349 4.902987 3.250633 0.9830638 1.424521 2.864984 5.722596 5.959385 2.961209 1.717822 1.910642 2.913542 3.609629 4.327229 2.862802 3.243642 1.61521 1.861201 2.98434 3.557801 4.496366 6.729689 8.588282 4.38887 2.206119 5.346087 3.400764 1.742373 0.1350472 3.992986 6.74613 10.45753 11.64243 17.59796 21.1368 13.51285
3.36666 3.664337 9.359364 12.85715 7.205559 7.194399 8.259318 8.061181 6.7202 4.029174 1.655262 1.798382 1.028236 0.7576231 0.6548469 1.737019 2.692302 3.784362 1.842676 2.664168 1.280959 2.543712 4.731405 6.066542 7.350404 8.447953 11.11323 12.97031 13.85978 12.04632 9.125525 7.534039 5.5236 3.00246 2.828608 2.732301 1.910566 4.051586 2.971445 2.806691 5.675916 5.652478 6.312222 10.00423 11.67988 10.7838 10.38807 10.56286 9.244664 3.885445 5.75831 7.546889 7.864959 9.638258 8.150648 5.490047 5.564188 6.72345 11.90672 16.91484 20.30308 16.21289 7.919293
7.963311 6.204382 4.921956 6.79463 8.7343 5.781155 3.411921 7.502951 8.97582 4.607034 1.650026 0.9808713 2.674807 5.153112 4.719824 1.932852 1.193012 3.148465 2.963852 2.402461 1.187029 1.586768 4.380487 4.2137 1.933382 3.414048 2.937796 3.610967 6.435034 7.281575 4.547031 1.794655 2.752922 2.604585 1.093356 1.480581 0.7653888 3.694383 2.44828 1.676776 2.377349 7.371307 8.796307 11.40765 12.89627 11.06096 4.012366 1.437256 4.048189 9.192711 9.127291 3.817044 3.371496 5.82803 7.587603 4.846481 2.39949 1.479427 3.379848 7.36374 5.745625 4.850556 5.459588
12.62555 11.44585 11.36155 10.14065 7.350176 4.866009 3.862781 8.094913 8.131855 3.970735 2.433283 1.671335 4.930633 4.485707 3.553431 2.961682 0.8117784 2.541948 1.621142 3.980035 5.515928 10.113 11.83107 9.064597 4.160883 3.868642 7.389292 9.820787 11.90002 12.72716 10.8224 8.203892 5.684718 2.039193 0.4596235 1.814664 2.666444 3.84274 2.5018 1.72398 3.233654 1.242132 1.582089 7.014429 1.814388 12.116 10.51744 12.05149 14.04437 11.88241 6.81299 5.583634 4.715652 3.095911 5.088642 5.241456 4.171047 2.56441 7.138323 9.467721 6.963347 4.279884 8.108315
10.0488 11.77639 10.75119 9.251984 9.171842 6.278192 7.735909 7.103435 7.305912 4.187226 0.4805713 3.379543 4.635555 0.9795805 4.710829 2.272913 1.50492 1.10447 5.996078 9.516845 10.63326 13.05325 9.674507 11.14267 6.271522 9.755022 12.5905 12.32013 11.2418 8.558864 4.809177 3.159615 5.283008 6.784497 6.353394 5.229722 4.83937 6.185289 8.793732 8.444238 6.905883 4.293635 4.432585 9.487025 14.38721 17.46514 12.95741 11.12247 8.691161 2.956715 1.146717 1.790388 3.342479 0.7967572 2.521266 4.48873 6.563098 8.197059 3.843816 6.085762 8.38891 8.60732 7.088248
4.078839 2.089312 2.82505 1.909749 3.27983 8.490259 8.293872 4.648057 7.198382 5.578835 7.3916 8.003228 6.628211 4.114901 5.224223 4.250066 4.217507 1.524722 6.024147 6.157614 6.454917 10.8048 4.812346 14.3215 5.242854 11.04323 11.73203 8.329671 6.990254 2.733469 0.6086277 3.071609 7.167586 8.00281 4.271906 6.106723 8.071502 9.140864 10.13785 10.1783 8.284311 5.011238 8.05057 13.71552 17.30333 15.52477 10.56657 5.242854 3.018207 3.489264 2.64852 0.9194742 3.046664 2.947072 5.240488 7.094233 9.13767 12.97972 14.51505 13.36589 9.254601 3.501669 2.468861
3.017338 5.242854 7.327308 9.657651 9.043655 7.370248 6.599175 3.274115 3.566778 8.534948 12.82395 12.1223 9.446571 6.847756 6.354893 7.245635 7.107761 2.262882 4.246387 8.826378 10.8762 10.3172 4.83902 14.74493 2.188032 9.575881 11.40158 8.138388 1.165968 2.692627 3.087831 3.350853 7.7717 12.22687 5.127062 6.126425 9.277466 8.424283 6.001023 8.852304 6.222189 9.629145 13.08432 12.07677 8.290843 6.751396 3.488832 3.395422 3.988871 2.782907 4.933624 5.968644 6.347036 5.439664 5.550394 4.729999 4.888929 7.566 9.138755 7.646792 4.722205 2.891036 2.780456
3.188228 7.773345 11.36139 10.50453 5.73408 0.2025703 6.217319 5.916079 5.051599 6.893001 8.057806 5.726525 7.494557 6.177937 6.003269 6.941724 8.760883 5.704592 1.574398 4.429919 13.58376 11.57105 6.692167 10.98598 3.614494 8.421391 8.274873 6.874485 5.715417 1.998279 1.286726 1.930495 7.414884 12.84637 9.207049 6.562066 5.947615 2.705848 4.372145 7.893691 7.11443 9.518183 5.51325 3.997215 0.761403 2.050285 3.999272 4.793184 0.8441747 4.27437 4.266134 2.272693 2.937808 4.41866 4.762688 2.861016 2.35763 3.775608 4.065073 3.902658 3.618883 3.482506 2.744256
10.90342 9.862933 7.987839 3.433795 5.392402 7.330731 10.39101 11.89153 8.884356 8.125358 6.322253 2.362954 4.996017 9.318117 11.01424 10.31471 9.992246 9.606492 7.928778 1.95039 10.14303 13.338 6.592299 5.695702 10.91979 8.590793 5.016301 2.464943 4.887768 7.140825 11.05081 12.96959 15.28581 15.87125 11.81229 6.688503 2.652328 0.4591019 3.604329 6.206699 5.598569 0.3392985 2.903826 4.645611 1.134412 2.823731 2.075532 2.177834 0.6949036 2.942181 0.498202 1.413219 3.134957 3.833444 2.97852 1.485244 1.938656 3.069828 1.474085 2.517657 2.302354 2.738487 2.123955
8.407901 6.734125 1.206203 7.685366 11.13529 14.82236 12.2801 12.61675 8.047053 3.938005 4.296138 5.632237 10.86836 16.4741 17.89037 19.57104 19.4537 17.43472 13.492 5.396427 4.224268 7.370853 10.88269 13.3824 14.07244 9.339344 1.059485 3.051766 3.280349 4.656315 7.173424 9.969439 14.25418 12.22753 6.262958 2.190377 0.8920987 0.8294678 2.117548 2.965544 2.281904 1.923999 3.682545 4.402216 2.415808 3.805151 3.094575 2.144881 1.756066 1.339741 2.014162 2.466152 2.343492 1.959686 1.769132 2.623484 1.943042 2.550939 0.7889856 1.411914 1.342434 1.68431 5.826139
3.292263 2.703499 5.867916 10.67926 6.70378 8.017472 7.700161 11.01374 7.960267 5.660931 8.835576 10.87335 14.93713 17.51502 15.78734 17.21606 15.13609 16.31193 18.28504 7.062202 6.103423 11.42998 19.07478 15.386 8.002501 12.28329 9.719022 9.423738 9.488531 8.386534 7.238856 10.18635 10.02951 4.272602 0.6834643 0.481263 0.7686154 0.9256006 0.2460711 1.693961 2.573751 5.495743 5.519743 3.124919 1.704054 1.655572 3.016961 3.051405 3.684237 3.475823 2.25785 1.965132 1.181363 1.432923 0.9556047 3.379878 1.219036 2.389193 0.6829265 0.8702041 0.9546037 0.3437722 8.610505
3.253251 2.511616 6.90789 9.864891 9.767415 14.95581 17.02794 14.07938 8.842508 5.917219 15.59476 14.03823 12.67146 11.50444 6.985218 12.52385 11.73827 14.28099 17.36339 6.685055 9.499603 14.26806 19.61046 8.558023 13.72248 16.3877 10.00051 8.81875 11.56336 12.2729 11.92797 11.79815 6.555207 0.8810368 1.21562 1.2374 0.8262913 1.209582 3.588717 4.218915 2.96379 3.544484 1.232002 2.3105 2.106667 1.585268 1.932399 2.498258 1.985424 2.104775 1.219456 1.811097 1.921252 1.830285 1.185829 2.700601 1.149437 1.40452 0.6785387 0.3649043 0.5906857 0.2874309 6.877583
0.9220209 2.042684 5.754093 6.963666 7.202461 6.748037 6.58561 7.091954 4.72391 12.43503 13.77557 12.8294 9.783114 4.94288 12.72339 15.63658 10.09159 8.578165 12.56664 7.419884 13.90497 15.90603 13.46328 3.318869 15.12169 14.73207 9.287069 5.306739 5.612422 6.370912 6.144646 5.076045 0.3054863 3.689 4.081937 3.366412 2.629998 2.554475 4.228996 2.828607 4.012039 4.909637 2.191843 1.58829 1.954713 1.654216 0.9212792 1.558215 1.226572 1.082359 1.95917 3.516828 2.27274 1.057398 0.5018933 2.073842 0.6213055 0.611057 0.5136549 1.195483 1.486402 1.097435 2.638665
0.9015378 1.003232 4.253167 3.742842 3.299494 2.081673 2.296536 1.601049 7.794414 12.71131 9.02535 12.57078 10.87261 11.79302 14.10588 10.99408 5.679384 6.380864 9.615457 8.333926 9.300153 9.388263 9.630855 10.62375 11.40367 10.50619 9.378125 8.90706 4.233384 2.948089 3.024415 1.539566 2.519637 6.866651 5.409454 4.763879 1.62084 0.7457818 3.143838 4.923521 4.137545 2.673991 4.052116 1.509772 0.9831886 1.822154 0.6230637 0.8773769 1.431826 0.8024578 1.077083 2.416775 0.7284675 0.2394609 0.5055372 1.344145 0.5264546 0.6785073 0.458333 0.778309 0.8461438 0.5048625 1.898782
1.222497 1.124151 2.832858 3.038435 3.102776 1.117575 2.291523 3.944104 9.020472 9.869596 6.749032 9.971853 8.213278 11.26992 10.87855 8.806282 7.834896 7.101313 4.922287 1.432891 4.691485 10.56858 12.09525 9.794537 8.305356 7.502135 8.481128 8.903528 5.172586 2.336734 2.192824 2.139302 3.894901 7.625937 2.263134 5.494659 0.9527384 1.548398 1.105202 2.173352 2.210065 1.613355 3.974453 1.986611 0.6858384 1.765134 0.9281065 0.1969795 1.121778 2.069613 1.524914 1.408886 0.8773559 1.184368 1.739211 1.885336 1.132592 0.6522143 0.3959471 0.8196874 2.078602 1.45425 1.210672
0.8436477 0.1360638 1.185915 1.234664 3.02231 1.540407 1.93609 4.430458 7.54315 10.58798 10.69735 12.18739 12.35901 11.1328 7.838655 6.238936 8.576617 8.779339 7.006938 5.62824 6.74165 7.759097 9.768088 9.694897 11.19456 9.897964 6.82944 6.89724 4.621677 1.563236 2.079725 3.300597 3.831838 3.93792 5.378013 4.887652 1.47016 0.6225135 2.161927 2.537533 1.131113 1.124658 2.617465 2.294834 0.4355909 1.517754 1.545146 0.2766083 1.12057 1.452314 1.330055 1.456736 1.22505 0.9252917 0.6728435 2.110445 0.9452463 2.335758 2.686661 3.141273 1.299289 0.9649078 0.7379783
0.9136533 0.9831706 0.8546124 2.040679 1.63712 3.289748 1.046656 4.131323 2.66782 6.363621 10.22493 10.15637 9.295655 7.835819 6.55473 6.034525 9.270821 7.868731 6.474678 3.13961 4.547404 4.370147 6.806802 8.856792 9.740318 9.156701 8.885275 6.84725 3.415955 0.742842 0.8457521 3.281604 1.146737 2.635026 4.051908 3.647126 2.247721 2.050202 0.4320908 2.135296 1.250495 1.5518 1.256996 2.725107 1.127586 1.100269 2.455166 1.194562 1.389021 1.097949 0.2133145 0.393491 1.320084 3.085459 3.384797 1.112507 1.95267 2.490536 0.4774538 1.351557 2.872904 2.172834 0.6161286
1.256303 1.056041 0.5765096 1.462878 2.426238 1.252054 2.186616 3.439055 4.298876 4.786772 7.008453 8.198209 6.706117 5.89324 7.644318 8.394718 9.730299 5.915034 5.758644 4.788824 5.445872 3.700968 4.133259 6.136474 5.830081 3.479879 1.591707 1.464371 3.487841 2.849038 1.518252 3.56554 0.9787541 3.575488 1.924206 2.059693 1.581808 3.542663 2.911857 2.269909 1.923999 0.7025036 0.7161599 2.306901 2.210076 1.063876 1.261095 1.113848 1.218523 1.609271 1.692047 0.9108182 1.923377 1.326222 0.7427194 2.414429 2.971445 1.318469 0.9267179 1.312773 0.6211962 1.806568 1.557739
2.174697 1.298167 1.483429 0.969995 0.742933 0.8951667 1.228177 2.155654 2.314809 1.115331 2.538567 6.296745 7.059196 3.05065 2.594379 4.042731 6.242981 3.824755 3.456023 5.148243 4.189998 2.869738 3.878018 1.701769 0.9916508 4.527034 8.797282 11.01251 10.03293 8.00036 4.160923 3.917061 2.781674 2.431605 2.237124 4.583918 3.657912 1.087085 3.408291 3.844531 2.827752 2.110199 2.05172 1.991916 1.417967 0.4206213 0.1738736 0.7156433 0.6298674 0.5778237 0.8489593 1.725303 2.806793 4.178719 4.435254 3.461947 1.359043 1.021948 1.267101 0.3475954 2.090271 0.2522767 1.883733
1.829874 2.068405 2.057053 0.8078431 0.6666237 0.3815379 1.203878 1.464449 1.01275 1.247305 1.68283 2.967038 5.388591 5.089972 2.396644 5.587603 8.642385 7.610532 2.787787 2.853506 2.26669 1.383416 1.627278 4.772079 6.33252 10.22808 13.70444 11.68859 8.967735 9.95488 3.679311 1.277843 5.259557 0.9789987 4.112446 4.766604 5.557281 3.083931 1.219119 1.057333 1.080991 1.151161 0.2032468 1.016389 0.9147136 0.7441304 0.9257844 1.536811 1.626747 1.889844 1.558656 0.8093755 1.709923 3.0518 2.485976 1.642714 0.7454314 1.258535 1.454774 2.228138 2.395648 0.9317503 1.890036
