CHESS/lc/geo/lc.slope
ncols         400
nrows         415
xllcorner     874268.138
yllcorner     2671805.4649658
cellsize      300
NODATA_value  -9999
[rows 168 to 195 of 415, columns 0 to 62 of 400]
3.272902 4.689318 7.024058 4.243861 5.176807 7.615507 6.411798 8.306156 6.298081 4.896421 5.019449 3.786209 2.404485 2.692265 6.869461 2.550184 4.854279 1.484039 2.082766 6.926249 10.42266 5.789027 3.293297 14.78278 11.79009 3.127291 2.805464 1.79054 7.931273 7.006932 7.075474 6.821575 3.170375 4.142436 5.049587 2.503136 4.904201 6.044939 6.911708 6.783095 6.33085 7.2377 5.54067 0.9997286 2.485385 3.661552 5.386918 5.526837 3.567375 0.9655215 1.950606 4.201866 5.755812 5.352932 2.263636 3.008857 2.673991 1.219596 2.953387 1.828754 0.7709675 1.737295 2.264595
12.39106 11.20577 8.537831 3.378183 4.844733 10.59323 5.434382 5.665103 5.915794 6.893001 7.852328 4.105151 1.781093 1.388307 7.127099 3.4575 4.220006 7.317027 2.028518 5.060635 7.576589 8.074595 12.7184 13.83065 5.538342 4.207602 5.426269 2.594887 9.206437 11.73645 6.072648 10.60653 9.136042 7.599406 7.662179 0.2750259 6.667374 7.643881 5.164863 5.55852 8.596906 12.57197 9.308194 4.826053 2.956308 2.300767 3.821495 5.953094 5.978189 4.09056 4.286992 4.504193 5.573485 6.628127 7.268618 6.870336 4.27237 2.597882 2.142409 2.369991 1.870924 0.2160771 3.116093
9.345996 10.83136 9.321836 8.060865 9.675658 11.41258 7.289537 5.659937 4.414051 6.554218 8.031932 4.883392 4.494447 2.322264 6.334193 8.181823 7.97184 6.957244 6.910414 10.97961 12.09423 13.83356 8.264136 3.715615 2.102341 3.616899 5.502692 4.699415 8.955234 11.81821 4.911727 3.677462 7.422846 7.119529 8.759658 3.718529 4.198905 10.54733 9.04073 4.41341 9.69733 10.2267 8.637011 4.103744 2.967811 4.043151 4.797894 4.555102 6.720204 7.746112 5.222928 2.376631 2.269909 3.672681 9.145503 12.84633 10.76534 7.641769 4.006011 2.176527 2.265747 1.156255 3.379349
6.280603 8.752117 10.73743 10.24952 10.06099 8.381249 4.5918 4.118613 5.445975 8.51759 10.395 7.244446 5.298443 7.046035 4.305607 10.97175 12.97562 8.801766 7.933077 10.52629 12.44187 8.841992 4.930992 2.582006 3.973099 1.560084 5.718321 5.421114 6.962162 11.88256 10.38807 4.997823 7.580042 6.389994 5.895432 5.688587 1.476283 6.098758 9.150305 10.23608 14.7454 7.347445 7.20765 3.318869 1.991434 1.637266 1.118084 0.8803324 1.826892 1.558522 3.445668 3.699589 4.586013 5.738199 6.940919 3.553272 5.829958 8.878266 6.737666 3.171986 2.580338 1.35009 2.594231
5.180883 7.50451 5.353248 10.54072 7.639634 1.756061 2.700159 0.2159166 4.086604 7.624854 11.39627 9.790955 4.796834 8.358816 8.813804 8.556278 8.321153 9.676208 8.809212 11.69581 4.837375 6.548521 2.847754 2.415252 0.5808411 4.011339 6.86354 5.012485 2.769036 8.269585 9.261734 7.632733 7.303295 4.388537 2.986736 4.253526 3.273717 1.31345 3.307467 8.843652 15.72438 10.65199 10.14238 6.02894 4.53583 5.260882 5.899816 7.490469 9.797372 10.06467 9.153697 7.091623 6.18281 8.415603 10.20065 9.10675 4.628202 4.70987 7.276671 4.180263 2.356655 3.046307 1.885921
5.118587 8.263076 5.228968 1.902284 4.221733 1.853024 0.9826462 2.698946 5.589717 6.059875 6.515821 10.23486 8.306757 10.52396 10.85461 6.63401 5.63131 9.659568 9.741538 6.00252 2.619239 2.953425 5.134404 7.046211 7.448028 7.803782 3.760943 2.333255 2.120317 5.813576 5.598871 6.345888 5.726525 2.45633 1.367825 4.316951 5.166336 6.936109 4.800774 4.727723 12.11327 12.81682 10.87907 8.040705 8.845317 9.259119 8.534008 8.082564 6.347533 3.507365 1.337545 2.083258 2.887356 3.206866 7.787996 7.388227 5.885607 2.782907 5.427331 5.257346 4.745231 3.906381 4.08092
6.314088 4.367688 6.160745 5.136621 1.923993 5.767269 9.004276 6.808108 8.320553 9.693029 9.852765 7.653703 7.357378 13.11176 12.203 5.91521 2.356414 4.558493 3.850333 0.7948674 2.970386 6.092692 2.408983 4.18104 5.227224 4.30384 3.053777 2.954056 3.743988 3.336955 1.917777 1.327252 1.676776 3.111061 2.574917 3.381808 4.055036 4.218773 5.362983 0.3739153 6.206929 10.9172 8.515409 6.323762 6.748783 7.512744 7.195872 4.326053 1.928407 5.397545 8.599061 10.53541 8.505836 5.307801 4.161947 5.764792 5.62484 1.134773 2.488586 3.97023 4.822542 2.896532 2.236335
5.473202 2.143874 2.506114 2.545722 4.422241 7.14856 4.193238 8.406122 14.64714 10.21644 12.67213 15.79968 16.26727 14.34946 9.376542 3.654126 1.643332 1.357158 0.2575648 3.170647 3.701311 6.547745 1.718442 3.275899 4.860926 3.445814 4.203521 3.545672 2.611846 1.015559 1.249447 2.485738 1.361924 2.938874 3.709228 3.040396 2.605746 2.400836 4.058464 1.459697 1.740126 2.630563 4.883305 3.964733 3.474782 2.956032 1.72439 7.547062 9.527353 10.17406 12.09179 8.695751 7.565631 7.506143 5.232054 3.17155 5.789457 3.924319 4.528722 4.125753 3.895927 3.443198 2.243445
5.478678 4.657926 4.130141 4.663589 2.113407 11.42166 13.54844 13.7484 16.25606 13.47553 8.250387 8.958567 8.423758 5.379699 2.321437 4.186989 2.401815 1.248992 2.566776 1.193489 1.953276 5.233367 1.29313 4.619308 1.661646 5.349189 3.237357 2.896323 2.988162 2.256056 2.5065 3.101707 2.477527 2.443812 2.172373 2.997849 3.03707 2.480051 0.6195046 2.007371 2.814011 1.396137 1.760186 1.158935 2.113451 1.198452 5.060176 11.13026 8.994753 6.444491 7.186249 3.518471 5.908762 7.952309 8.102699 2.251382 6.799505 7.347672 5.368484 6.555158 5.015401 3.95365 0.9288301
3.642927 4.644307 9.139659 7.040024 11.95993 7.195233 14.13307 12.95293 10.38602 10.77089 8.569327 5.374671 3.242067 0.5142316 0.9139902 3.413464 2.241752 1.383309 3.795165 2.806942 1.830628 3.241755 3.801652 4.238738 1.01275 1.806613 3.359652 1.836378 2.68661 1.996122 0.9318578 1.173137 1.479573 4.205643 4.469585 3.413085 1.879882 1.240041 1.568225 1.215761 2.204 2.743024 1.191237 3.074259 5.335499 4.91701 6.930876 8.927526 6.805937 7.063692 7.157924 2.925603 5.08332 6.492997 11.64382 2.708883 6.720171 8.387656 1.791659 7.381735 4.928817 3.847793 6.378404
2.707662 2.911346 11.83803 3.898979 13.13196 14.87334 6.805487 7.720628 6.728109 11.67254 9.157961 5.485533 3.008668 4.1127 5.733592 3.995396 1.347759 2.77981 4.029174 1.911536 1.546051 4.703149 8.155003 6.431957 5.380327 5.379804 5.963748 4.816701 3.601565 3.500841 3.286433 2.256917 1.742987 9.71691 7.181795 6.844594 2.324042 2.716361 2.591218 2.206233 3.556462 4.43329 4.386659 6.514506 8.136207 12.40751 10.95314 1.189819 6.603484 8.917939 8.979597 7.58364 6.489545 3.785744 10.50329 7.378993 8.411457 10.36957 3.537919 10.19503 2.681418 12.19852 15.06255
6.132348 4.662256 11.80483 3.528289 11.49947 16.60994 9.160124 6.521102 11.81076 11.75203 6.696848 1.802743 2.46402 4.702861 5.964839 5.236429 5.085867 4.150345 3.921621 9.732834 9.778576 7.345548 6.991853 6.109514 5.524926 5.030687 7.62515 11.30328 10.37767 7.014077 4.32569 3.377922 1.43267 11.16519 0.8803324 6.434048 3.103968 2.255834 2.21384 4.496406 6.122455 5.084207 5.07577 7.71849 7.805965 4.950522 5.22633 5.527018 2.331552 4.541424 10.09093 11.51584 7.076974 5.019 10.14782 14.56138 16.94857 12.38471 8.067788 9.021929 11.40077 15.706 13.2381
8.2813 9.796494 8.894103 1.711054 10.23273 14.31101 10.65521 4.955307 5.356193 6.50472 6.621028 3.124145 2.490412 7.273172 2.338795 1.565229 0.5970197 3.242424 9.167816 7.377732 7.34198 2.414843 7.914849 8.373713 6.724568 1.973062 7.692868 10.45169 10.06593 7.133864 3.492588 4.80606 2.540045 8.66146 5.76167 2.806489 6.021483 6.775505 5.923672 8.434529 7.769124 6.805569 6.495153 7.482432 3.02917 6.053267 9.296051 1.836847 6.263791 9.866481 11.3058 9.307958 5.144738 4.560682 7.327155 7.232148 4.519227 5.407893 8.645967 6.687398 16.29943 13.45636 8.362593
10.31958 9.066299 6.038247 3.043942 11.53663 9.800186 7.778228 9.603331 12.39755 14.26336 11.54304 1.494987 1.102177 5.515063 4.865773 3.197612 6.087166 7.505474 5.904724 5.323805 6.420127 1.223644 14.23228 8.928776 12.32059 3.441405 8.074873 0.9842221 6.09903 9.844533 10.16963 4.752701 3.496704 5.412137 2.424243 3.601925 9.674904 6.215875 8.086682 11.13148 8.795741 8.478713 8.444238 6.619421 5.004253 6.559861 2.326846 4.033501 11.18347 11.42001 5.406764 5.324123 8.16839 9.366685 3.675612 3.727822 9.855594 11.22428 2.690558 16.3063 19.29334 14.82187 10.42281
6.855264 7.277591 9.616713 1.57596 12.77199 7.469615 6.989994 5.291534 4.777212 14.45238 14.84984 8.838118 6.255818 5.083357 4.087158 1.601049 9.583322 10.39274 9.21815 6.000565 6.344149 6.814603 17.80156 5.050036 12.90803 2.764061 5.820791 3.981055 7.519487 11.56331 14.68873 7.416876 2.1984 4.243063 3.793884 3.944472 11.54673 5.560646 4.906784 7.474312 5.517561 9.2982 9.646965 7.303295 10.96248 5.406486 1.991823 7.30747 16.25249 11.14068 9.552255 3.007257 7.074518 13.80534 5.642616 9.867598 7.180191 2.592625 14.53553 21.71949 19.04134 13.05145 7.322435
1.250814 4.173895 12.35264 8.340704 13.45404 8.399269 5.172849 1.85659 3.680879 9.917196 9.119807 4.939225 4.877248 5.124862 4.044691 5.302597 12.07112 9.06946 7.237396 6.51023 7.678534 8.062915 12.32725 5.065982 9.346408 4.400708 7.937277 6.374623 1.237998 11.66108 10.68229 4.648209 4.372224 4.138229 5.974195 3.375313 12.1322 10.82213 9.06946 7.958592 7.154492 8.976341 6.552166 10.09484 11.66893 3.69331 4.229577 10.91962 16.52393 8.284245 9.474167 7.593544 10.5354 13.92526 1.232002 9.411655 6.393105 8.959549 18.17668 23.25372 14.09378 10.7616 12.72683
7.400062 5.82803 9.518875 12.64177 13.85198 10.49379 10.09809 9.278118 10.20831 10.67549 6.761169 4.623322 6.009645 5.298959 2.433513 9.797532 10.87755 8.942173 7.295782 9.474219 7.887132 5.563378 5.600881 1.751496 6.984097 6.281943 5.186973 2.77391 10.86011 13.32679 11.52933 6.863562 0.07519165 8.15078 8.661162 8.313358 13.11302 14.61347 12.79797 14.04231 11.47752 6.844816 11.82825 12.98435 5.854537 4.831829 6.200374 12.43749 12.7004 6.257341 4.318441 11.11607 14.57437 8.479888 6.024746 7.196173 1.883415 11.49996 19.59202 22.44816 10.45003 15.96055 15.98871
10.49083 10.08769 10.66646 12.62289 9.281911 4.284535 4.796834 9.148874 6.832387 3.536322 3.60397 3.83941 6.442297 2.641041 5.362449 7.690334 9.774147 10.27314 9.229409 10.0056 7.629232 5.963748 6.166572 4.232858 4.299296 4.112011 5.080101 7.627481 9.862933 8.885909 6.958288 1.452673 10.15901 15.11352 12.93344 11.03087 12.96541 11.67766 8.6514 5.767425 7.242554 9.928727 17.09792 8.631375 4.617325 9.691729 11.32393 13.2103 12.67575 9.345996 9.418661 12.02633 9.933798 3.511534 7.416537 5.835358 2.056188 13.34875 19.31054 18.69398 7.029067 14.53175 17.94518
9.315283 7.708754 3.89415 3.847793 5.467278 5.305996 6.70887 7.791636 8.359015 3.296648 5.080828 4.767907 5.365696 3.943707 7.815699 5.858551 5.512208 13.21454 12.77468 3.458155 6.420358 6.545924 10.94942 7.773202 7.643881 7.305815 6.86416 7.340328 6.387363 7.221252 4.164701 7.19488 13.31473 12.63387 7.882491 7.799125 5.898482 6.963666 11.32981 9.773698 6.147339 12.22267 13.46469 9.791235 7.683381 9.799739 11.17601 13.27778 14.31383 11.9286 10.25613 5.936273 3.862781 1.804006 7.565558 11.6939 5.381545 13.29542 20.96935 19.2085 12.93027 14.62257 20.57763
2.77739 3.000542 1.634342 3.910543 2.227519 3.039754 4.550261 8.359942 5.117551 9.479424 8.632159 4.964162 1.556372 9.696998 11.21021 11.3444 8.653634 5.913039 13.62015 6.221468 2.524195 9.523432 7.302684 12.03945 11.43589 8.026331 4.243639 2.422835 6.36279 10.16845 4.550758 9.33188 9.506635 7.908669 6.161292 1.992291 5.150652 7.163302 7.99535 10.25591 7.714741 14.76384 16.66147 14.33427 9.416268 10.29432 10.53353 10.01199 5.468262 6.89519 6.380512 9.888942 10.88892 7.016419 5.498756 10.45527 10.74703 11.63257 22.55613 18.30545 13.2608 5.984715 18.97787
9.76646 5.944501 4.739592 4.644945 3.007604 3.917475 3.042823 10.28722 8.118751 1.603366 0.5772986 2.746235 10.98171 15.6293 13.50893 11.46881 15.45202 10.74562 9.367331 6.222855 5.42434 7.906983 3.318869 14.95831 13.90892 7.102492 5.301164 12.50397 10.61269 13.10348 7.526248 6.976413 6.979976 9.965816 9.988522 8.419089 3.64666 10.11042 11.58075 16.19798 11.2847 10.8474 12.22306 8.624263 6.103446 6.936892 7.226591 1.217118 8.980579 14.12415 15.08992 14.40176 11.17248 11.10009 13.51159 3.167151 13.04351 7.202306 17.97726 21.13732 22.29429 5.869256 19.51008
10.57563 7.350859 10.84708 3.84556 2.298264 5.224883 5.131509 3.802664 8.430197 2.975987 4.316092 6.627939 13.13659 11.94031 9.632564 10.16675 14.31675 12.30451 4.67708 3.93858 8.709923 10.8483 3.050092 16.86039 13.39328 6.112178 12.17678 11.07017 11.5209 9.554807 9.043716 8.433626 4.435646 10.90634 9.633133 5.48584 13.24347 10.9759 5.026075 12.9746 13.18328 17.81894 15.67705 4.612917 4.283875 2.32853 4.133839 10.09944 10.95428 8.530444 9.376515 6.721053 4.393377 8.323282 15.24731 10.96819 9.531041 10.90412 7.014429 11.85125 22.29969 8.945565 18.32931
11.2079 3.271341 13.8188 5.572402 2.928033 2.752823 2.059693 6.431957 6.506539 0.9523452 5.202762 7.827869 13.50893 14.27478 11.96685 8.596519 9.694897 11.41484 9.24874 4.15603 8.217851 14.0965 4.118201 19.21532 8.123719 7.581217 14.4087 3.731924 14.44257 5.346614 1.588912 8.854371 6.561723 4.433723 6.521492 9.196424 16.74522 5.937976 9.880077 16.96185 17.6147 13.56002 7.986595 4.782806 6.112545 1.298622 3.695911 6.165662 5.322218 2.452356 3.143282 3.069098 3.062723 7.253869 13.69569 16.02991 7.673743 12.8876 12.68564 7.618793 19.1126 12.87582 11.36193
12.39931 5.090304 14.03812 6.764348 9.24491 8.697005 7.345983 3.575941 2.374579 2.342643 8.034217 8.221644 11.84352 13.91732 7.58364 3.46651 5.115501 10.55806 12.74349 11.72583 7.684394 12.81424 5.742216 16.98582 10.08725 9.920729 5.758644 7.230142 8.563516 8.758742 8.333062 8.044225 2.203797 6.781858 9.231974 10.17105 12.63083 8.166149 12.88927 10.92747 11.5878 6.901044 2.09237 4.771696 6.874485 3.581879 3.348143 5.33237 7.066773 3.398832 1.489631 1.782097 4.375967 8.089358 12.90081 16.65256 13.15652 2.881787 6.842937 5.151637 16.93139 17.16679 12.75136
7.118824 5.933907 10.11761 5.352614 3.688613 3.93113 9.517047 5.006211 2.459043 4.296144 8.275352 5.546052 9.979697 15.344 7.917095 4.504695 3.031981 7.010605 9.941014 11.54304 9.336281 9.933137 5.359242 13.02177 9.71445 5.150652 5.453002 7.4323 0.5273622 5.346087 14.40543 11.10155 0.9088398 10.88402 12.02633 8.811234 2.544829 9.50045 7.341748 1.817108 5.926263 4.029686 3.700395 4.215982 4.052103 2.214354 1.863902 1.0178 6.176885 4.755963 1.102736 1.930495 5.862933 11.76339 17.44098 18.55288 8.177551 8.588989 14.92184 13.9281 18.08677 20.27782 18.05004
3.656595 10.70085 7.198276 4.045419 2.018677 5.273443 9.12846 3.963387 0.5378131 5.188252 10.98404 7.899742 6.857466 11.32265 8.144998 10.2476 11.02929 1.498928 1.236156 2.834486 5.239305 6.561733 4.688715 10.65281 4.74285 6.321543 10.70167 8.406122 9.999033 7.936997 8.722146 12.39316 3.062167 13.1873 5.885129 6.328636 10.48652 7.536386 3.689339 3.818351 6.836739 7.320157 7.960425 6.576736 5.615429 4.885458 6.301731 4.839487 8.719401 6.866579 3.7316 2.7291 8.098409 16.44375 19.69332 11.40911 3.513633 7.487121 9.339344 8.836576 7.842625 14.82461 12.40276
1.755392 7.524078 5.356193 4.010345 1.357259 4.376132 8.57437 2.582967 0.00190881 4.996119 13.79628 5.854461 3.273647 9.943831 8.21753 6.155459 11.11565 9.805441 9.920342 6.749612 2.499982 4.185539 7.657773 15.12128 15.02693 15.79428 14.56551 9.783787 9.08767 12.18719 11.32277 8.903034 0.5238711 8.689591 10.78753 12.13313 9.163 5.086924 8.305159 5.377935 5.137753 9.5757 9.20546 7.393732 6.456219 4.20819 0.7616575 7.111605 10.33057 5.376976 1.383967 5.795142 10.04227 19.06619 16.20304 4.805302 9.232867 4.221213 6.142316 14.15656 10.08265 14.91124 18.55312
10.00281 1.628899 9.929443 10.42705 5.903743 7.51385 4.935254 4.265691 2.426937 3.768554 12.95967 9.51431 4.53022 4.276277 7.062044 3.07844 6.59909 10.87316 9.430035 10.13197 10.19396 12.46476 15.50904 16.69489 14.04137 11.11458 9.733753 7.089427 4.869752 5.804944 6.77503 5.493029 3.408023 5.387779 6.383674 4.889277 2.45445 3.195402 8.558503 7.945041 7.024933 13.40825 11.6879 8.459956 6.465325 7.320075 10.50002 9.252162 6.900701 6.347386 2.989268 6.821944 8.391353 18.81502 13.09778 9.109653 10.11821 12.84123 9.903329 14.24802 13.46438 6.901349 12.06538
