CHESS/lc/geo/lc.slope
ncols         400
nrows         415
xllcorner     874268.138
yllcorner     2671805.4649658
cellsize      300
NODATA_value  -9999
[rows 364 to 391 of 415, columns 252 to 314 of 400]
1.002455 0.001687166 1.094415 0.8594463 0.6210038 1.660853 2.036096 0.9535519 0.5239368 1.105212 1.816971 2.558828 0.4392084 0.911431 1.346128 1.949515 1.473905 0.5977449 5.826913 2.345277 3.785583 2.666891 8.156012 9.760902 6.910414 9.393355 13.93369 17.31889 17.51453 15.02555 7.740438 2.580319 1.282736 1.691648 0.7883746 0.1387945 0.7434709 1.563628 1.842404 2.276505 0.5527714 3.040994 2.575027 1.18823 0.6837932 2.035664 0.7457818 1.586761 0.4065398 2.359342 1.856412 1.656596 0.9066052 1.966012 6.188946 1.256085 3.99628 4.310815 2.369376 1.705864 3.798743 0.7049328 2.517882
1.059744 0.001350248 0.9807093 1.04401 0.4100576 1.059794 0.8460583 1.40769 1.208986 1.542276 2.59954 2.513968 0.886138 1.580591 0.9853681 1.633241 1.013527 1.591884 4.779528 3.684508 3.4091 2.263576 7.60916 5.381374 6.009253 8.167236 6.790431 4.803892 4.685462 5.881454 3.1765 0.9289405 2.018677 0.8439855 1.11349 0.8626809 0.7698426 1.367825 1.237998 3.657163 0.2707686 2.376054 1.760249 1.426008 1.182809 3.825715 3.527338 3.367108 2.839103 1.695715 3.182123 2.157253 1.555765 1.765983 5.440876 3.030036 3.480095 2.017763 2.348577 2.060274 5.621638 4.042857 4.971977
1.393642 1.276711 0.1961481 1.205544 1.041775 1.38773 0.6764238 1.502892 1.312391 1.394479 2.295293 3.6828 1.298237 2.748799 1.041952 0.7364029 1.995424 2.498508 2.520589 1.121777 1.968118 6.478902 5.97786 0.6520217 4.401093 2.921523 2.832079 3.237352 2.627064 3.003451 1.853491 1.056944 2.660932 1.785686 1.811162 2.167686 0.9468363 1.949643 2.865745 3.291689 0.4797409 2.852336 4.514347 4.62533 2.457755 2.745647 1.686613 0.8439855 4.108717 2.732978 2.269052 1.064605 1.829707 2.660761 3.186982 2.882489 0.7965736 1.484493 0.8621539 1.824798 4.262295 3.109188 2.7933
0.9765069 1.851815 1.750013 0.2163656 1.00868 2.644504 4.377008 3.447204 2.561345 0.6834099 1.343883 4.86972 3.527807 2.548624 1.11349 2.189555 1.179085 2.043051 0.805293 2.178523 4.008899 6.147511 5.061415 5.720433 5.257766 2.928622 2.369054 2.613191 1.01275 1.850375 2.057238 0.4390255 2.072609 1.683512 0.6056659 2.251749 2.425282 2.416613 3.227992 2.58622 0.6799232 4.15074 4.750876 1.202106 1.620665 1.292027 1.752056 1.540886 4.201061 1.586646 1.690598 2.291326 1.504813 4.216431 3.171227 2.502168 2.364869 2.759193 0.7157938 1.939025 4.448183 6.870336 6.661875
1.629388 0.3830642 2.137627 0.5802612 1.938723 2.779764 3.065412 2.454626 2.812959 1.122153 0.6119118 2.842793 2.840271 1.804006 0.665858 1.68693 2.369683 2.714067 1.387666 3.517182 4.507831 7.447504 6.669968 4.396723 3.138149 2.100446 1.696037 1.476283 0.4443414 1.362627 2.106937 0.675206 2.172463 3.859015 2.961452 0.7028933 1.404031 1.112258 0.9865455 1.305168 2.36932 4.731992 2.927415 2.514267 2.171797 1.404131 0.8909985 0.8116359 3.37819 1.589944 2.118419 2.193356 0.8539454 3.520814 2.344307 2.272703 2.151365 0.47198 2.85366 1.102322 0.2721948 2.716248 6.260478
0.7094584 0.8706578 1.699952 0.648407 1.372496 3.649295 4.954079 2.022619 3.287951 1.204988 1.089521 1.003851 1.329179 1.977072 3.102381 2.473646 2.463356 3.922812 0.553986 3.648991 0.9269881 3.122386 4.481294 3.810508 1.837999 1.073289 0.7853768 1.012976 0.7399681 1.220007 1.993147 1.013313 1.995715 0.886138 3.385643 2.245604 1.582505 1.06482 0.03894975 0.2636817 1.194226 4.765313 4.000676 0.622111 0.8443094 3.158177 3.232952 3.191964 3.517182 1.973062 0.8303739 1.074202 1.957386 2.70053 0.8942152 0.7222146 1.237391 2.442142 1.900788 2.641631 2.734134 2.486905 2.149947
1.163866 1.109668 0.8031823 0.8100874 0.001687166 1.170695 3.742606 4.068441 2.977098 1.408433 1.004358 0.9838014 1.171811 0.5573708 0.9656637 0.9966932 2.042059 3.598933 2.440535 3.395639 2.113353 0.9168037 2.194139 3.629967 3.32109 2.795739 1.664987 1.297237 0.9551045 2.233923 3.040396 2.298904 3.102543 2.424258 2.853095 1.034362 1.707273 1.592899 0.8868664 1.185424 1.326206 3.061027 4.789767 0.6951652 2.540358 0.9667009 2.534982 3.263936 2.865595 1.284247 3.452815 3.735112 4.475235 4.996469 4.667025 4.450076 2.766609 0.678003 3.97895 4.493799 4.167345 4.403559 3.869488
0.781467 0.6981854 0.8840172 0.5844844 0.001350248 0.4277569 1.29859 1.856708 1.653173 0.3785765 1.302235 2.063469 1.581009 1.68863 2.391866 2.648185 0.7578251 2.443074 4.063715 2.724904 2.287132 1.114318 1.603906 2.413548 1.518628 2.171556 1.12479 0.5056725 0.416786 2.588268 2.057205 0.6844609 1.943318 2.446959 1.721006 0.7904967 2.462471 0.2592324 2.22655 1.80641 2.098667 2.81411 2.772882 3.437662 3.899557 1.930749 0.3199697 0.6692049 1.634231 4.011 1.951784 1.711054 2.613586 2.136964 3.309298 5.973361 7.11989 5.243443 2.933543 0.6392667 0.2018966 0.2921572 1.098274
1.057938 0.8026447 0.3260125 0.2548125 0.529404 0.6989741 0.4939253 0.001910267 0.3946723 1.181706 1.772892 2.9566 3.173657 1.090049 1.637705 2.336883 1.498967 1.906343 2.644233 1.56538 1.793564 0.3112297 0.6048343 2.863263 2.630899 2.430333 0.9455842 0.4055873 1.355613 3.104711 3.258828 1.835461 0.7376676 1.882543 0.7819257 1.787228 0.9511859 1.755068 0.4001771 0.6123879 2.449603 0.4654635 2.291643 3.118304 2.0229 3.155088 1.066185 1.196159 1.772348 1.527049 1.52581 2.910031 5.43307 5.004732 5.760562 3.566491 1.721668 7.249714 5.329255 1.328522 1.369356 1.915305 2.5115
0.4467165 0.8885894 0.6080295 1.081331 0.7272851 0.4338995 0.9362962 0.08914196 0.00190881 0.8787599 2.118905 3.71045 1.197301 2.777041 1.545168 1.478137 1.2488 0.1937492 1.585176 1.02851 0.3589209 1.761865 2.549641 2.789356 1.981505 1.153493 0.616017 0.09573177 1.090622 1.826892 3.181813 1.280787 1.902567 0.4677978 1.361123 1.251864 1.885853 1.329579 1.428485 1.715152 2.807083 1.431 0.8531978 1.749409 1.444349 2.558302 0.8243688 1.528569 3.308053 4.234195 2.770385 1.113572 2.558387 2.407183 4.645894 6.445447 5.785918 4.344077 6.285469 2.564229 0.4698266 0.4231369 2.395928
1.105648 0.2861598 2.876168 2.389252 1.327252 0.7208297 1.433455 1.292318 0.5283597 0.6216536 0.940775 3.043998 3.697137 2.857495 1.645079 1.369117 1.157555 0.161247 1.421945 1.204855 1.932451 3.775487 3.908671 3.069934 2.435474 1.299368 0.9012092 0.5020981 2.329473 3.34729 1.72437 2.828351 4.095236 3.853565 1.073191 1.267923 2.350813 0.5018537 1.442159 1.711772 2.196146 1.147522 0.3529336 1.685819 0.7139807 2.05228 1.398702 3.50226 2.826332 1.622942 0.788289 2.445046 3.478266 0.9418655 1.689628 2.645582 5.239413 1.591034 4.765312 1.457096 0.3778892 1.046676 1.588109
0.6867115 1.552889 2.93324 1.556433 2.004815 1.001984 0.09016021 1.012477 1.036089 0.5823105 0.3363106 1.0703 2.263895 2.574482 2.544339 1.955564 0.9676792 1.071329 1.899364 1.149791 2.911963 4.417303 2.679146 1.993307 1.555633 0.964979 1.171417 1.694929 4.271397 1.477656 0.6743467 3.153112 0.6194304 5.231481 1.477138 3.552173 1.413595 1.055123 0.6154729 0.3913107 1.881927 2.421745 2.562216 1.774522 0.5888278 1.750589 2.554853 1.513815 2.260479 1.587567 0.9527867 3.463652 2.720947 0.3105333 0.3633082 2.694011 4.915862 1.600693 4.454916 2.076096 1.284494 2.527279 2.114311
1.088423 0.5599821 3.07418 2.731211 2.082882 1.242459 1.670638 1.244652 0.9617755 0.5576621 0.3299885 0.368831 1.041105 1.062104 0.5901495 0.2863484 0.1928302 1.471796 1.083076 1.218235 4.410882 4.613819 0.8463722 0.8712244 1.509135 2.071882 1.34473 2.677457 3.677055 0.516908 1.348275 3.090981 3.050211 3.82842 1.457014 3.378984 1.717035 0.6425225 1.271118 2.766389 2.458277 2.610482 2.267058 1.884956 0.9422256 1.593342 1.1939 0.5075842 2.620398 1.81311 2.993881 1.814664 1.880427 2.160052 1.086541 2.489363 5.098828 4.146962 2.082253 3.405591 1.483586 3.887526 1.220903
0.9039176 1.84537 0.5965922 0.07398473 0.99665 0.7738781 0.1563001 0.2640894 0.5244899 0.03446372 0.7286175 0.6201799 0.2545392 0.268429 0.2985824 0.1603736 0.00190881 1.004313 1.805505 1.303605 4.648641 4.629813 3.25833 1.304704 2.084383 0.2264803 2.67569 1.678208 2.056205 3.592115 1.586065 0.8465883 1.133459 2.299583 0.8188534 1.752707 2.506108 2.82714 1.875478 3.382416 0.9061525 3.120558 4.023934 3.252043 2.236214 2.46283 0.9469328 2.330405 4.318872 4.406358 3.584885 3.201095 2.92478 0.487003 1.24338 0.5886771 2.021078 3.584252 4.081059 4.448755 3.744386 5.016981 4.528283
1.684818 1.506844 0.8476365 2.621865 3.519993 4.833462 5.758583 5.25474 4.156972 2.948567 0.878416 0.08237949 0.05942067 0.4625285 0.6540983 0.4625293 0.001910267 0.001910267 0.001910267 2.185311 2.841018 2.90875 2.385782 2.975589 4.567029 4.923713 3.968633 2.600913 2.231814 1.444686 2.630433 1.206943 1.409914 2.556788 0.2425223 0.4769772 0.6070158 1.978168 2.846515 4.526127 3.412868 2.896736 3.583026 4.122908 2.950586 2.970558 3.729989 2.129881 4.181135 3.047969 3.567112 1.633932 2.439833 0.8807485 0.704286 0.2554371 1.469618 1.123736 0.8439855 2.858036 2.397845 2.93503 5.757914
0.927738 2.18092 2.051055 3.524611 3.631393 5.033926 5.084207 4.071059 2.438622 2.894573 1.317985 0.9045973 0.6243291 0.6378404 0.001688608 0.656011 0.001910267 0.001910267 0.001910267 2.081255 2.141531 2.190351 1.919432 0.9061527 0.3183985 1.060797 1.720742 1.593206 1.992022 1.884008 2.712626 1.460069 1.249792 2.801722 1.562598 2.568141 2.923828 2.496975 4.262045 1.196098 4.089438 3.13988 4.774786 0.3072162 1.600693 0.1427619 2.926947 2.573629 1.890328 3.150439 4.380079 3.305353 2.401149 0.695102 1.208497 1.014661 1.781962 0.6688991 2.722987 1.859743 0.9817769 1.451999 4.431335
1.432828 0.7928399 2.723671 3.499502 1.385612 1.750521 3.040396 3.776453 2.707117 3.113637 0.1248845 0.9121479 1.292444 0.5070989 0.09621134 0.4178756 1.5536 1.6589 0.8345358 0.83656 1.731799 2.877252 3.778102 1.512128 0.8875521 1.371152 1.090434 0.5438765 0.7069429 1.333875 1.923168 1.410318 2.511418 1.523422 2.530763 2.9753 3.859497 3.202744 1.519303 3.850333 4.153063 1.110194 5.007563 3.58708 1.665924 1.030417 1.181498 3.050836 2.785132 1.708058 3.466039 4.100667 1.885659 1.690547 0.5098478 2.22808 1.789122 2.057483 3.237059 1.571739 1.168407 1.647541 3.464209
1.619948 1.425938 1.778183 2.162499 3.226862 4.138098 4.094768 2.21846 1.092349 2.895072 0.1873856 0.6203847 1.147745 0.2840004 0.001687681 1.891842 2.803379 2.440636 1.419013 0.3285019 0.7693881 1.668771 3.40278 4.102748 4.051446 1.19635 2.698319 3.069317 1.871104 1.79626 0.9276521 0.6648418 0.7276754 2.400489 2.22898 2.630399 1.351591 1.31821 2.44047 1.695084 1.294152 1.658408 2.000875 5.506876 4.10135 3.320975 3.212365 0.9806501 1.888539 1.237869 2.112977 3.114842 2.911139 1.967829 0.9611094 2.128748 2.463665 1.93105 1.68818 1.169477 1.029977 0.9464993 0.6721274
1.590959 0.8510848 1.272956 0.9218853 2.446189 3.335902 2.958754 2.547483 2.722427 2.005985 1.290506 1.006324 0.1358927 1.551041 2.817463 3.041476 0.2559323 2.372704 1.291343 0.5105796 0.001910267 1.220252 1.62753 1.518928 1.799843 4.977462 2.667181 5.178141 2.977726 0.2650317 0.6429785 0.5588834 2.13906 2.728124 2.345263 1.494576 1.098035 1.824979 1.424521 3.997521 4.57886 4.534973 2.637368 1.463087 3.03332 2.696158 4.177482 0.8998435 2.402038 3.646448 1.971538 0.1971524 1.797368 1.95674 1.539407 3.523142 3.759761 1.331536 0.9651687 3.510205 4.74957 3.431642 1.302128
1.4594 0.3718659 1.253231 1.703252 1.135084 0.9071059 1.290245 1.813577 1.738056 1.655417 0.2045759 1.842953 5.124463 8.110068 6.958683 2.72673 2.652859 1.748942 1.237274 0.3956783 0.00190881 0.8322209 1.532027 1.399362 1.316576 5.978424 1.555962 6.355196 2.412395 0.2854203 0.756482 1.406732 1.779563 1.00754 1.705967 1.243087 0.6206802 3.902148 3.908555 4.012366 3.8597 4.483432 4.882953 2.976601 1.6343 1.83482 3.930347 2.70114 2.668476 2.106197 1.451842 0.7497898 0.7435322 1.235963 1.277843 2.884545 2.719296 3.815412 4.118613 4.172132 2.749428 3.450721 1.339774
1.871216 1.529388 2.111808 1.566109 1.365608 1.479651 1.274488 0.6410192 2.504766 3.028866 1.558554 1.983024 8.621521 9.88829 9.241806 7.469923 2.927181 0.768563 0.8240459 0.06146166 0.001910267 0.06146166 2.689393 1.301064 0.6449922 4.012366 3.884719 5.127117 1.307995 0.09926955 0.6815762 1.482295 2.276901 1.658521 1.920154 3.405672 2.959447 5.119137 2.817802 1.57596 3.100158 2.571064 2.728565 2.665078 1.831453 2.624229 3.306201 2.475071 1.633088 1.708351 1.244917 1.992593 0.6794125 0.5896047 1.558522 3.233363 1.698265 7.155406 4.624661 2.688826 3.33864 2.614621 2.004619
1.090309 1.59505 1.686931 1.432216 1.93145 1.519303 2.008611 1.685601 2.603227 1.426623 1.992891 2.514863 8.811234 7.364725 6.350216 8.454953 4.558241 1.571509 0.09555559 0.001910267 0.001910267 0.3298521 2.961907 0.5917736 1.240717 2.867658 2.610891 1.07108 1.130601 0.8757161 0.2359981 0.5962613 1.480382 3.374763 3.781829 3.089803 3.434638 4.579477 4.332193 1.688954 4.011189 0.8653187 0.8355723 2.807298 3.344074 3.426023 2.625952 1.174244 1.494362 2.384275 3.439572 1.874558 1.199013 2.401309 3.122775 3.709155 1.210078 7.876949 4.540438 3.414082 1.667242 1.169383 2.002728
0.7457818 1.253088 0.4111121 1.465505 2.63226 0.6225135 2.052775 3.087644 0.6493946 1.216688 1.946932 4.144505 4.898265 5.955831 6.306268 8.165524 5.338778 0.3803039 0.9707521 0.6002654 0.001910267 0.4683864 2.638792 0.6808813 2.235439 3.108967 0.9101969 1.615748 2.340083 3.179228 1.514725 1.218249 1.772112 3.76536 1.029494 3.748599 2.391288 2.702431 3.979918 1.269912 3.595684 0.5823327 1.138992 1.223661 1.318616 1.194196 1.593206 1.314749 2.474841 2.324375 3.49778 3.125112 1.350697 3.894182 2.025205 3.176793 1.558887 6.842895 3.670056 3.024856 3.260586 3.066155 1.630296
4.400194 5.232523 6.524436 5.753782 6.424496 7.063388 6.079854 5.388317 5.547564 3.263391 2.239639 2.465866 4.118063 3.003568 3.624205 6.896257 3.360609 0.8550609 0.276993 0.8507823 0.001910267 0.3325536 2.063361 1.807647 0.9485263 5.141967 3.303134 2.800183 0.9642054 1.913557 0.9404856 1.76809 1.857644 2.092577 2.328188 1.661202 1.335141 1.95695 3.072932 2.663265 2.698426 1.096126 1.448301 1.424049 1.7969 2.807217 4.075923 5.285674 1.406821 3.810062 2.658081 2.597768 3.946768 3.678913 3.158494 1.265301 2.312847 4.891923 3.774952 4.687149 2.519263 0.5064147 0.8798667
4.126987 5.529281 5.79291 5.770934 7.148872 8.052022 5.886059 2.976539 4.145597 0.86466 0.6656188 1.548465 5.321553 0.8003249 6.897541 5.875065 1.676352 0.6242365 0.9886693 0.6029656 0.00190881 0.00190881 0.6367235 0.9004238 2.224087 6.099556 2.086561 3.896019 2.064004 2.359063 1.529624 0.6060087 1.545859 2.124635 3.095133 3.449567 2.934577 1.924087 1.65683 1.025954 1.825328 1.767608 2.729892 2.594804 1.478973 1.553003 2.647669 4.308586 5.473692 2.548624 2.876184 1.293789 3.387711 4.274621 4.313771 1.992121 2.672418 2.31555 3.581879 0.7881289 2.1997 1.360268 0.5254352
4.426458 3.005647 3.728886 2.870332 1.760249 1.370346 3.502479 3.528276 4.755885 1.312304 1.208072 1.449188 4.030928 5.954415 7.553036 3.51699 1.208 0.2998826 0.06314945 0.001910267 0.001910267 0.001910267 0.001910267 0.001910267 3.896492 5.26989 1.105789 3.207334 2.593031 2.546797 1.834409 0.6198755 1.217109 4.175398 1.856903 1.899158 1.737177 0.2646379 1.194691 0.5031677 0.5972314 2.208269 3.327553 3.201464 3.272451 2.818471 3.633728 1.563344 3.978848 4.929383 3.694981 2.071789 2.43792 2.034249 1.954298 1.569981 3.251543 1.042684 2.251255 2.864084 1.360561 3.02917 3.94978
8.081191 6.215875 3.809467 1.704054 1.492074 1.889979 3.451504 4.355388 3.302955 2.310825 2.269097 5.802698 3.596544 5.242854 3.178033 1.742432 1.066407 0.2778016 0.001910267 0.001910267 0.001910267 0.001910267 0.001910267 0.06146114 3.126416 5.275635 2.12816 7.117177 10.50499 8.863297 2.219927 1.11994 2.799736 3.294365 2.385944 3.031516 2.741858 2.172918 3.101916 1.931556 1.011174 2.57342 2.594375 1.23167 1.71471 5.730256 2.704167 1.944096 0.9225033 1.888882 2.393558 1.981948 1.661359 0.8204622 0.8858975 1.073875 3.234923 2.031344 0.6524585 2.649008 3.200619 3.738448 1.292027
12.51732 11.17756 5.418192 2.462867 2.892804 3.294675 4.424057 3.058271 0.4119155 2.151381 2.899931 4.326024 2.746533 5.764012 5.484109 2.919348 0.5352496 0.09757115 0.001687166 0.00190881 0.00190881 0.00190881 0.00190881 0.08882893 2.363965 4.467832 6.121355 6.741391 4.248809 9.136324 5.791552 1.059982 4.605243 6.157456 5.15511 4.877843 4.053707 5.264548 4.828813 4.617244 4.071204 1.465559 0.6945105 2.567786 2.474841 7.237006 1.729585 0.4776929 2.025666 1.724687 0.5618914 1.199279 1.351254 0.9403647 0.3763468 1.342562 2.645582 4.092445 0.4867214 0.4829842 1.958275 0.4836682 4.925496
